#Time(Gyrs) | Rgal(kpc) | Xsat[kpc] | Ysat[kpc] | Zsat[kpc] |Xhost[kpc] | Yhost[kpc] Zhost[kpc] |Vgal | Vxsat | Vysat | Vzsat | Vxhost | Vyhost | Vzhost |
0.000000	279.190306	23.809360	272.962378	57.611016	-0.152910	0.781922	0.245205	101.214381	4.407948	-58.809360	-82.498005	0.080637	-0.252564	-0.055740
0.100000	271.573594	24.221860	266.770086	49.298713	-0.130772	0.777210	0.237975	106.080111	3.836522	-65.085291	-83.728524	0.108197	0.004393	-0.048046
0.200000	263.476915	24.575131	259.933297	40.869427	-0.128671	0.783574	0.234120	111.133617	3.220806	-71.713020	-84.831214	0.049487	0.146215	-0.114781
0.300000	254.875049	24.863475	252.413797	32.338295	-0.128386	0.808268	0.223575	116.653537	2.535324	-78.752590	-85.765091	-0.053986	0.366385	-0.082356
0.400000	245.735941	25.079562	244.166970	23.721981	-0.132382	0.861193	0.210074	122.528338	1.768727	-86.277425	-86.540570	-0.030437	0.652710	-0.209184
0.500000	236.023129	25.220916	235.112928	15.043545	-0.148287	0.927202	0.198779	129.020276	0.869093	-94.396305	-87.136326	-0.100434	0.943810	-0.213636
0.600000	225.722054	25.257830	225.240191	6.312263	-0.162038	1.038039	0.174560	136.060820	-0.146040	-103.174828	-87.432032	-0.153670	1.312769	-0.283373
0.700000	214.795878	25.187244	214.449451	-2.430238	-0.178091	1.172054	0.142914	143.697319	-1.291891	-112.775166	-87.339203	-0.169464	1.623748	-0.387790
0.800000	203.193053	24.993025	202.656426	-11.136827	-0.196335	1.344184	0.101239	152.087349	-2.629763	-123.236207	-86.689638	-0.098695	1.983895	-0.410547
0.900000	190.873314	24.653603	189.768892	-19.743074	-0.184255	1.556768	0.053365	161.152892	-4.202412	-134.698216	-85.290026	-0.112230	2.328860	-0.572227
1.000000	177.818965	24.142030	175.678130	-28.161918	-0.211053	1.798110	-0.014978	171.285336	-6.084355	-147.347556	-82.890131	-0.140222	2.814004	-0.702300
1.100000	163.937109	23.423985	160.250357	-36.271389	-0.221641	2.112033	-0.097771	182.517743	-8.346162	-161.457008	-79.014046	-0.125287	3.295968	-0.901302
1.200000	149.202307	22.454591	143.327072	-43.895184	-0.219840	2.476798	-0.209958	195.194310	-11.146195	-177.309181	-73.057123	-0.051646	3.834592	-1.191531
1.300000	133.607552	21.171270	124.724287	-50.781334	-0.245933	2.876160	-0.330215	209.606402	-14.652888	-195.067107	-64.053001	-0.077534	4.422845	-1.393909
1.400000	117.087353	19.492370	104.247987	-56.554816	-0.235807	3.359731	-0.502991	226.030183	-19.114470	-214.782728	-50.481757	0.077535	5.127611	-1.894175
1.500000	99.763076	17.305391	81.717372	-60.645835	-0.213873	3.903426	-0.723080	244.579809	-24.879251	-236.003898	-29.865596	0.317186	5.743681	-2.616179
1.600000	81.911478	14.450547	57.051291	-62.130484	-0.182538	4.523832	-1.005782	264.694470	-32.345838	-256.152863	2.283125	0.482850	6.429598	-3.707766
1.700000	64.478596	10.763113	30.809233	-59.611290	-0.125582	5.193170	-1.449937	281.369888	-41.046514	-265.924986	50.671619	0.632492	6.672866	-5.205793
1.800000	50.014273	6.287134	4.829769	-51.663094	-0.043564	5.853977	-2.061676	282.928233	-47.680999	-247.832912	107.603832	0.840257	6.224700	-7.064397
1.900000	43.326909	1.435946	-17.831276	-38.771819	0.029747	6.380762	-2.868883	263.285370	-48.331569	-203.224737	145.341779	0.735071	4.886029	-8.286214
2.000000	47.081114	-3.258177	-35.811732	-23.434178	0.114473	6.810266	-3.720685	236.143355	-44.866338	-157.780240	157.748095	0.643686	3.458281	-8.669036
