#Time(Gyrs) | Rgal(kpc) | Xsat[kpc] | Ysat[kpc] | Zsat[kpc] |Xhost[kpc] | Yhost[kpc] Zhost[kpc] |Vgal | Vxsat | Vysat | Vzsat | Vxhost | Vyhost | Vzhost |
0.000000	272.529356	45.280032	254.863534	-106.578389	7.290813	5.414356	-3.601807	220.487301	-27.097135	-212.624120	15.418020	2.255949	5.247281	-1.466863
0.020000	268.250588	44.726450	250.593877	-106.277401	7.241488	5.601121	-3.652816	221.545702	-27.276220	-213.836308	15.929975	2.423952	4.996186	-1.754412
0.040000	263.999613	44.177179	246.300685	-105.942795	7.123712	5.768804	-3.633216	222.062647	-27.460382	-215.080987	16.464662	2.174820	4.238767	-1.767713
0.060000	260.680590	43.393019	242.395991	-106.532164	6.475203	6.015649	-3.015119	221.265074	-27.608533	-216.112348	16.952513	1.889888	2.421738	-1.238956
0.080000	256.463049	42.839059	238.061431	-106.187693	6.479775	6.080833	-3.055253	222.866578	-27.789067	-217.353577	17.500339	1.978784	2.711029	-1.339926
0.100000	252.189884	42.281417	233.701729	-105.832049	6.511755	6.193680	-3.068452	224.554468	-27.977440	-218.624141	18.068676	1.876692	3.073770	-1.513862
0.120000	247.273675	41.719918	229.316172	-105.464736	7.689523	6.456104	-3.879340	232.011838	-28.171762	-219.925750	18.661534	3.842130	8.879616	-2.615413
0.140000	242.854217	41.372918	224.444565	-104.139962	6.593914	6.326557	-3.178947	228.100533	-28.475482	-221.807027	19.462180	2.120975	3.234310	-1.753535
0.160000	237.688965	40.797670	219.991094	-103.744555	7.845430	6.790345	-3.966628	233.242653	-28.697057	-223.262107	20.141302	5.337312	6.192338	-4.240132
0.180000	233.117951	40.220369	215.520853	-103.326584	8.306527	7.016870	-4.071484	231.231660	-28.924695	-224.760828	20.844866	5.110816	3.060881	0.672277
0.200000	229.198123	39.643676	211.006938	-102.913574	7.439793	6.844990	-3.855062	234.308800	-29.159123	-226.300138	21.582059	2.547802	4.665165	-1.876700
0.220000	224.801552	39.053071	206.460665	-102.467124	7.532051	6.873492	-3.942390	235.580756	-29.398078	-227.889378	22.356191	2.504190	4.275674	-1.725476
0.240000	220.422527	38.470120	201.890533	-102.005507	7.465134	6.943567	-3.921555	237.670893	-29.646690	-229.521885	23.166401	2.780511	4.703181	-0.803339
0.260000	215.968866	37.891077	197.255811	-101.552272	7.591757	6.968873	-4.005447	239.934539	-29.906428	-231.199663	24.029210	3.500392	5.105682	-0.716523
0.280000	211.489579	37.293522	192.607253	-101.064952	7.658614	7.037167	-4.042494	241.857697	-30.175976	-232.925809	24.936612	4.160065	5.093160	-0.815125
0.300000	206.998370	36.682179	187.940296	-100.559432	7.788332	7.121165	-4.030097	242.835849	-30.453090	-234.704105	25.888484	4.167881	4.229064	-0.218580
0.320000	202.530685	36.089131	183.203804	-100.038659	7.849331	7.127758	-4.026067	244.599440	-30.753953	-236.539833	26.892549	4.113787	4.041566	-0.194667
0.340000	200.015678	37.215576	180.117628	-100.063572	7.916344	7.252428	-3.806369	244.749941	-30.664031	-236.215776	26.989091	4.172186	4.543069	0.079054
0.360000	195.567760	36.599499	175.375968	-99.513857	7.919153	7.246460	-3.823444	246.885421	-30.951775	-237.993534	28.010405	5.122328	4.608860	-0.187981
0.380000	190.936406	35.977410	170.597505	-98.942791	7.970999	7.360287	-3.937724	248.696966	-31.253959	-239.829152	29.087025	5.506648	4.379594	-0.254529
0.400000	186.284447	35.349194	165.782148	-98.349799	8.010713	7.550751	-3.918196	251.399251	-31.572186	-241.731905	30.230733	5.186607	5.077101	-0.358296
0.420000	181.641290	34.714467	160.927932	-97.733218	8.181066	7.666959	-3.921646	253.493548	-31.902596	-243.695007	31.433254	5.286718	4.946611	-1.021010
0.440000	176.962442	34.072928	156.033717	-97.091835	8.238401	7.805712	-3.942805	255.759723	-32.253940	-245.728495	32.712160	5.599124	4.890093	-1.500481
0.460000	172.227573	33.424185	151.098593	-96.424290	8.403615	7.923193	-4.027792	258.026904	-32.627486	-247.817435	34.072963	4.546565	4.995190	-1.728568
0.480000	167.481470	32.767748	146.120708	-95.728079	8.542048	8.055554	-4.070174	260.439974	-33.011065	-249.945954	35.538144	4.413939	5.104125	-1.580664
0.500000	162.697369	32.103683	141.100578	-95.002294	8.728154	8.195597	-4.116187	263.091860	-33.407910	-252.135348	37.096008	5.010870	5.327203	-1.040049
0.520000	157.977137	31.431307	136.034727	-94.243258	8.805905	8.267513	-4.129961	265.563601	-33.816027	-254.391204	38.773723	5.435266	5.238540	-0.922094
0.540000	153.114158	30.751034	130.924146	-93.450433	8.915117	8.484418	-4.143931	268.113164	-34.220499	-256.716601	40.552486	5.036455	5.378469	-0.064435
0.560000	148.413191	30.062400	125.765434	-92.620404	8.945966	8.599202	-4.005250	270.557638	-34.638922	-259.141001	42.447416	4.310372	5.154291	-0.358968
0.580000	143.538178	29.365360	120.557565	-91.751327	8.924094	8.783727	-4.047437	273.159086	-35.068304	-261.669126	44.490956	3.645036	4.917935	-0.769423
0.600000	138.815540	28.659583	115.298300	-90.839897	8.896140	8.849770	-3.961413	276.132881	-35.515572	-264.276113	46.682853	2.645032	4.980214	-1.214604
0.620000	133.869527	27.975399	109.919832	-89.830552	8.962370	8.967131	-3.992873	279.143170	-35.993680	-266.975648	49.071669	2.238316	4.735888	-2.231986
0.640000	129.019752	27.250541	104.553219	-88.824105	8.969463	8.948604	-4.138472	282.365351	-36.505937	-269.739714	51.643721	1.916147	4.708269	-2.506438
0.660000	124.037972	26.515077	99.129720	-87.762818	8.982050	9.023678	-4.342721	285.966114	-37.033714	-272.566182	54.467405	2.123149	4.704338	-3.536194
0.680000	119.140556	25.769099	93.650215	-86.643911	9.045488	9.160201	-4.326049	289.633347	-37.580614	-275.455199	57.530541	2.211554	4.737034	-4.084156
0.700000	114.185310	25.011685	88.111206	-85.459874	9.138239	9.282586	-4.389734	293.981686	-38.153288	-278.390040	60.856687	2.593971	5.350801	-4.381552
0.720000	108.950597	24.242815	82.513788	-84.207019	8.949659	9.398117	-4.894658	299.728144	-38.742636	-281.399097	64.521441	2.756498	7.138017	-5.200262
0.740000	103.913655	23.461903	76.854857	-82.876717	8.967399	9.533948	-5.057361	304.171717	-39.347820	-284.482191	68.542553	2.577241	7.602586	-5.276178
0.760000	98.816468	22.668828	71.134250	-81.462045	9.055823	9.770157	-5.213580	309.342903	-39.955951	-287.579528	72.991603	2.451740	8.559805	-5.723799
0.780000	93.699901	21.818555	65.334693	-79.879475	9.124785	10.026843	-5.316875	314.220678	-40.574386	-290.673258	77.858967	2.329375	9.135499	-5.858478
0.800000	88.780154	21.000457	59.490289	-78.268380	9.220684	10.189496	-5.380902	318.821891	-41.235413	-293.726944	83.279662	2.887944	9.074260	-6.229881
0.820000	84.107376	20.183303	53.670734	-76.672724	9.241173	10.495046	-5.327223	322.828991	-41.923093	-296.620761	89.208522	3.691482	7.953385	-7.602930
0.840000	79.281671	19.337757	47.711110	-74.822433	9.275710	10.593845	-5.492444	328.353264	-42.612553	-299.247289	95.789972	4.635502	8.607997	-8.174494
0.860000	74.447016	18.479042	41.703148	-72.836486	9.357734	10.857984	-5.696812	333.423366	-43.266144	-301.516595	103.022759	5.585787	8.437193	-9.730422
0.880000	69.744935	17.607433	35.653383	-70.696939	9.564353	11.010192	-5.948364	338.157424	-43.875245	-303.343059	110.957201	6.067325	8.137438	-10.846260
0.900000	65.258784	16.724391	29.573946	-68.392452	9.589478	11.233158	-6.171736	343.356373	-44.427187	-304.484551	119.649944	4.198593	9.808158	-9.768856
0.920000	60.896083	15.830650	23.479760	-65.906914	9.839157	11.356049	-6.531409	347.834047	-44.933756	-304.786721	129.008470	4.392589	8.715343	-13.370923
0.940000	56.909913	14.958675	17.323761	-63.174907	10.005513	11.642307	-6.766348	352.139997	-45.312394	-303.939126	139.023179	4.053877	8.893298	-14.929488
0.960000	53.348005	14.050273	11.265013	-60.291230	10.072149	11.807369	-7.094520	355.424694	-45.502109	-301.716290	149.449176	3.937020	8.794819	-16.277516
0.980000	50.208555	13.140167	5.266420	-57.196016	10.139739	11.929821	-7.522124	358.284232	-45.471847	-297.886400	160.054458	4.243923	8.861195	-18.276262
1.000000	47.778651	12.233178	-0.637941	-53.892428	10.149584	12.123000	-7.896597	358.416784	-45.192399	-292.255363	170.326671	3.444024	8.004636	-19.254506
1.020000	45.967730	11.334446	-6.410682	-50.389070	10.055264	12.183393	-8.369357	356.943287	-44.637388	-284.850330	179.762984	4.364148	3.756760	-24.475375
1.040000	44.979670	10.404367	-12.040147	-46.632872	10.035668	12.268804	-8.789648	354.058346	-43.813585	-276.082861	188.025315	4.590673	2.671828	-24.836528
1.060000	44.927367	9.538277	-17.465404	-42.801649	9.989524	12.353482	-9.199584	349.943435	-42.763464	-266.373061	194.803633	4.537937	2.341420	-24.320791
1.080000	45.594545	8.695006	-22.691413	-38.850795	10.186413	12.362218	-9.732396	343.207198	-41.546838	-256.188710	200.040389	2.929980	0.703000	-23.162753
1.100000	47.144208	7.876695	-27.712379	-34.810086	10.238421	12.441196	-10.219661	337.408227	-40.291125	-245.928289	203.811618	2.933356	1.502333	-21.474962
1.120000	49.365578	7.083116	-32.530450	-30.707338	10.299113	12.503961	-10.744388	331.164264	-39.068004	-235.973143	206.280920	3.345911	1.092329	-21.031182
1.140000	52.146504	6.314046	-37.154488	-26.566382	10.577847	12.516554	-11.273721	331.538618	-37.827351	-226.414009	207.685814	5.503426	3.412859	-27.303355
1.160000	55.460788	5.569648	-41.591524	-22.406472	10.370212	12.612049	-11.690771	319.061698	-36.635825	-217.472583	208.204260	2.884297	0.206841	-21.696142
1.180000	58.915492	4.848112	-45.857607	-18.242531	10.487195	12.500751	-12.451327	319.818422	-35.518594	-209.120593	208.097665	3.106243	7.431833	-24.059592
1.200000	62.968570	4.148328	-49.959586	-14.085918	10.426833	12.685485	-12.983134	313.296815	-34.491073	-201.317506	207.488486	5.041859	2.776937	-26.899013
1.220000	67.111492	3.468160	-53.913702	-9.945337	10.468115	12.736705	-13.505713	300.246737	-33.522528	-194.144773	206.527862	7.131686	-7.875098	-25.418136
1.240000	70.765842	2.807143	-57.728871	-5.826680	10.435118	12.156922	-13.925719	290.229332	-32.597398	-187.493553	205.290789	6.776930	-12.021254	-22.507806
1.260000	75.026409	2.152479	-61.420213	-1.646281	10.689852	11.964192	-14.715500	281.313511	-31.739444	-181.331900	203.809108	2.519737	-12.778740	-18.796894
1.280000	79.282130	1.525747	-64.989161	2.414395	10.613308	11.811456	-15.042338	283.512921	-30.940571	-175.584085	202.237161	-11.241894	-0.987574	-20.265865
1.300000	83.826599	0.914363	-68.446457	6.442207	10.525183	12.045324	-14.902673	279.126419	-30.208362	-170.255865	200.546955	4.967164	0.473365	-17.457105
1.320000	88.211868	0.317244	-71.802549	10.436053	10.687490	11.937542	-15.281424	277.150507	-29.490172	-165.283640	198.800847	9.364032	-2.450444	-22.079448
1.340000	92.568425	-0.265384	-75.060527	14.393871	10.873888	11.822342	-15.542677	273.076266	-28.791032	-160.654258	197.012160	7.402884	-6.595374	-25.533359
1.360000	97.021005	-0.816658	-78.243027	18.403718	11.043712	11.628224	-16.173228	268.876738	-28.112739	-156.292234	195.209887	5.445417	-4.300787	-24.032331
1.380000	101.508977	-1.372195	-81.326491	22.289587	10.840982	11.544689	-16.823771	270.123406	-27.457176	-152.177450	193.404868	-12.411767	-0.354607	-29.507926
1.400000	105.962178	-1.915081	-84.331566	26.139821	10.696288	11.664591	-16.914498	233.593308	-26.831463	-148.338908	191.612565	-0.123729	-13.353659	2.849452
1.420000	110.163052	-2.445679	-87.261700	29.954335	10.874155	11.537376	-16.920205	234.193842	-26.234233	-144.718128	189.847675	2.018399	-7.606831	2.100408
1.440000	114.350013	-3.020019	-90.076804	33.788802	10.840505	11.539526	-16.787208	242.044925	-25.667778	-141.323578	188.105608	2.584336	-7.345981	-11.487896
1.460000	118.569150	-3.528000	-92.871324	37.534000	10.944288	11.363251	-17.095201	240.963504	-25.128459	-138.109563	186.398139	2.807945	-6.177052	-13.293574
1.480000	122.687283	-4.025393	-95.602605	41.244919	11.036841	11.002007	-17.583265	240.433733	-24.621173	-135.089511	184.721848	-2.039429	-6.974136	-17.478289
1.500000	126.922528	-4.513074	-98.276397	44.923263	10.996943	10.929979	-17.867938	233.495229	-24.137325	-132.218206	183.068051	-4.641942	-2.390906	-10.024737
1.520000	131.099429	-4.991130	-100.892678	48.567844	10.926372	10.969292	-17.919697	227.918795	-23.685494	-129.511358	181.439645	-3.689168	-0.727473	-5.541197
1.540000	135.275926	-5.460599	-103.457371	52.180760	10.811553	10.904909	-18.218545	229.632507	-23.257817	-126.933972	179.832452	0.900518	2.458530	-8.329828
1.560000	139.712442	-5.921530	-105.970896	55.761364	11.144428	11.082519	-18.581206	224.209048	-22.842773	-124.474770	178.254755	2.443003	-3.343572	-8.714653
1.580000	143.768070	-6.374352	-108.436963	59.310998	11.396127	11.031162	-18.668712	221.156045	-22.440585	-122.136172	176.706408	2.148414	-3.606477	-8.377597
1.600000	147.775609	-6.819299	-110.857127	62.829893	11.416548	10.903405	-18.898053	217.504893	-22.056676	-119.889354	175.183590	1.546632	-4.205216	-7.486721
1.620000	151.591976	-7.256766	-113.233230	66.318476	11.339179	10.759146	-18.888382	215.546674	-21.695553	-117.752828	173.692061	1.134673	-4.412612	-8.223153
1.640000	155.471315	-7.687244	-115.568105	69.777962	11.438563	10.574451	-19.067910	213.648095	-21.346670	-115.704787	172.232289	0.729875	-5.729471	-9.601603
1.660000	159.512878	-8.110750	-117.862213	73.208029	11.405295	10.571687	-19.356627	210.849067	-21.013413	-113.759531	170.807426	0.860371	-7.010419	-9.701559
1.680000	163.401350	-8.527889	-120.119112	76.610536	11.521873	10.486843	-19.514866	209.860849	-20.692735	-111.894335	169.412120	0.131745	-5.917860	-10.523712
1.700000	167.434828	-8.938540	-122.338499	79.984724	11.596985	10.434849	-19.935002	207.712371	-20.384127	-110.104910	168.045390	0.550422	-6.776242	-10.922094
1.720000	171.221547	-9.343265	-124.523573	83.332395	11.660242	10.250282	-20.164845	203.362194	-20.084299	-108.390656	166.709755	0.412621	-7.605864	-8.728222
1.740000	175.050831	-9.741987	-126.674611	86.653362	11.834433	10.118783	-20.420533	199.580201	-19.791432	-106.737563	165.403428	0.640033	-8.737391	-7.254553
1.760000	178.670505	-10.134956	-128.793430	89.948633	11.785617	9.983817	-20.430322	197.410632	-19.506338	-105.152758	164.126915	1.463110	-8.821265	-6.903735
1.780000	182.104787	-10.522320	-130.881249	93.218679	11.642612	9.667581	-20.433842	199.227301	-19.229384	-103.624385	162.869951	1.394881	-6.494012	-9.849034
1.800000	185.955297	-10.904176	-132.938813	96.463555	11.798659	9.645836	-20.726766	197.744212	-18.962202	-102.157588	161.634191	2.173565	-5.981330	-9.848112
1.820000	189.706962	-11.289739	-134.921200	99.761142	11.896276	9.594405	-20.930118	196.029014	-18.704592	-100.734087	160.420124	2.395814	-5.779563	-9.773253
1.840000	193.384864	-11.661285	-136.921770	102.957285	11.977268	9.485317	-21.155122	194.212535	-18.458393	-99.365746	159.225055	2.543589	-5.935918	-9.737345
1.860000	196.888371	-12.028125	-138.896057	106.130234	12.053801	9.316456	-21.220238	192.303920	-18.221206	-98.041172	158.050946	2.685269	-6.669012	-9.862262
1.880000	200.491433	-12.390198	-140.843722	109.279462	12.118185	9.219974	-21.399690	190.633890	-17.992395	-96.758737	156.896242	2.173967	-6.725779	-9.923014
1.900000	204.106306	-12.747857	-142.766575	112.406098	12.218921	9.131353	-21.620255	188.534223	-17.772718	-95.521651	155.762102	2.110978	-6.663545	-9.325841
1.920000	207.747691	-13.101180	-144.664927	115.510127	12.173726	9.161548	-21.813205	186.723799	-17.561018	-94.322931	154.646132	1.826818	-6.456330	-8.967282
1.940000	237.173504	-15.806821	-137.734201	162.203267	12.269639	8.970027	-22.027167	196.026081	-14.371589	-70.410072	175.330338	1.004333	-6.616284	-9.386088
1.960000	240.745194	-16.096508	-139.144904	165.674215	12.326249	8.758623	-22.142030	195.195473	-14.049196	-69.326597	173.934034	1.131691	-5.426369	-9.879933
1.980000	244.326680	-16.352169	-140.529121	169.128795	12.361766	8.634193	-22.238240	193.574167	-13.816659	-68.392379	172.566918	1.548130	-5.103468	-9.722399
2.000000	248.051458	-16.618100	-141.880142	172.571343	12.498335	8.517146	-22.524569	191.501309	-13.632298	-67.520904	171.258695	2.012139	-5.077852	-9.098916
