#Time(Gyrs) | Rgal(kpc) | Xsat[kpc] | Ysat[kpc] | Zsat[kpc] |Xhost[kpc] | Yhost[kpc] Zhost[kpc] | Vgal | Vxsat | Vysat | Vzsat | Vxhost | Vyhost | Vzhost | 
0.000000 	 280.349086 	 -41.908954 	 -260.955484 	 90.208930 	 1.000000 	 -3.160690 	 -2.888811 	 176.080522 	 20.433062 	 176.607954 	 5.973104 	 1.665837 	 1.658913 	 -0.733200 
0.200000 	 247.216504 	 -37.578698 	 -224.887702 	 90.956407 	 2.000000 	 -2.852034 	 -3.050654 	 187.676511 	 22.526082 	 187.884875 	 1.729574 	 1.543497 	 1.401716 	 -0.767460 
0.400000 	 212.199522 	 -32.800113 	 -185.989990 	 90.728328 	 3.000000 	 -2.612039 	 -3.189259 	 201.895091 	 25.404654 	 201.530483 	 -4.436827 	 1.988606 	 1.032515 	 -0.711067 
0.600000 	 174.926629 	 -27.350667 	 -144.046878 	 88.942650 	 4.000000 	 -2.486783 	 -3.271134 	 220.774253 	 29.385162 	 218.615999 	 -14.217426 	 1.702790 	 0.034378 	 -0.180622 
0.800000 	 135.625819 	 -20.914752 	 -98.260670 	 84.595211 	 5.000000 	 -2.535039 	 -3.249016 	 244.894940 	 35.448153 	 240.073057 	 -30.875569 	 1.351540 	 -0.357411 	 0.812643 
1.000000 	 95.916505 	 -12.909286 	 -47.687452 	 75.504513 	 6.000000 	 -2.741710 	 -2.991689 	 278.920914 	 45.622590 	 265.782622 	 -64.300995 	 1.223700 	 -1.472381 	 2.034350 
1.200000 	 62.201935 	 -5.623502 	 4.759288 	 54.271220 	 7.000000 	 -3.093711 	 -2.306994 	 315.345871 	 62.293133 	 273.371431 	 -136.181276 	 0.540674 	 -1.807642 	 4.907808 
1.400000 	 60.559690 	 7.702769 	 52.700030 	 19.364570 	 8.000000 	 -3.178841 	 -1.065811 	 288.439989 	 65.938998 	 195.129368 	 -196.593850 	 0.559841 	 1.406852 	 6.863222 
1.600000 	 91.054932 	 23.236813 	 86.601236 	 -17.525527 	 9.000000 	 -2.583533 	 0.338601 	 236.397729 	 55.121852 	 127.914822 	 -187.236314 	 1.117866 	 4.457495 	 6.994847 
1.800000 	 123.496312 	 33.407925 	 108.249282 	 -53.113421 	 10.000000 	 -1.510151 	 1.627950 	 199.779746 	 46.947398 	 91.861468 	 -168.595508 	 1.115393 	 6.069124 	 5.906778 
2.000000 	 153.713860 	 42.057876 	 123.946855 	 -85.240036 	 11.000000 	 -0.145910 	 2.750797 	 173.341623 	 40.715451 	 69.781788 	 -151.492621 	 1.771058 	 7.545266 	 5.533707 
2.200000 	 181.195080 	 49.635416 	 136.100838 	 -113.763258 	 12.000000 	 1.443046 	 3.798123 	 152.880627 	 35.937201 	 54.903010 	 -136.631176 	 2.087124 	 8.279258 	 4.977030 
2.400000 	 206.197742 	 56.423663 	 145.971766 	 -139.741771 	 13.000000 	 3.157365 	 4.711405 	 135.710059 	 32.088131 	 44.390440 	 -123.393168 	 2.444301 	 8.743225 	 4.151881 
2.600000 	 228.908250 	 62.518200 	 154.069006 	 -163.210227 	 14.000000 	 4.972663 	 5.447730 	 120.807260 	 28.966371 	 37.017088 	 -111.528057 	 2.945842 	 9.387145 	 3.162451 
2.800000 	 249.312330 	 68.047266 	 160.935211 	 -184.465515 	 15.000000 	 6.854653 	 6.048182 	 109.063600 	 26.387114 	 31.888412 	 -101.325022 	 3.151892 	 9.549276 	 2.866898 
3.000000 	 268.069293 	 73.093744 	 166.879752 	 -203.832081 	 16.000000 	 8.841606 	 6.583031 	 98.867860 	 24.156385 	 27.700757 	 -92.550398 	 3.282022 	 10.314438 	 2.511847 
3.200000 	 284.946141 	 77.730988 	 172.065688 	 -221.559531 	 17.000000 	 10.912295 	 6.975819 	 89.575702 	 22.264930 	 24.254610 	 -84.869159 	 3.145030 	 10.370619 	 1.533795 
3.400000 	 300.350813 	 82.023626 	 176.632372 	 -237.831435 	 18.000000 	 13.018585 	 7.269358 	 81.898267 	 20.683905 	 21.500419 	 -77.984098 	 3.351704 	 10.717582 	 1.329529 
3.600000 	 314.683826 	 86.011757 	 180.699982 	 -252.806053 	 19.000000 	 15.150464 	 7.527981 	 75.156203 	 19.275431 	 19.223929 	 -71.919657 	 3.387779 	 10.903707 	 1.065350 
3.800000 	 327.596695 	 89.751083 	 184.313573 	 -266.674741 	 20.000000 	 17.364857 	 7.651740 	 69.228053 	 18.101407 	 16.843489 	 -66.793893 	 3.627686 	 11.101351 	 0.660258 
4.000000 	 339.481880 	 93.244710 	 187.476640 	 -279.512309 	 21.000000 	 19.584356 	 7.782448 	 63.344044 	 16.858668 	 14.955733 	 -61.674847 	 3.994005 	 10.929717 	 0.218284 
4.200000 	 350.337121 	 96.500027 	 190.323950 	 -291.409138 	 22.000000 	 21.861085 	 7.799999 	 58.497133 	 15.718260 	 13.502282 	 -57.404112 	 4.003959 	 11.493131 	 -0.127127 
4.400000 	 360.385970 	 99.547070 	 192.889942 	 -302.494114 	 23.000000 	 24.123350 	 7.791080 	 54.517648 	 14.783136 	 12.193668 	 -53.536827 	 4.050404 	 11.267845 	 -0.094099 
4.600000 	 369.855593 	 102.418104 	 195.196424 	 -312.835612 	 24.000000 	 26.366704 	 7.713341 	 50.276773 	 13.929531 	 10.860578 	 -49.833917 	 4.418750 	 11.195128 	 -0.466042 
4.800000 	 378.385325 	 105.122085 	 197.258409 	 -322.456264 	 25.000000 	 28.587349 	 7.590635 	 46.285653 	 13.121426 	 9.802649 	 -46.460467 	 4.541681 	 11.177327 	 -0.997736 
5.000000 	 386.183638 	 107.667928 	 199.121712 	 -331.437601 	 26.000000 	 30.893085 	 7.390710 	 43.161603 	 12.348570 	 8.856380 	 -43.395984 	 4.767402 	 11.725116 	 -1.002350 
5.200000 	 393.347057 	 110.061855 	 200.807479 	 -339.799663 	 27.000000 	 33.168038 	 7.141467 	 39.605780 	 11.589014 	 8.054329 	 -40.206694 	 4.415470 	 11.292047 	 -1.390779 
5.400000 	 399.822137 	 112.296463 	 202.361853 	 -347.519678 	 28.000000 	 35.491775 	 6.831273 	 36.220636 	 10.782972 	 7.490381 	 -37.030525 	 4.794554 	 11.678699 	 -1.554740 
5.600000 	 405.683852 	 114.373021 	 203.810773 	 -354.614183 	 29.000000 	 37.824148 	 6.503885 	 32.707013 	 10.006011 	 7.062815 	 -33.894303 	 4.960177 	 11.477927 	 -1.881883 
5.800000 	 410.963555 	 116.313277 	 205.220227 	 -361.102762 	 30.000000 	 40.115111 	 6.124509 	 29.659328 	 9.388535 	 6.984395 	 -31.072051 	 5.055729 	 11.429303 	 -2.069546 
6.000000 	 415.723260 	 118.129192 	 206.601375 	 -367.047860 	 31.000000 	 42.407384 	 5.719762 	 26.976114 	 8.769468 	 6.852861 	 -28.317509 	 4.468137 	 11.409814 	 -2.079303 
6.200000 	 419.926108 	 119.821238 	 207.957411 	 -372.432725 	 32.000000 	 44.679204 	 5.260487 	 23.688116 	 8.129018 	 6.690302 	 -25.436309 	 4.994925 	 11.465181 	 -2.447076 
6.400000 	 423.566372 	 121.395829 	 209.306872 	 -377.226612 	 33.000000 	 46.924122 	 4.765086 	 20.744849 	 7.594064 	 6.759953 	 -22.548057 	 4.895279 	 11.074761 	 -2.437171 
6.600000 	 426.639557 	 122.856950 	 210.637943 	 -381.442248 	 34.000000 	 49.236968 	 4.265329 	 17.942769 	 7.028082 	 6.572012 	 -19.536256 	 5.121936 	 11.874562 	 -2.501218 
6.800000 	 429.106893 	 124.212085 	 211.949352 	 -385.041832 	 35.000000 	 51.488124 	 3.704641 	 14.285574 	 6.504314 	 6.536296 	 -16.418050 	 5.176626 	 10.986033 	 -2.908249 
7.000000 	 430.963391 	 125.451140 	 213.256552 	 -388.017535 	 36.000000 	 53.717345 	 3.102380 	 11.438003 	 5.891671 	 6.477526 	 -13.284624 	 5.222196 	 11.305198 	 -2.937001 
7.200000 	 432.164349 	 126.565459 	 214.546900 	 -390.328245 	 37.000000 	 55.969497 	 2.479322 	 8.076618 	 5.230367 	 6.469260 	 -9.784054 	 5.064119 	 11.288331 	 -3.304803 
7.400000 	 432.646336 	 127.557018 	 215.865516 	 -391.920420 	 38.000000 	 58.209199 	 1.789287 	 5.008912 	 4.736191 	 6.779901 	 -6.209547 	 5.173027 	 11.057808 	 -3.640913 
7.600000 	 432.499623 	 128.445120 	 217.235579 	 -392.842518 	 39.000000 	 60.432884 	 1.071140 	 4.481640 	 4.056268 	 6.793351 	 -2.923382 	 5.225058 	 11.049995 	 -3.697981 
7.800000 	 431.619782 	 129.177894 	 218.591779 	 -393.041266 	 40.000000 	 62.677542 	 0.317493 	 6.491301 	 3.287156 	 6.862725 	 0.962101 	 5.412187 	 10.880838 	 -3.672120 
8.000000 	 429.999376 	 129.758098 	 219.986617 	 -392.453314 	 41.000000 	 64.913695 	 -0.448317 	 10.431947 	 2.527296 	 7.010259 	 4.990646 	 5.319507 	 11.609684 	 -3.946600 
8.200000 	 430.049429 	 130.197370 	 221.404932 	 -390.992068 	 42.000000 	 66.434805 	 0.122493 	 15.367746 	 1.866411 	 7.261297 	 9.713278 	 5.641439 	 11.252073 	 -4.639091 
8.400000 	 426.533480 	 130.490422 	 222.925595 	 -388.556439 	 43.000000 	 68.701973 	 -0.851229 	 20.056804 	 1.045959 	 7.949811 	 14.673040 	 5.237905 	 11.420632 	 -4.631270 
8.600000 	 422.045864 	 130.603029 	 224.596142 	 -385.079891 	 44.000000 	 71.039589 	 -1.845231 	 26.026938 	 0.084854 	 8.831078 	 20.187181 	 5.378007 	 11.791588 	 -5.123279 
8.800000 	 416.488958 	 130.514704 	 226.484245 	 -380.417401 	 45.000000 	 73.357713 	 -2.885252 	 32.781193 	 -0.981193 	 10.162768 	 26.630457 	 5.713356 	 11.703081 	 -5.422890 
9.000000 	 409.475731 	 130.212847 	 228.709785 	 -374.346234 	 46.000000 	 75.678491 	 -3.995058 	 40.830627 	 -2.071647 	 12.286798 	 34.308665 	 5.421471 	 11.477227 	 -5.820351 
9.200000 	 401.474918 	 129.960959 	 231.345661 	 -366.789034 	 47.000000 	 77.966770 	 -5.161457 	 50.387759 	 -3.299141 	 15.431921 	 43.277696 	 5.531734 	 11.385392 	 -6.164873 
9.400000 	 391.735435 	 129.065496 	 234.631125 	 -357.209336 	 48.000000 	 80.298865 	 -6.400855 	 63.361718 	 -4.677587 	 20.710082 	 55.270281 	 6.274669 	 11.407262 	 -6.440438 
9.600000 	 379.997934 	 127.987374 	 239.708670 	 -344.610720 	 49.000000 	 82.543755 	 -7.774537 	 82.357017 	 -6.174791 	 31.468090 	 71.666576 	 5.610742 	 11.057115 	 -7.245854 
9.800000 	 366.481127 	 126.653405 	 248.264821 	 -328.158006 	 50.000000 	 84.638179 	 -9.317929 	 113.338111 	 -6.503720 	 58.858658 	 93.306593 	 5.911571 	 9.758466 	 -8.086500 
10.000000 	 356.747208 	 126.277116 	 266.105189 	 -309.764139 	 51.000000 	 86.385413 	 -10.928517 	 135.974455 	 6.398761 	 117.439629 	 72.700803 	 5.281404 	 7.560856 	 -7.389516 
10.000000 	 356.747206 	 126.277116 	 266.105192 	 -309.764135 	 51.000000 	 86.385414 	 -10.928517 	 135.943513 	 6.388948 	 117.403304 	 72.699918 	 5.281379 	 7.562319 	 -7.389845 
