#Time(Gyrs) | Rgal(kpc) | Xsat[kpc] | Ysat[kpc] | Zsat[kpc] |Xhost[kpc] | Yhost[kpc] Zhost[kpc] |Vgal | Vxsat | Vysat | Vzsat | Vxhost | Vyhost | Vzhost |
0.000000	279.468573	34.573416	277.553889	-16.902505	-0.152910	0.781922	0.245205	126.443414	-5.074322	-111.851730	-59.275581	0.080637	-0.252564	-0.055740
0.100000	268.453975	34.026146	266.050300	-22.810117	-0.130337	0.777322	0.235891	132.223032	-5.886022	-118.291588	-58.846791	0.116948	0.006857	-0.089899
0.200000	256.934767	33.393300	253.879302	-28.665091	-0.126900	0.784091	0.225815	138.298422	-6.785780	-125.203757	-58.209557	0.067486	0.151997	-0.197308
0.300000	244.872581	32.665024	240.990707	-34.442694	-0.124422	0.809576	0.204927	144.983940	-7.800092	-132.672346	-57.285669	-0.028857	0.376615	-0.207435
0.400000	232.223813	31.829035	227.323072	-40.109061	-0.125801	0.863695	0.176647	152.253597	-8.940946	-140.795092	-55.969170	-0.002763	0.666052	-0.381298
0.500000	218.943655	30.880451	212.780897	-45.613334	-0.138502	0.931180	0.145228	160.253842	-10.227803	-149.678888	-54.167344	-0.061864	0.960382	-0.448091
0.600000	205.003975	29.784579	197.332342	-50.913126	-0.147516	1.044134	0.093140	169.101038	-11.725094	-159.434321	-51.711563	-0.097212	1.340924	-0.610935
0.700000	190.358267	28.526767	180.857648	-55.925631	-0.156869	1.182190	0.022996	178.872641	-13.478660	-170.243472	-48.362296	-0.091040	1.678588	-0.833374
0.800000	174.941467	27.078121	163.241909	-60.543891	-0.166212	1.361796	-0.069995	189.917650	-15.564823	-182.303490	-43.762987	0.002862	2.080254	-0.996226
0.900000	158.705800	25.398966	144.348235	-64.619660	-0.147313	1.578127	-0.186634	202.386162	-18.092147	-195.837143	-37.393091	0.019349	2.484126	-1.326392
1.000000	141.603379	23.439010	124.017454	-67.935229	-0.154430	1.847375	-0.338349	216.840023	-21.239558	-211.089266	-28.367130	0.030300	3.046900	-1.667108
1.100000	123.591825	21.122912	102.065878	-70.153456	-0.145394	2.189278	-0.531168	233.610991	-25.236650	-228.243002	-15.170221	0.098413	3.624735	-2.147851
1.200000	104.767626	18.352886	78.313740	-70.752266	-0.139728	2.570782	-0.771675	253.222857	-30.395039	-246.993618	4.549521	0.247548	4.258962	-2.865879
1.300000	85.343551	14.970629	52.686839	-68.880546	-0.096361	3.041163	-1.117619	275.640661	-37.130818	-265.473501	34.923423	0.324585	4.857316	-3.756232
1.400000	66.328472	10.848999	25.487646	-63.204271	-0.052923	3.551554	-1.564818	297.893360	-45.487453	-275.884853	81.762979	0.592823	5.252063	-5.295029
1.500000	50.499811	5.896295	-1.561528	-52.027643	0.030536	4.063649	-2.186082	306.513552	-52.689131	-257.813666	141.810226	0.854712	4.642830	-7.187095
1.600000	43.851740	0.549186	-24.882156	-35.565850	0.123759	4.454419	-2.975062	287.148081	-52.941449	-205.720055	181.170086	0.775299	3.123473	-8.442445
1.700000	49.415322	-4.541380	-42.767238	-16.866547	0.154940	4.668708	-3.841584	256.065123	-48.235170	-154.209270	188.633517	0.511358	1.476811	-8.736611
