#Time(Gyrs) | Rgal(kpc) | Xsat[kpc] | Ysat[kpc] | Zsat[kpc] |Xhost[kpc] | Yhost[kpc] Zhost[kpc] |Vgal | Vxsat | Vysat | Vzsat | Vxhost | Vyhost | Vzhost |
0.000000	284.915241	24.256543	277.801238	58.405292	0.003023	-0.005891	-0.004129	97.275046	4.351742	-58.741730	-77.508117	0.685112	0.195120	-0.207159
0.020000	283.443546	24.342877	276.615111	56.853360	-0.019620	0.002129	0.002937	97.853121	4.255988	-59.909680	-77.745311	-0.462579	-1.168810	0.373053
0.040000	281.960738	24.427684	275.405513	55.295479	-0.024682	0.002787	0.002823	98.345462	4.158625	-61.089511	-77.980922	-0.142520	-1.078091	-0.186581
0.060000	280.471654	24.509858	274.171035	53.733914	-0.045973	-0.006485	-0.006641	99.497774	4.058181	-62.279509	-78.215192	0.520512	-1.574378	0.538722
0.080000	278.901399	24.590897	272.913715	52.167519	-0.079221	0.044568	0.015777	100.100847	3.954808	-63.479608	-78.447386	-2.765855	-2.467588	0.625655
0.100000	277.347335	24.669073	271.630196	50.594594	-0.061229	0.055529	0.026255	103.028928	3.848334	-64.690133	-78.676186	-2.227777	1.126708	0.356620
0.120000	275.794745	24.744956	270.324225	49.018818	-0.109138	0.054246	0.037657	102.536119	3.739338	-65.911481	-78.901295	-0.507373	-1.372883	0.662456
0.140000	274.182543	24.819042	268.991234	47.438883	-0.132497	0.090490	0.048196	103.665493	3.628498	-67.143759	-79.121719	-0.977197	-1.404263	0.901033
0.160000	272.569656	24.889166	267.637344	45.855328	-0.127120	0.108482	0.065476	105.899908	3.515105	-68.389475	-79.337122	-0.337123	0.719339	0.812256
0.180000	270.901861	24.958365	266.255561	44.265960	-0.171377	0.167711	0.066746	105.877813	3.399659	-69.647716	-79.548312	-3.217452	-0.648232	0.485410
0.200000	269.245061	25.023915	264.847632	42.673277	-0.189442	0.191112	0.080838	107.061581	3.281392	-70.919691	-79.755144	-2.461214	-0.399074	0.594388
0.220000	267.600974	25.087458	263.416229	41.076606	-0.215061	0.184197	0.101482	108.029155	3.160702	-72.205632	-79.958857	-0.217355	-0.411409	0.691480
0.240000	265.879007	25.151906	261.958404	39.476169	-0.230570	0.238868	0.102818	109.044704	3.037451	-73.506443	-80.159074	-2.277551	-0.002105	0.212629
0.260000	264.120094	25.211786	260.473482	37.869788	-0.234543	0.307715	0.111587	111.734139	2.912040	-74.823667	-80.352317	-4.638311	1.772640	0.644695
0.280000	262.385343	25.251619	258.943612	36.247021	-0.255793	0.311605	0.123277	112.593484	2.780568	-76.211624	-80.549860	-2.030143	1.595364	0.691892
0.300000	260.596804	25.305353	257.404101	34.634033	-0.291199	0.372490	0.133864	113.370070	2.651458	-77.565875	-80.732063	-3.203927	1.425091	0.378444
0.320000	258.831465	25.357068	255.839110	33.017631	-0.333215	0.392516	0.142504	113.457396	2.519449	-78.935740	-80.906754	-2.375917	-0.343182	0.774493
0.340000	257.035333	25.406834	254.244310	31.397284	-0.309537	0.414041	0.155880	116.630422	2.383563	-80.322295	-81.075484	-0.410296	2.874548	0.613776
0.360000	255.167516	25.452811	252.622899	29.774120	-0.315784	0.491957	0.169574	119.249195	2.243934	-81.724401	-81.238072	-2.592802	4.784738	0.695716
0.380000	252.965928	25.538839	250.603760	28.191136	-0.363682	0.531387	0.179919	119.624999	1.956751	-84.841215	-81.719935	-1.964352	1.983923	0.475934
0.400000	251.037283	25.574590	248.888144	26.554187	-0.382661	0.591888	0.193082	121.344840	1.801737	-86.387833	-81.885962	-3.162759	2.531505	0.535366
0.420000	249.101023	25.607149	247.141701	24.913811	-0.408258	0.638372	0.202935	122.318934	1.642680	-87.955137	-82.044061	-3.092440	1.771651	0.953552
0.440000	247.185982	25.638299	245.360768	23.269777	-0.464003	0.640501	0.213968	121.938149	1.478086	-89.546786	-82.193873	0.449203	0.118297	0.438001
0.460000	245.162056	25.666381	243.550428	21.623020	-0.461722	0.724900	0.233325	125.271631	1.307771	-91.160240	-82.336438	-1.041532	2.548642	0.766557
0.480000	243.126260	25.692719	241.706544	19.973634	-0.508824	0.802311	0.250358	126.160825	1.132893	-92.794416	-82.470576	-3.133747	1.600081	1.123853
0.500000	241.099824	25.710657	239.838311	18.343765	-0.536642	0.854589	0.261046	127.771007	0.949390	-94.526189	-82.616402	-2.795121	2.209388	0.772070
0.520000	239.054211	25.727520	237.928157	16.687233	-0.552765	0.889823	0.283248	130.036615	0.766249	-96.215910	-82.732529	-0.897566	3.143363	1.139325
0.540000	236.953548	25.741495	235.985789	15.031276	-0.589954	0.961175	0.298002	130.209636	0.578729	-97.930843	-82.836831	-1.821630	1.949949	0.665354
0.560000	234.831094	25.748508	234.007268	13.370643	-0.597021	1.024605	0.307932	132.710291	0.385994	-99.673099	-82.929319	-1.346959	3.493944	0.530728
0.580000	232.694451	25.756751	231.993027	11.709384	-0.627322	1.079792	0.322280	133.860443	0.185951	-101.443172	-83.008042	0.088898	3.179260	0.494984
0.600000	230.418132	25.727621	229.836698	10.028099	-0.613809	1.134797	0.328367	136.875642	0.004547	-102.888547	-82.934357	1.275141	5.694059	0.391178
0.620000	228.124831	25.722757	227.736625	8.366678	-0.635211	1.281391	0.352758	138.864465	-0.202637	-104.681110	-82.970937	-4.858969	5.979070	0.790527
0.640000	226.055377	25.747205	225.735516	6.720830	-0.696323	1.322421	0.354029	138.855759	-0.439516	-106.935095	-83.155961	-1.310662	4.132842	0.175162
0.660000	223.805574	25.736303	223.578627	5.058833	-0.744273	1.394659	0.368527	140.123464	-0.660715	-108.830061	-83.174814	-0.586519	3.286400	0.875641
0.680000	221.466907	25.721349	221.382041	3.394854	-0.746347	1.523168	0.373609	143.174844	-0.888536	-110.762715	-83.178763	-4.265201	5.945759	-0.312811
0.700000	219.180123	25.701750	219.144127	1.732674	-0.775357	1.573293	0.383233	145.721615	-1.122046	-112.732233	-83.167806	-1.801296	6.344247	0.826952
0.720000	216.821357	25.677286	216.868532	0.069395	-0.842291	1.675348	0.395542	146.021147	-1.358992	-114.740503	-83.140217	-1.456725	4.936364	0.523475
0.740000	214.411158	25.667249	214.551049	-1.577964	-0.844295	1.794507	0.406069	149.576313	-1.612913	-116.863277	-83.109516	-3.712900	7.244524	0.352554
0.760000	212.008817	25.633594	212.192438	-3.239061	-0.927013	1.885766	0.418351	148.349218	-1.866372	-118.947684	-83.051434	-2.741246	3.646748	0.478982
0.780000	209.577397	25.593667	209.793739	-4.900081	-0.961911	1.973866	0.427846	149.388995	-2.131671	-121.072675	-82.974066	-1.241549	3.118462	0.049070
0.800000	207.060360	25.547368	207.351335	-6.558438	-1.007291	2.119700	0.428589	150.504541	-2.404205	-123.236841	-82.878745	-4.279080	2.133863	0.369609
0.820000	204.569509	25.494360	204.865972	-8.213106	-1.026245	2.207333	0.436616	153.568548	-2.682646	-125.444265	-82.762165	-2.447712	3.729171	0.288827
0.840000	202.027758	25.436863	202.333132	-9.866758	-1.024381	2.311575	0.448004	158.160742	-2.970259	-127.698710	-82.618507	-0.769113	6.772445	0.613000
0.860000	199.421580	25.373770	199.755985	-11.516586	-1.074736	2.459626	0.466306	158.677273	-3.268323	-129.997846	-82.455228	-3.420704	5.130240	0.724421
0.880000	196.840099	25.306922	197.133263	-13.165714	-1.082876	2.547796	0.476093	161.156334	-3.578104	-132.346161	-82.266353	-0.441896	6.215740	-0.034195
0.900000	194.191974	25.233117	194.462098	-14.807727	-1.100319	2.673534	0.496505	163.919523	-3.898182	-134.742854	-82.051800	-0.094067	6.901624	0.361673
0.920000	191.513181	25.153939	191.742214	-16.444102	-1.112556	2.796055	0.488673	166.908053	-4.235350	-137.189411	-81.811181	-0.454838	8.231532	0.022524
0.940000	188.755747	25.064410	188.977586	-18.078254	-1.138383	2.975592	0.506789	170.025571	-4.586419	-139.686978	-81.536007	-3.986684	9.114246	0.722918
0.960000	186.011571	24.968610	186.161959	-19.704672	-1.249117	3.119853	0.507267	166.330317	-4.952058	-142.239858	-81.228841	-4.848777	2.785672	0.216596
0.980000	183.266043	24.866532	183.290831	-21.326063	-1.248787	3.215455	0.520938	171.189629	-5.333339	-144.852002	-80.882698	-2.082915	5.487205	0.930789
1.000000	180.467729	24.755049	180.370581	-22.942703	-1.285473	3.341204	0.532650	172.530773	-5.725637	-147.521303	-80.497946	-1.370539	4.693273	0.610770
1.020000	177.583627	24.638845	177.397647	-24.549551	-1.302072	3.519700	0.539747	176.249996	-6.132260	-150.255589	-80.070640	-3.979171	6.695811	0.089719
1.040000	174.753843	24.510499	174.364249	-26.145110	-1.319581	3.604084	0.550929	180.034012	-6.554159	-153.057764	-79.598802	1.773225	7.870019	0.682883
1.060000	171.777440	24.374933	171.280190	-27.734969	-1.346456	3.813693	0.564700	182.298956	-6.992695	-155.925373	-79.075383	-2.146791	7.984347	0.567761
1.080000	168.809816	24.233382	168.134936	-29.311600	-1.361148	3.974854	0.573877	186.004576	-7.452611	-158.870827	-78.498415	-1.936812	9.468632	0.426263
1.100000	165.720220	24.100828	164.820763	-30.854935	-1.392757	4.120839	0.590301	188.383093	-7.924507	-162.086362	-77.953255	0.206891	8.873555	0.753652
1.120000	162.652645	23.944441	161.539215	-32.378991	-1.435159	4.299280	0.596174	190.224655	-8.428197	-165.229323	-77.245003	-0.322690	8.187049	0.514125
1.140000	159.572627	23.772222	158.202946	-33.914384	-1.393016	4.452546	0.595739	197.674368	-8.952533	-168.440062	-76.506330	1.389915	13.433758	0.240677
1.160000	156.380662	23.591543	154.799653	-35.436397	-1.467096	4.704418	0.596872	197.225552	-9.499349	-171.745158	-75.695836	-2.974168	10.134843	0.297623
1.180000	153.236872	23.395818	151.332430	-36.936561	-1.532551	4.872633	0.608654	198.370377	-10.072378	-175.155557	-74.796153	-1.567625	8.220281	0.382152
1.200000	150.021237	23.186197	147.794919	-38.424601	-1.545022	5.070625	0.620427	202.328315	-10.669552	-178.670543	-73.815835	-2.972163	9.568005	-0.034087
1.220000	146.832469	22.961639	144.194458	-39.869543	-1.603067	5.205472	0.607744	202.809370	-11.336253	-182.301102	-72.686391	1.495832	6.627053	-0.070066
1.240000	143.504427	22.730039	140.511365	-41.309841	-1.559618	5.434311	0.615363	210.749467	-12.001108	-186.052194	-71.511263	-0.848976	11.759128	0.333350
1.260000	140.192376	22.488552	136.740353	-42.750343	-1.575883	5.616082	0.622816	214.436951	-12.680039	-189.903395	-70.240249	0.057609	12.321414	-0.054176
1.280000	136.815717	22.226412	132.904719	-44.138681	-1.651410	5.841241	0.619139	214.118991	-13.421685	-193.890894	-68.805445	-0.678930	8.504802	-0.099208
1.300000	133.412300	21.949633	128.985322	-45.496686	-1.661011	6.040966	0.612583	218.851476	-14.208730	-198.009461	-67.221411	0.941904	9.738986	-0.087145
1.320000	129.968233	21.655775	124.983829	-46.827190	-1.673895	6.247872	0.598968	224.188518	-15.037468	-202.265637	-65.476273	1.297870	11.687195	-0.531421
1.340000	126.413389	21.340752	120.896158	-48.088031	-1.708014	6.526298	0.580588	226.525234	-15.943016	-206.712285	-63.530512	-2.192648	10.500976	-0.737138
1.360000	122.835501	21.013479	116.717567	-49.339490	-1.681539	6.794702	0.565023	233.579662	-16.873980	-211.265745	-61.421031	-4.746025	14.073237	-1.132439
1.380000	119.325195	20.665927	112.446057	-50.540388	-1.734256	6.956965	0.535882	236.320785	-17.860085	-215.969708	-59.108041	1.315866	12.347072	-1.218108
1.400000	115.692326	20.296118	108.078492	-51.696299	-1.723219	7.210894	0.510891	242.460411	-18.921292	-220.828633	-56.555718	1.458426	14.346782	-1.200125
1.420000	112.017780	19.902923	103.612884	-52.783858	-1.722161	7.478396	0.493707	247.547190	-20.076984	-225.915718	-53.702353	1.407463	15.015942	-1.071896
1.440000	108.283809	19.489103	99.040260	-53.826580	-1.744464	7.784630	0.459043	250.698663	-21.281429	-231.091934	-50.572040	-1.498053	14.025509	-1.829076
1.460000	104.570935	19.050369	94.368554	-54.806203	-1.766245	8.045548	0.421397	255.005711	-22.568600	-236.450903	-47.120216	-1.101553	13.649112	-2.208516
1.480000	100.830372	18.585515	89.586562	-55.711955	-1.763474	8.297842	0.366799	261.748844	-23.936238	-241.967738	-43.294959	0.017369	15.490903	-2.628880
1.500000	97.033781	18.092176	84.689695	-56.535324	-1.747885	8.597455	0.314459	268.757705	-25.401020	-247.654413	-39.039639	-0.625536	17.464176	-2.584004
1.520000	93.275708	17.567042	79.679907	-57.266327	-1.802859	8.848979	0.250143	271.307403	-26.987472	-253.490242	-34.302018	2.428380	14.420786	-3.219935
1.540000	89.440735	17.010238	74.550166	-57.897583	-1.827230	9.189305	0.177823	276.199105	-28.692435	-259.430170	-29.035042	-1.048411	14.191217	-3.479414
1.560000	85.640654	16.418069	69.301820	-58.421389	-1.814390	9.497923	0.105468	283.110921	-30.507000	-265.485053	-23.123209	-1.299316	15.475731	-4.156334
1.580000	81.857257	15.785545	63.926084	-58.818468	-1.802444	9.802723	0.019742	290.927376	-32.466102	-271.603439	-16.522294	0.466151	17.201684	-4.447293
1.600000	78.112306	15.115195	58.432082	-59.072551	-1.786856	10.102168	-0.080411	297.498997	-34.579977	-277.711205	-9.125888	2.644360	17.422380	-5.104813
1.620000	74.367974	14.396481	52.816655	-59.165738	-1.816849	10.510300	-0.192051	300.743884	-36.840041	-283.748092	-0.864198	-2.831328	15.022267	-6.018204
1.640000	70.762044	13.633928	47.081720	-59.086181	-1.808139	10.804711	-0.325752	308.761257	-39.272607	-289.604600	8.399109	1.392814	16.062858	-7.324847
1.660000	67.215781	12.819641	41.227614	-58.811447	-1.774589	11.187847	-0.479791	316.085538	-41.862292	-295.095762	18.770552	-0.921268	17.153345	-8.329174
1.680000	63.845096	11.946187	35.261079	-58.294281	-1.736738	11.464361	-0.651501	325.191563	-44.706872	-300.314974	30.550079	5.079854	18.545779	-9.433103
1.700000	60.629120	11.019571	29.212698	-57.548485	-1.710068	11.889748	-0.858433	331.405648	-47.572198	-304.495618	43.398356	0.608466	18.881190	-10.784363
1.720000	57.700579	10.038009	23.082566	-56.531072	-1.717632	12.264639	-1.086197	335.963423	-50.545281	-307.545989	57.507161	0.947393	17.074320	-12.074313
1.740000	55.085326	8.991329	16.906042	-55.212248	-1.679820	12.647396	-1.338473	342.735460	-53.592106	-309.134042	72.771326	0.005911	18.286733	-13.196601
1.760000	52.842572	7.867287	10.703813	-53.547290	-1.627031	12.980740	-1.614536	349.495891	-56.687687	-309.073099	89.550424	2.870579	19.177203	-14.622174
1.780000	51.074898	6.691231	4.543387	-51.547486	-1.574401	13.355793	-1.922230	354.304795	-59.599948	-306.699422	106.992824	2.794080	19.475338	-16.493611
1.800000	49.853193	5.471896	-1.542458	-49.217393	-1.523356	13.688320	-2.266027	357.415319	-62.240417	-301.753858	124.320247	5.522999	19.021847	-18.006057
1.820000	49.240609	4.198642	-7.504195	-46.541208	-1.466613	14.064394	-2.639745	357.999710	-64.519285	-294.276426	141.247025	3.871552	18.232074	-19.454324
1.840000	49.226870	2.889924	-13.284153	-43.533925	-1.413039	14.402203	-3.058811	356.775933	-66.264112	-284.356512	157.139946	3.939763	16.505385	-21.305007
1.860000	49.824013	1.532070	-18.846927	-40.204417	-1.347071	14.725871	-3.502781	355.236303	-67.694276	-272.269523	172.003654	3.139844	15.995218	-23.134240
1.880000	50.981556	0.171548	-24.143086	-36.615877	-1.282734	14.982670	-3.963474	351.463054	-68.335956	-258.569990	184.372786	5.297719	14.822893	-23.859516
1.900000	52.667207	-1.210213	-29.152506	-32.777869	-1.236619	15.245789	-4.447225	344.091125	-68.471433	-243.619408	195.031377	4.648655	11.330639	-24.177720
1.920000	54.838806	-2.570267	-33.856414	-28.778829	-1.164587	15.513430	-4.947396	338.096553	-68.169338	-228.407976	202.951593	1.529729	10.984270	-25.396106
1.940000	57.301158	-3.928296	-38.249393	-24.638502	-1.113199	15.672415	-5.456831	330.927848	-67.343046	-213.022708	209.007879	4.078461	8.889192	-25.869360
1.960000	60.114121	-5.261811	-42.353115	-20.409014	-1.060847	15.851398	-5.976617	322.858982	-66.397277	-198.257439	213.069906	3.474242	7.577854	-25.651114
1.980000	63.179136	-6.575883	-46.159509	-16.120195	-1.040797	16.035806	-6.491647	312.525740	-65.152930	-184.031510	215.591349	0.258576	3.728030	-25.531086
2.000000	66.324729	-7.860523	-49.690918	-11.792530	-0.983629	16.101706	-6.995803	305.839939	-63.706618	-170.551883	216.736063	4.102270	3.277574	-25.592934
2.020000	69.670973	-9.118386	-52.959641	-7.456937	-0.890802	16.223797	-7.513161	299.147085	-62.149606	-157.809996	216.741695	2.529360	5.671275	-25.290295
2.040000	73.063247	-10.342318	-55.981608	-3.136681	-0.820416	16.294638	-8.006550	291.748668	-60.608213	-145.937154	215.894110	4.193417	6.461798	-24.298715
2.060000	76.522224	-11.535075	-58.776250	1.161461	-0.845754	16.378516	-8.489981	281.371740	-58.988602	-134.864520	214.452319	1.792582	1.114718	-24.263727
2.080000	80.017947	-12.693722	-61.359133	5.419794	-0.812180	16.451511	-8.974799	273.310147	-57.389711	-124.607327	212.421165	-0.211928	0.810903	-23.586048
2.100000	83.459207	-13.816545	-63.744671	9.634584	-0.780453	16.451383	-9.446627	266.839996	-55.730816	-115.108519	210.098021	2.092166	1.171249	-23.009469
2.120000	86.938214	-14.908525	-65.950114	13.796566	-0.745150	16.490920	-9.891572	259.271346	-54.167852	-106.216406	207.351801	1.300993	1.657293	-21.794665
2.140000	90.366180	-15.972359	-67.983863	17.903456	-0.730951	16.496410	-10.324708	252.193214	-52.712977	-97.914947	204.377586	2.138860	0.710904	-21.156523
2.160000	93.796606	-17.012516	-69.858235	21.946825	-0.735907	16.537228	-10.744141	244.474469	-51.280657	-90.159455	201.259708	-0.871430	-0.598269	-20.563351
2.180000	97.137884	-18.022592	-71.585516	25.932166	-0.730839	16.514449	-11.150982	237.907283	-49.794629	-82.892100	197.919332	0.205240	-1.556673	-19.989908
2.200000	100.468661	-19.002608	-73.184596	29.840837	-0.689543	16.516431	-11.539220	232.295013	-48.379554	-76.176888	194.810306	-0.140977	0.765611	-18.997703
2.220000	103.717593	-19.950109	-74.640476	33.686944	-0.696167	16.499817	-11.920860	225.803149	-46.953122	-69.812091	191.407248	0.496475	-1.938676	-18.661306
2.240000	106.918903	-20.870449	-75.978768	37.464629	-0.701303	16.488922	-12.280558	219.319214	-45.620383	-63.924310	187.951292	-0.442162	-2.873860	-17.797799
2.260000	110.075770	-21.770161	-77.203834	41.176693	-0.657016	16.469252	-12.640247	214.836864	-44.336948	-58.382191	184.542270	-0.451913	-0.241844	-17.568299
2.280000	113.160921	-22.643793	-78.323322	44.817784	-0.635605	16.438023	-12.986379	210.169082	-43.115871	-53.120004	181.082137	0.251422	1.770107	-17.103122
2.300000	116.174666	-23.488820	-79.338681	48.392131	-0.669111	16.403481	-13.327009	204.575147	-41.922275	-48.173925	177.651803	0.137635	-0.131782	-16.703303
2.320000	119.148852	-24.320950	-80.262556	51.892465	-0.757322	16.408226	-13.651141	198.105800	-40.778500	-43.470705	174.528557	-2.794298	-4.998343	-16.057345
2.340000	122.022958	-25.122313	-81.090281	55.326985	-0.778900	16.355328	-13.964817	193.673912	-39.616886	-39.040571	171.149686	-0.967548	-4.531128	-15.464652
2.360000	124.873252	-25.901113	-81.836668	58.697158	-0.771507	16.339595	-14.263471	188.763945	-38.514714	-34.836040	167.758109	-1.918288	-2.175739	-14.521438
2.380000	127.656311	-26.658533	-82.503357	62.003937	-0.768962	16.318027	-14.547993	184.544053	-37.438684	-30.855799	164.466069	-2.719432	0.376794	-14.071339
2.400000	130.359571	-27.391995	-83.089915	65.244349	-0.879897	16.307825	-14.823222	179.340791	-36.358370	-27.061289	161.155245	-3.489827	-5.305566	-13.800368
2.420000	132.991487	-28.105405	-83.604492	68.418995	-0.877374	16.245389	-15.099693	176.373455	-35.302584	-23.423127	157.952707	-1.289323	-1.956442	-13.773456
2.440000	135.589528	-28.801038	-84.046706	71.532620	-0.900833	16.232898	-15.358688	171.436242	-34.305303	-19.932642	154.753058	-3.037659	-1.681145	-12.816637
2.460000	138.128343	-29.477369	-84.419246	74.583930	-0.945956	16.223795	-15.617933	166.750858	-33.285530	-16.603829	151.599444	-4.873172	-2.121955	-12.073589
2.480000	140.552489	-30.132952	-84.726491	77.572952	-1.002624	16.154989	-15.858055	163.309315	-32.302950	-13.404213	148.501580	-2.632989	-3.969455	-11.812521
2.500000	142.914433	-30.766336	-84.969035	80.499865	-1.027133	16.085423	-16.082284	159.777485	-31.353855	-10.375138	145.456265	-1.311426	-2.036762	-11.249730
2.520000	145.246114	-31.382314	-85.155020	83.367643	-1.036328	16.042456	-16.304949	156.130728	-30.424043	-7.452474	142.427302	-0.757194	-0.128604	-10.683910
2.540000	147.519053	-31.980853	-85.281363	86.174935	-1.104184	16.027569	-16.513928	152.084846	-29.498382	-4.639405	139.465592	-3.535453	-1.617326	-10.356282
2.560000	149.696275	-32.562556	-85.356010	88.928069	-1.176207	15.945953	-16.721277	149.208744	-28.590484	-1.972937	136.503151	-1.513300	-3.718393	-10.217771
2.580000	151.858886	-33.130787	-85.379753	91.621393	-1.188357	15.919514	-16.910910	145.282373	-27.720449	0.562063	133.575739	-3.388551	-1.638693	-9.637680
2.600000	153.949342	-33.673987	-85.352880	94.255322	-1.273368	15.883462	-17.108060	142.044488	-26.909622	3.037045	130.725635	-4.562824	-3.778166	-9.384358
2.620000	155.942953	-34.206747	-85.278271	96.834660	-1.304466	15.771348	-17.290793	139.442526	-26.098738	5.412527	127.917908	-0.310216	-2.037243	-8.916558
2.640000	157.933836	-34.719086	-85.159092	99.361708	-1.326171	15.743697	-17.457113	136.054320	-25.286732	7.705616	125.126795	-1.939414	-1.122978	-8.618248
2.660000	159.852034	-35.216830	-84.990225	101.832028	-1.446258	15.707295	-17.634414	132.857676	-24.490462	9.946567	122.359292	-3.367443	-5.097069	-7.942930
2.680000	161.698519	-35.697122	-84.775529	104.244095	-1.470080	15.633397	-17.792654	129.842827	-23.722637	12.094017	119.634793	-3.107018	-3.213110	-7.643829
2.700000	163.511774	-36.164135	-84.519947	106.606012	-1.516997	15.593589	-17.945005	126.846280	-22.976162	14.159489	116.932060	-3.331782	-2.899308	-7.217344
2.720000	165.251458	-36.617853	-84.220730	108.910045	-1.574912	15.538308	-18.086691	124.568981	-22.250051	16.177882	114.247495	-3.295344	-2.303558	-7.475907
2.740000	166.944698	-37.054799	-83.886448	111.162714	-1.639054	15.479381	-18.230830	121.835851	-21.512754	18.126689	111.597647	-2.498381	-3.288879	-6.824486
2.760000	168.601828	-37.476632	-83.508983	113.364657	-1.659375	15.430449	-18.372541	119.500412	-20.809698	20.007910	108.998044	-2.378492	-0.714658	-7.239705
2.780000	170.211368	-37.885310	-83.099142	115.515583	-1.745480	15.403671	-18.510602	116.786902	-20.090437	21.805028	106.462544	-4.491743	-2.463994	-6.704924
2.800000	171.757873	-38.282264	-82.636512	117.628819	-1.825252	15.347622	-18.645767	115.000318	-19.458389	23.687989	104.090258	-3.740380	-3.797156	-6.465538
2.820000	173.248417	-38.665747	-82.155725	119.679976	-1.863957	15.274197	-18.768759	112.060478	-18.757541	25.390824	101.540595	-2.877482	-0.872561	-6.235140
2.840000	174.685956	-39.034224	-81.639346	121.676978	-1.972986	15.225573	-18.889146	110.904258	-18.076700	27.067823	99.004312	-2.429186	-4.247306	-6.230057
2.860000	176.120116	-39.385776	-81.090364	123.626710	-1.958384	15.195987	-19.014181	107.000166	-17.409362	28.675376	96.483685	-3.769443	0.792050	-5.915086
2.880000	177.455424	-39.729934	-80.510330	125.528126	-2.118254	15.133367	-19.137255	106.528583	-16.738719	30.249863	94.002250	-2.819795	-4.154727	-5.852278
2.900000	178.799963	-40.057568	-79.896716	127.379026	-2.125327	15.119723	-19.258104	102.955249	-16.101570	31.775357	91.509001	-4.515068	0.366176	-5.851153
2.920000	180.040951	-40.374420	-79.253794	129.179379	-2.213077	15.059204	-19.358543	101.032331	-15.464486	33.245844	89.047409	-3.531361	-0.457875	-5.446991
2.940000	181.265018	-40.677592	-78.583170	130.930890	-2.315868	15.032970	-19.473243	99.816840	-14.821668	34.687472	86.613756	-4.027567	-2.618238	-5.338259
2.960000	182.437986	-40.967200	-77.882082	132.634619	-2.376261	14.982690	-19.583949	97.564867	-14.199486	36.097295	84.189168	-3.317255	-1.875071	-5.021704
2.980000	183.558117	-41.243521	-77.153289	134.290859	-2.464782	14.942666	-19.683577	96.768009	-13.573481	37.465711	81.770063	-3.275771	-3.250068	-5.409235
3.000000	184.802834	-41.512071	-76.401759	135.894543	-2.058639	15.005382	-19.798258	86.363180	-12.958205	38.797983	79.366642	-3.727248	25.736285	-5.502553
