# MW x(kpc), MW y(kpc), MW z(kpc), MW vx(km/s), MW vy(km/s), MW vz(km/s) LMC x(kpc), LMC y(kpc), LMC z(kpc), LMC vx(km/s), LMC vy(km/s), LMC vz(km/s) 
-0.048342 -0.016489 0.015483 1.844729 -4.513559 -1.367191 18.447881 261.071690 90.969307 14.258144 2.664803 -61.117554 
0.217979 -0.199348 -0.005339 10.861278 7.461364 -0.352863 18.633239 261.108359 89.775176 10.899109 2.077697 -61.797883 
-0.018183 0.044819 -0.022448 -5.708463 -2.437324 -0.091407 18.794048 261.213315 88.510158 10.923921 1.955384 -64.719082 
-0.024656 -0.252919 -0.031100 6.986752 -3.403395 2.396419 18.996751 261.079692 87.216898 10.005527 -1.858269 -63.296408 
-0.169034 -0.167001 -0.068165 -2.356340 -12.404356 0.424443 19.384008 261.130886 85.870911 10.938084 -3.275010 -64.061451 
0.043263 -0.389448 -0.077348 11.332489 -4.238824 1.116055 19.497448 260.912336 84.678450 8.395652 -3.259231 -64.604909 
0.163017 -0.324357 -0.031008 4.250507 7.001523 0.095707 19.687835 260.865728 83.405041 10.903773 -3.929317 -67.024349 
-0.009446 -0.304857 -0.099960 3.881950 -0.613643 -3.161010 19.893806 260.898888 81.974408 11.559358 -6.454258 -67.630851 
-0.048083 -0.190726 -0.115172 1.949477 -2.892162 -2.356376 20.122742 260.772490 80.684394 11.148565 -6.083517 -67.879173 
0.024043 -0.165042 -0.130403 -4.027164 4.118455 1.354972 20.445508 260.608074 79.333011 12.542522 -6.485211 -67.389433 
-0.125093 -0.244881 -0.125761 8.889897 -4.124650 -1.018591 20.629768 260.470297 77.902304 10.167164 -10.000633 -68.293971 
0.007879 -0.211448 -0.069575 3.688811 6.487741 1.502011 20.849694 260.279101 76.553233 7.537241 -7.247799 -70.412632 
-0.104606 -0.279733 -0.053109 10.494372 -1.269262 2.968835 20.898787 260.233936 75.165702 9.379849 -10.043167 -67.352206 
-0.052515 -0.090556 0.013283 -2.425246 2.412718 2.193246 21.117172 260.024969 73.791031 9.234796 -12.063811 -67.787016 
-0.057810 -0.174128 0.010755 4.161793 -2.830172 0.549988 21.374492 259.852292 72.425441 8.790322 -13.751966 -67.053282 
-0.063085 -0.068035 -0.043400 0.802720 3.986587 -1.672931 21.344870 259.503023 71.025371 10.640960 -17.454024 -69.615803 
-0.143112 -0.000544 -0.077248 -3.579338 -0.748967 0.095453 21.595068 259.150852 69.667957 8.718397 -19.792039 -70.023952 
-0.287022 0.021625 -0.016594 -1.358029 -3.940539 0.153424 21.711164 258.818740 68.156179 7.522975 -18.622733 -70.218774 
-0.130912 0.067053 -0.052825 -5.884014 2.596679 -0.499235 21.815179 258.458344 66.839413 6.872747 -18.012658 -68.224075 
-0.157664 -0.020571 -0.015246 2.339024 -2.699856 -1.231648 21.979526 257.877075 65.483499 9.428288 -23.014981 -71.645011 
-0.097085 -0.059146 -0.013626 5.963962 -1.044934 0.716346 22.230489 257.430886 64.070461 9.708894 -24.622073 -71.667378 
-0.154220 0.171125 -0.054612 -1.954097 1.975783 -0.218379 22.464185 256.959789 62.712306 10.934004 -27.418721 -69.513329 
-0.102319 0.307930 -0.006180 -2.050357 7.994244 1.156627 22.579851 256.347290 61.250143 9.287682 -29.480935 -70.617602 
-0.213570 0.449269 -0.022487 -7.635354 1.709066 1.014726 22.865069 255.556186 59.826844 9.860505 -28.258962 -72.975765 
-0.175964 0.355619 -0.068605 0.319005 1.741581 0.370719 23.067390 255.020624 58.322618 5.850108 -27.982849 -70.904146 
-0.163959 0.346147 -0.066134 2.181270 -3.268593 1.894980 23.178057 254.356685 56.981605 6.982109 -30.113125 -73.573522 
-0.112848 0.598861 -0.056052 -8.127199 5.010687 2.637938 23.369546 253.829593 55.542091 9.706469 -30.383333 -76.470937 
-0.083082 0.554643 0.066240 0.649326 10.282717 1.014711 23.555793 253.363015 54.007177 8.232149 -30.569144 -72.762519 
-0.117947 0.601320 0.052846 4.647928 15.017995 -1.575638 23.650663 252.607679 52.598736 5.511703 -34.097020 -73.724168 
-0.362584 0.610207 0.056451 3.178203 -2.420848 -1.291783 23.798167 251.981691 51.054858 3.284733 -33.833000 -72.944884 
-0.242771 0.654060 0.047241 4.997079 2.922806 3.243415 23.882385 251.447401 49.533141 6.544242 -32.770821 -74.744663 
-0.334866 0.733249 0.089989 -3.262617 -3.885317 1.708097 23.979627 250.740600 48.185892 5.992401 -32.697484 -72.315025 
-0.383930 0.741471 0.172918 5.799523 -4.802499 0.227463 24.030169 250.182999 46.640641 5.638955 -38.782104 -75.917079 
-0.391500 0.895152 0.141706 -4.339780 -3.889637 0.982936 24.191222 249.333150 45.045642 9.969156 -39.407483 -73.899121 
-0.327313 1.004694 0.147535 -3.994361 5.226942 0.326686 24.484557 248.601290 43.715205 7.520560 -41.226579 -73.131722 
-0.348226 0.928752 0.205033 2.699924 4.617709 -0.565379 24.595211 247.687255 42.218183 7.784777 -48.158944 -72.761682 
-0.200062 1.076211 0.160454 0.125128 16.274265 -0.640067 24.607859 246.690417 40.717917 9.180435 -47.462620 -74.327612 
-0.256925 1.218952 0.118458 -1.787928 5.404086 -1.687157 24.860952 245.597150 39.164128 9.290559 -50.866129 -72.450428 
-0.336157 1.413621 0.063096 -9.419611 1.073826 -4.351049 25.236862 244.719995 37.773102 7.108211 -52.270145 -73.202355 
-0.225920 1.434274 -0.012982 -5.019693 4.628627 -1.411619 25.368872 243.578394 36.226060 5.884894 -53.578564 -76.204090 
-0.349781 1.487911 0.027791 -2.849249 1.994925 0.607969 25.406331 242.528206 34.673969 5.019562 -54.508348 -74.807410 
-0.425507 1.477187 0.038977 2.340457 -3.113110 -0.106182 25.554363 241.327233 33.163515 6.461612 -53.306201 -74.417924 
-0.260475 1.431186 0.013556 10.157541 10.594353 -1.312910 25.676013 240.189353 31.688091 3.978487 -57.625519 -75.991788 
-0.224360 1.658580 -0.043983 -1.436606 10.421461 -2.253619 25.679917 239.026453 30.261438 1.378767 -59.970828 -74.792933 
-0.263762 1.732712 -0.000896 3.410915 3.873984 4.202636 25.586732 237.990653 28.641011 1.666544 -60.875568 -75.966182 
-0.284385 1.983686 0.087938 -2.357883 0.049871 1.580782 25.656171 236.718056 27.148016 3.876702 -61.564506 -78.534230 
-0.279071 2.031509 0.056110 2.715879 2.506100 1.051745 25.704395 235.467283 25.578105 2.753933 -64.225004 -77.920703 
-0.236742 1.924730 0.051013 7.824471 8.012775 0.467063 25.794830 234.178356 24.073068 1.615039 -64.893272 -77.424081 
-0.230866 2.215492 0.097142 0.323070 10.345936 1.190884 25.724981 232.806996 22.650675 1.789721 -66.499312 -76.195708 
-0.320413 2.344832 0.097122 -8.685188 5.104738 0.265467 25.852343 231.487895 20.957099 4.392483 -68.324470 -77.452583 
-0.101590 2.405801 0.074030 2.693548 11.694573 -0.493164 25.856468 230.077085 19.472354 3.604187 -70.519879 -78.028659 
-0.326327 2.584101 0.136949 0.868472 -2.195439 0.155020 25.993606 228.507657 17.799632 3.205562 -74.704240 -78.541776 
-0.120719 2.766462 0.074200 -1.933039 10.148716 0.794791 26.119049 226.967543 16.223853 1.675968 -76.252617 -79.096297 
-0.267274 2.754620 0.145847 1.800887 7.008380 1.000310 26.102339 225.522088 14.579559 3.175833 -77.895049 -79.471087 
-0.397034 3.038625 0.137611 -11.077287 1.169269 0.026927 26.304719 223.858274 13.164489 5.620244 -79.809547 -81.798056 
-0.400699 3.001043 0.126428 -0.716320 5.776890 0.660943 26.422033 222.346095 11.517484 2.521293 -82.743562 -81.360394 
-0.453065 3.089861 0.139738 -0.756649 1.782631 -0.039565 26.623293 220.663116 9.812927 3.193822 -83.310432 -78.451491 
-0.169707 3.370077 0.170494 -2.577134 16.148811 0.375955 26.509009 218.972179 8.168382 1.987426 -85.708398 -78.918017 
-0.341480 3.415892 0.228328 3.170488 6.010060 2.509966 26.524563 217.382529 6.760802 0.796087 -87.562565 -77.311966 
-0.249481 3.643309 0.164508 -1.411696 10.540435 1.339501 26.634015 215.654773 5.127636 2.936413 -90.131166 -77.361912 
-0.177442 3.892876 0.276011 -8.122422 16.392130 -0.360710 26.561275 213.716543 3.663515 -0.441017 -93.205818 -78.299325 
-0.293555 3.866208 0.298433 3.619809 11.405429 -0.572676 26.571853 211.925493 2.130136 1.192466 -92.540896 -78.841813 
-0.369972 3.848208 0.245618 10.947309 5.909617 1.674121 26.687265 210.005085 0.449440 0.554964 -96.488173 -79.747321 
-0.413382 3.995146 0.231862 8.793201 1.008974 0.854490 26.532862 208.011441 -1.050150 0.540864 -99.690495 -77.585438 
-0.434465 4.260417 0.209335 -2.869889 -2.173974 -0.709012 26.516069 205.968074 -2.377949 -0.902757 -103.257105 -76.136035 
-0.295767 4.299880 0.198850 6.210389 9.822945 -0.450164 26.461803 203.771513 -3.989060 -1.789978 -103.307017 -78.438090 
-0.274650 4.611071 0.233399 0.545423 16.190178 -1.224515 26.535843 201.679759 -5.610968 -1.140809 -106.600804 -80.879054 
-0.463918 4.825905 0.248563 3.310207 7.442476 -0.255755 26.643521 199.280932 -7.230967 0.880766 -110.158128 -76.551282 
-0.210352 5.017419 0.170817 -2.802501 17.919693 -1.450255 26.496443 197.099696 -8.775374 -0.330982 -111.942331 -77.270909 
-0.279984 5.056641 0.221640 8.888617 9.500659 -3.025890 26.653863 195.022240 -10.497764 -0.340961 -113.387072 -78.309645 
-0.159150 5.350299 0.178286 0.097293 15.197480 0.650803 26.653007 192.704240 -12.157871 1.081544 -120.647195 -78.770021 
-0.344197 5.638281 0.158793 -2.389292 7.700696 0.969516 26.635589 190.220361 -13.735247 -4.481788 -122.090641 -78.252940 
-0.301508 5.718552 0.121932 2.765231 12.198045 -1.119128 26.498735 188.018037 -15.309827 -2.059358 -121.318302 -77.030879 
-0.428084 5.928294 0.207977 2.939279 11.113550 -0.162608 26.514307 185.535628 -16.872262 -1.881453 -122.067317 -76.963622 
-0.386998 6.225310 0.155258 -5.173036 9.050981 0.219256 26.462974 183.229177 -18.288459 -2.799302 -127.851619 -78.214832 
-0.459693 6.473842 0.154832 -4.532280 2.433270 0.384040 26.490993 180.610986 -19.801905 -5.343600 -128.933586 -76.475379 
-0.442441 6.583888 0.152816 3.770824 0.924106 0.308146 26.204005 177.941583 -21.279860 -6.407331 -134.597721 -78.733853 
-0.271792 6.792301 0.135575 8.620427 12.860865 -0.252752 25.994863 175.271436 -22.798122 -8.946539 -135.672085 -74.729791 
-0.424465 7.138442 0.137200 1.745627 7.063985 -0.195398 25.840092 172.563131 -24.207816 -7.774616 -138.017251 -75.152675 
-0.302675 7.393558 0.156022 -1.278120 13.922089 0.110327 25.709364 169.656020 -25.789925 -7.457784 -143.829883 -76.100437 
-0.373662 7.726829 0.100377 -9.823511 7.233879 -1.743850 25.714372 166.729119 -27.218774 -6.040944 -147.511048 -71.762745 
-0.169137 7.991640 0.044778 -8.360618 11.839122 -2.567795 25.536498 163.643166 -28.748376 -7.301356 -150.388720 -72.781361 
-0.183351 7.954481 0.033549 7.686912 5.856841 -4.473236 25.382158 160.587070 -30.173782 -9.848988 -153.326728 -74.550087 
0.020750 8.321403 0.008307 2.347219 20.782567 -4.850508 25.139723 157.556794 -31.753275 -9.805636 -155.373049 -73.135132 
-0.006487 8.610394 -0.081687 2.288419 19.157658 -2.638244 24.998886 154.495938 -33.285257 -6.969148 -160.662490 -70.735833 
-0.128856 8.983350 -0.080007 -7.159736 13.842377 -3.217176 24.913277 151.264743 -34.747420 -8.217328 -165.360567 -70.713550 
-0.009942 9.338928 -0.135783 -11.047935 16.876493 -3.599275 24.817065 147.779263 -36.188509 -10.217956 -169.789386 -68.121200 
0.034305 9.319485 -0.266698 6.739548 15.318810 -3.542409 24.398890 144.394076 -37.452721 -12.338026 -174.684096 -65.944826 
-0.045445 9.598909 -0.275104 8.612969 12.115599 -0.277335 24.141602 140.992656 -38.744133 -11.958303 -176.009375 -68.130891 
-0.031948 9.901843 -0.231669 8.145818 11.185526 2.603369 23.827666 137.379397 -40.135345 -14.082389 -178.756831 -65.297613 
0.159300 10.330952 -0.285806 -0.172396 18.318560 1.280655 23.533922 133.758593 -41.354762 -12.722534 -185.595097 -63.597718 
0.141350 10.525459 -0.352337 3.518691 17.722518 -4.685747 23.292925 129.860958 -42.339393 -12.956280 -190.322204 -63.175461 
0.041402 11.014177 -0.453489 -7.910533 10.200338 -4.440157 22.796137 125.982382 -43.628628 -18.257312 -193.707841 -58.856946 
0.165811 11.372165 -0.491552 -8.736522 23.160096 -5.254395 22.529265 122.047895 -44.857814 -17.181778 -198.275477 -57.731045 
0.108759 11.764109 -0.568069 -11.100969 19.221973 -3.862201 22.182673 118.048094 -45.888572 -19.110242 -202.141247 -55.627078 
0.104562 11.879394 -0.699916 4.767675 19.150746 -4.362856 21.820085 113.755160 -46.956509 -16.102573 -207.719104 -53.577603 
0.189424 12.319020 -0.769566 -2.954915 21.021804 -1.837212 21.559226 109.572435 -48.057783 -19.169403 -215.617625 -52.598403 
0.324964 12.383497 -0.868271 14.483051 20.624654 -4.277234 21.144981 105.332492 -49.115887 -19.800529 -218.573064 -49.532295 
0.237529 12.939838 -0.942974 -0.351178 9.480637 -5.545805 20.771606 100.973020 -50.121991 -20.940163 -224.168640 -44.854753 
0.345438 13.263383 -1.149182 0.703116 13.555899 -6.672327 20.360061 96.255240 -51.033583 -23.525798 -231.146431 -39.520601 
0.570186 13.589613 -1.214182 3.263705 29.296510 -4.311978 19.950285 91.599984 -51.784870 -27.360527 -239.353015 -35.407750 
0.407835 13.955740 -1.376704 5.523481 21.080593 -4.908074 19.365993 86.789297 -52.521954 -28.500492 -246.708138 -29.535355 
0.473757 14.249687 -1.454040 7.624141 24.740883 -7.712894 18.878018 81.858276 -52.997786 -27.861910 -251.948326 -24.905907 
0.522246 14.743269 -1.628613 2.137152 24.573253 -8.205042 18.226096 76.875416 -53.471872 -29.576632 -259.832063 -20.493664 
0.429913 15.206956 -1.810236 -1.960653 13.627719 -7.918472 17.603955 71.626624 -53.795925 -34.175068 -266.479062 -14.812224 
0.694292 15.576046 -1.931987 7.724076 24.088766 -11.434826 16.815394 66.066316 -54.048074 -39.813831 -274.656644 -3.823040 
0.776843 16.195418 -2.129434 -2.728020 23.532016 -11.410528 15.935717 60.628566 -53.931940 -38.311456 -281.520333 4.817355 
0.766902 16.709545 -2.371681 1.673176 22.345633 -10.654612 15.113831 54.802415 -53.804151 -43.260590 -288.516604 11.879042 
0.919975 17.006609 -2.571339 11.225501 28.533651 -11.813745 14.315597 49.167486 -53.417407 -44.711938 -293.203821 23.368690 
0.875975 17.622635 -2.890843 1.968872 23.003469 -13.283899 13.355324 43.120761 -52.758399 -45.945332 -302.146742 34.849336 
1.059798 18.202348 -3.175937 -4.677913 24.464053 -13.771183 12.326714 37.075378 -52.044006 -51.230011 -308.043406 48.872860 
1.229614 18.570897 -3.556102 6.664241 26.876645 -16.040228 11.206914 30.815182 -50.788639 -56.390552 -311.441439 69.346494 
1.108156 19.158351 -3.874426 -0.438756 14.095075 -18.238083 10.022375 24.612767 -49.102941 -59.148687 -315.486133 88.727401 
1.388432 19.332842 -4.316568 17.303946 25.546788 -22.933351 8.870087 18.347090 -47.229515 -61.939855 -316.861512 110.707661 
1.359818 19.985938 -4.757303 -0.112210 18.396560 -26.732448 7.642837 11.931004 -44.681250 -68.104247 -312.004231 133.136795 
1.655250 20.281814 -5.374349 11.421654 29.082406 -26.562651 6.288915 5.738319 -41.928787 -68.254225 -304.172768 156.349633 
1.735564 20.809764 -5.873505 3.046021 17.859844 -32.992474 4.911764 -0.133100 -38.581557 -71.251371 -292.504209 180.262532 
1.934972 21.063101 -6.524300 18.967867 16.492715 -34.178557 3.492951 -5.782492 -34.666707 -70.175135 -275.634529 199.433331 
1.994088 21.496796 -7.280060 15.499965 9.308836 -38.443784 2.055503 -11.180886 -30.516897 -74.069089 -255.610810 216.087161 
2.192907 21.789903 -7.983270 16.955010 13.108544 -37.952329 0.525784 -16.115546 -25.886811 -74.138837 -234.428387 226.549014 
2.187240 22.146693 -8.675630 7.145400 7.960775 -34.357998 -0.901505 -20.607558 -21.321233 -70.344880 -213.670658 230.530302 
2.570058 22.320625 -9.492306 6.424755 19.148688 -35.630724 -2.217691 -24.388584 -16.721829 -68.631097 -189.521731 235.359461 
2.605568 22.588667 -10.197357 4.810472 10.229097 -38.059490 -3.614178 -28.345480 -11.894878 -67.514245 -172.628248 237.841148 
2.484408 22.875301 -10.907654 -4.342764 -6.501131 -36.671407 -5.025327 -31.499068 -7.342207 -65.083397 -150.742337 234.876209 
2.652001 22.792528 -11.612807 10.017027 2.762559 -34.506262 -6.217931 -34.279254 -2.700877 -62.366410 -138.607134 236.048757 
2.977986 22.709502 -12.275693 18.985902 12.940642 -31.878141 -7.463488 -37.000075 2.017704 -58.028789 -123.304546 233.245763 
2.808773 22.929463 -12.912977 7.803096 -0.847866 -31.188133 -8.740927 -39.272815 6.618350 -55.673636 -110.104746 225.843104 
2.863484 23.134770 -13.523822 -0.804832 -5.853927 -29.913189 -9.700641 -41.330447 10.901946 -53.022217 -98.649658 219.977592 
3.064574 23.036567 -14.107831 6.524391 0.036252 -30.281606 -10.769888 -43.141267 15.244068 -49.823069 -86.304963 217.116490 
3.036490 23.093567 -14.662732 4.940369 -8.600541 -28.989799 -11.764047 -45.077487 19.829545 -51.130583 -76.171209 211.997337 
3.302355 23.241838 -15.230130 -7.100045 8.089760 -24.853644 -12.789992 -46.462879 24.051616 -47.335049 -65.454686 206.524110 
3.364886 22.988428 -15.700838 8.816991 6.084606 -22.341885 -13.613560 -47.576549 28.085143 -44.453810 -59.142713 201.475716 
3.412173 23.114203 -16.152233 -4.407976 4.599286 -21.473244 -14.527121 -48.707107 32.134478 -43.878922 -53.293943 197.221035 
3.410963 22.959997 -16.619191 2.785711 -6.127250 -26.854066 -15.510439 -49.888800 36.055262 -40.922441 -46.872632 190.197917 
3.356704 22.997396 -17.128413 1.164797 -13.204845 -25.179468 -16.166139 -50.697322 39.868381 -38.497210 -40.044804 184.989800 
3.585209 23.029307 -17.526349 -2.380177 0.522326 -20.878367 -16.953724 -51.366692 43.519987 -39.283606 -31.316196 178.175333 
3.759778 22.922485 -18.038460 3.788172 10.875067 -21.098826 -17.583055 -52.061811 47.071496 -37.627995 -27.196453 174.802527 
3.540225 22.874160 -18.315282 -1.297722 1.419239 -19.203436 -18.455815 -52.641516 50.595870 -38.757534 -21.997283 167.733277 
3.692576 22.920000 -18.675103 -1.612901 6.323672 -17.975041 -19.171782 -53.012885 53.737133 -34.997056 -15.641281 159.513905 
3.598081 22.896919 -19.067729 -4.552346 -4.749288 -15.285526 -19.866099 -53.264936 56.591324 -32.625938 -9.583671 154.191692 
3.526180 22.836389 -19.425905 4.466995 -10.515822 -15.532303 -20.550118 -53.400190 59.692467 -30.478027 -5.831823 151.551022 
3.711514 22.736345 -19.796082 7.002778 -4.525906 -15.295349 -20.955195 -53.473641 62.578292 -27.984475 -2.453303 147.184362 
3.766720 22.758152 -20.066507 -0.402022 4.407469 -15.372400 -21.539985 -53.520005 65.601521 -28.844273 2.162610 143.555881 
3.746582 22.875562 -20.472389 -10.280194 0.630543 -15.521410 -22.062828 -53.281910 68.385485 -25.956854 4.539261 138.779105 
3.545373 22.826829 -20.707491 -9.397757 -6.664676 -18.438920 -22.598880 -53.206725 71.215408 -24.972197 7.821198 135.234520 
3.781963 22.624171 -21.085969 4.647873 6.565501 -15.037026 -23.105595 -53.090962 73.737754 -22.953157 12.837948 131.017274 
3.807656 22.653918 -21.302571 1.095609 9.682966 -13.156637 -23.568082 -52.609436 76.384676 -20.747942 16.389839 127.219674 
3.384730 22.657127 -21.528484 -0.885028 -11.177353 -10.407800 -24.048760 -52.326511 78.839916 -18.976834 19.367140 121.997340 
3.612736 22.592462 -21.785521 2.001361 2.819680 -14.316351 -24.384040 -51.862610 81.371622 -18.016203 21.242343 120.264370 
3.631315 22.669259 -22.037051 -4.256426 2.263850 -13.234753 -24.716366 -51.464934 83.910717 -17.652779 23.908354 115.225520 
2.339578 21.616466 -22.934561 46.003421 -59.639531 -8.147008 -25.238708 -50.937151 86.094489 -17.260316 27.648066 109.164534 
