# MW x(kpc), MW y(kpc), MW z(kpc), MW vx(km/s), MW vy(km/s), MW vz(km/s) LMC x(kpc), LMC y(kpc), LMC z(kpc), LMC vx(km/s), LMC vy(km/s), LMC vz(km/s) 
-2.772673 1.516892 1.017509 -2.871753 2.297225 1.228736 8.322221 211.879199 122.718926 14.069651 34.646891 -71.172869 
-2.873617 1.562498 1.037599 -4.234056 -2.559527 0.822634 8.698094 212.652618 121.246900 17.298120 34.601977 -73.895103 
-2.890234 1.551496 1.060928 -1.152222 -0.740685 1.453002 8.943199 213.231205 119.787342 13.288871 33.966853 -73.256716 
-2.881450 1.555741 1.093896 0.712670 3.593366 1.605917 9.190097 213.877406 118.282902 15.338885 30.862525 -73.420961 
-2.938407 1.628928 1.113521 -1.658955 2.149371 1.514056 9.475175 214.529283 116.818513 13.678982 30.398074 -77.757996 
-2.998226 1.674481 1.146680 -2.391548 2.169671 1.234822 9.720253 215.097068 115.358348 13.641258 29.473020 -72.739518 
-3.052672 1.740292 1.187880 -3.872401 1.927624 1.778234 10.023397 215.676101 113.837051 10.315172 25.423234 -74.645833 
-3.112775 1.771871 1.213663 -2.539501 2.585882 1.586761 10.201860 216.129604 112.288630 10.696865 24.662058 -78.355644 
-3.167178 1.859943 1.258143 -5.475974 3.089303 1.733412 10.423893 216.553825 110.675407 8.289449 24.598987 -78.721979 
-3.223469 1.901576 1.302076 -2.841328 2.341279 2.056740 10.713102 217.018609 109.107531 14.876127 22.741078 -79.819656 
-3.253347 1.952365 1.338688 -1.226279 3.623239 1.634245 10.931772 217.437325 107.506371 11.028037 18.256650 -79.357089 
-3.319010 2.043843 1.387422 -2.493447 2.257051 2.587563 11.229365 217.832125 105.920859 12.678986 18.450828 -80.585648 
-3.358198 2.115550 1.439563 -1.770323 3.299590 2.377358 11.488533 218.171514 104.332453 14.035674 20.461235 -81.034177 
-3.390364 2.238480 1.496669 -4.445981 4.187673 2.903674 11.755509 218.567076 102.663075 13.099637 13.786269 -81.268932 
-3.447891 2.335686 1.548749 -3.767683 4.226857 2.832403 12.015185 218.836001 101.027749 12.459494 14.465852 -81.739790 
-3.510887 2.430639 1.609780 -3.076958 2.834880 3.304113 12.231732 219.095831 99.347584 12.783526 12.591331 -84.613713 
-3.539348 2.506078 1.667509 -2.236364 4.251021 2.910334 12.466316 219.332805 97.701774 12.562066 10.725153 -85.831847 
-3.551198 2.587489 1.732491 -0.432369 5.901478 3.213667 12.763369 219.519072 95.977916 13.355236 8.130309 -85.746384 
-3.583723 2.728118 1.789587 -2.056224 6.347384 3.110974 12.957482 219.694099 94.336301 13.681641 8.187484 -84.671171 
-3.671423 2.831082 1.863214 -0.804825 3.150681 3.336968 13.297826 219.751212 92.593152 14.291155 6.380796 -85.377089 
-3.676619 2.943732 1.929707 -0.115031 6.023989 3.625095 13.459003 219.833801 90.787758 11.330718 4.682118 -86.715602 
-3.712836 3.089758 2.011100 -1.975356 6.087486 3.609359 13.749461 219.876118 89.032536 13.147543 1.256268 -87.010337 
-3.716419 3.270309 2.077117 -5.129187 9.554535 3.611912 14.017905 219.974435 87.266051 13.403263 0.275547 -87.844023 
-3.827289 3.367773 2.147267 -1.428111 5.478290 3.853085 14.242729 219.972071 85.489293 12.210916 -3.708000 -89.744362 
-3.830896 3.504574 2.222861 -1.138387 9.073577 3.996361 14.468258 219.940958 83.760218 13.666594 -3.158403 -88.611340 
-3.903573 3.641346 2.307256 -0.778254 5.975014 4.470704 14.696725 219.851057 81.959537 8.816812 -4.210560 -89.934807 
-3.908268 3.837544 2.385135 -3.213855 8.786184 4.270503 14.958443 219.782422 80.160205 9.135252 -6.508421 -91.322526 
-3.992217 3.961797 2.476213 0.129312 6.209930 4.882389 15.129858 219.560913 78.296875 9.966361 -9.975075 -91.201919 
-4.021844 4.132880 2.561514 -1.314491 6.598587 4.372287 15.376102 219.361018 76.412491 8.682678 -10.290471 -92.283486 
-4.008701 4.297055 2.648543 -0.451446 9.221114 4.632550 15.489626 219.146966 74.566961 7.914705 -11.698334 -96.080202 
-4.056180 4.528867 2.730816 -3.425532 8.660946 4.219564 15.750192 218.906736 72.647531 12.202714 -13.945041 -93.759666 
-4.099732 4.716345 2.825109 -3.956039 8.551375 4.745280 15.920973 218.581326 70.854414 11.067544 -16.844984 -93.301016 
-4.127967 4.923297 2.917587 -5.023923 9.236633 4.609149 16.123090 218.278736 68.992008 9.678862 -16.577066 -94.023160 
-4.165433 5.100735 3.005887 -3.788489 9.850831 4.324074 16.275245 217.868838 67.125652 6.750384 -22.609520 -99.208320 
-4.225706 5.325254 3.089440 -6.306884 8.895196 4.326053 16.522783 217.455339 65.213768 11.378629 -20.513935 -95.424247 
-4.263929 5.465553 3.178917 -1.425487 10.027535 4.391177 16.752113 216.956474 63.233294 8.576985 -24.374094 -97.543282 
-4.298048 5.692661 3.265388 -3.790468 10.333399 4.202603 16.919111 216.535204 61.335638 12.240949 -26.327897 -96.879938 
-4.368637 5.897395 3.364981 -3.033552 8.471843 5.122164 17.093624 216.016080 59.352768 9.760068 -29.034489 -99.432679 
-4.354593 6.095091 3.462801 -1.360902 12.436202 5.020423 17.321275 215.381027 57.397430 7.536467 -28.268278 -97.483540 
-4.418180 6.350781 3.556349 -4.581445 10.500910 4.775042 17.440949 214.817614 55.439532 7.081091 -33.027822 -96.024049 
-4.434553 6.531123 3.654564 -0.707491 11.885108 5.005654 17.567738 214.081473 53.465282 7.139661 -33.814114 -97.587062 
-4.484864 6.769205 3.759009 -1.280134 11.138607 4.768434 17.685795 213.359343 51.452196 7.535139 -35.372580 -100.156378 
-4.524682 7.003484 3.848050 -1.263111 11.137503 4.705260 17.833277 212.590235 49.451208 5.592922 -37.730605 -101.374545 
-4.523635 7.257999 3.938670 -2.187604 14.035541 4.383352 18.007590 211.811736 47.446092 5.544182 -41.490684 -99.620425 
-4.631306 7.500131 4.037718 -1.428695 8.749218 5.291981 18.153848 210.998463 45.446441 5.686868 -42.888005 -100.563487 
-4.644318 7.759998 4.131258 -1.687445 11.182513 4.414768 18.287162 210.154746 43.464398 8.537476 -45.440581 -103.291530 
-4.660026 8.042790 4.231143 -2.422064 12.753491 5.180120 18.410432 209.198075 41.474319 7.567977 -46.523744 -99.824807 
-4.652835 8.314362 4.339353 -2.833726 16.501081 4.729700 18.558202 208.275899 39.408866 5.942391 -51.284527 -103.552155 
-4.706110 8.557508 4.430731 0.010150 14.632161 5.410797 18.656693 207.271916 37.394621 5.022644 -51.124655 -100.786952 
-4.731906 8.867804 4.543250 -1.482226 15.129647 5.416106 18.832913 206.236115 35.328049 6.014567 -55.883076 -100.361426 
-4.760870 9.150226 4.652218 -1.145724 15.330706 5.493402 18.905831 205.044040 33.217284 7.436472 -55.475475 -103.846939 
-4.812074 9.445726 4.757441 -1.786962 14.136586 5.252230 19.030610 203.982829 31.177928 6.055762 -58.516165 -101.306298 
-4.823764 9.739538 4.864928 -0.718924 16.072716 5.079208 19.175602 202.743304 29.109658 2.982546 -60.480174 -101.270950 
-4.862964 10.087297 4.966855 -3.509531 14.763265 5.457911 19.233649 201.445030 27.024316 2.445435 -64.865630 -102.788192 
-4.886674 10.409804 5.082398 -3.146999 17.075249 5.721047 19.306920 200.104557 24.972961 3.934647 -64.949737 -103.358588 
-4.909802 10.716483 5.188272 -1.850640 17.293442 5.342694 19.408258 198.894281 22.941156 1.267762 -69.745656 -107.038578 
-4.914013 11.065837 5.295580 -3.344297 18.044746 5.396710 19.448513 197.398389 20.819334 3.619556 -71.867357 -103.965554 
-4.950692 11.402156 5.383901 -1.892817 18.528728 4.863822 19.522140 195.914397 18.772879 1.371513 -73.806659 -103.497418 
-4.988561 11.750237 5.495263 -2.638070 18.446136 4.969478 19.624815 194.403320 16.678152 3.613780 -79.915417 -103.161353 
-5.015101 12.096737 5.586773 -3.191223 18.717843 4.787561 19.660588 192.864879 14.597644 5.026266 -78.901477 -106.762930 
-4.993017 12.443120 5.693947 -2.313794 21.729761 4.959590 19.732475 191.196211 12.454365 3.375987 -83.963030 -104.966086 
-5.069347 12.821589 5.786482 -2.518121 17.953800 4.807288 19.801426 189.468734 10.375533 0.843598 -83.565336 -105.981231 
-5.075305 13.154541 5.879888 0.306580 18.490230 4.921492 19.730625 187.812125 8.301664 1.295941 -87.847016 -103.916891 
-5.109204 13.572068 5.975044 -1.131834 17.711224 4.871895 19.760559 185.915933 6.260899 2.403774 -92.627924 -106.594229 
-5.063913 13.983386 6.076314 -1.994127 22.629281 4.863343 19.737860 184.080164 4.209031 -0.253731 -95.054562 -106.622215 
-5.083544 14.378662 6.181022 -1.251321 21.785496 4.668586 19.704101 182.148462 2.061399 -0.004595 -95.732218 -102.678322 
-5.083346 14.782334 6.260289 0.321939 23.487173 4.286832 19.772855 180.087253 0.039631 -0.035456 -101.139001 -103.482044 
-5.145046 15.203214 6.353354 0.663745 20.143482 4.232655 19.833042 178.104010 -2.102872 -0.710859 -103.881054 -103.609083 
-5.109100 15.652539 6.439767 -1.451758 24.409492 4.043508 19.754183 175.975494 -4.097911 -2.216855 -110.522994 -104.850462 
-5.138476 16.061619 6.521704 0.478849 22.442302 4.306028 19.779561 173.832705 -6.184776 -4.130783 -111.732920 -104.385152 
-5.108727 16.501019 6.618058 0.271950 24.912470 4.406688 19.557412 171.524145 -8.264171 -2.023273 -117.839790 -102.178548 
-5.106848 16.941612 6.695412 2.182791 25.542986 4.016797 19.515562 169.230025 -10.365570 -3.497520 -117.859344 -101.518138 
-5.159415 17.435236 6.774139 -1.624519 23.039794 3.975677 19.464533 166.823076 -12.377607 -3.424573 -123.258931 -102.099737 
-5.178155 17.851565 6.846983 1.669531 21.363940 4.148952 19.361267 164.242736 -14.346156 -6.031924 -124.041916 -99.702728 
-5.129951 18.322118 6.934780 2.023751 24.817005 4.419237 19.344041 161.762856 -16.370648 -5.938301 -131.361820 -97.331760 
-5.150561 18.814863 7.011102 2.737041 23.356300 3.997918 19.175887 159.127550 -18.401627 -6.110664 -132.647964 -98.698205 
-5.109238 19.354345 7.079309 -1.148378 26.048254 3.563835 19.026975 156.378886 -20.356222 -6.452565 -135.925955 -96.413123 
-5.127200 19.864527 7.154532 -1.993585 25.089138 3.840412 18.924276 153.605790 -22.323769 -7.698529 -142.021261 -98.648359 
-5.098934 20.368884 7.223916 0.028493 27.365236 3.061942 18.720243 150.772055 -24.194645 -7.747088 -145.180833 -97.052476 
-5.100005 20.849618 7.285164 2.400857 27.400848 2.099139 18.658482 147.816895 -26.128205 -7.703647 -149.283076 -94.437969 
-5.102477 21.384910 7.330666 2.539349 26.599164 2.986803 18.410827 144.739077 -27.951529 -8.901089 -159.116711 -93.616129 
-5.131749 21.935367 7.385793 3.585682 24.432022 2.145918 18.215358 141.631816 -29.814578 -10.641001 -160.849183 -92.736915 
-5.081992 22.509774 7.433699 1.281094 26.656599 2.629976 17.983495 138.341024 -31.634470 -13.978254 -165.479021 -93.678057 
-5.031594 23.065304 7.470933 2.848425 29.430481 1.657780 17.701040 135.052608 -33.436980 -12.511557 -169.629221 -88.106894 
-4.998727 23.664778 7.503082 2.057714 30.119348 1.189063 17.425636 131.555122 -35.155952 -14.870259 -174.917675 -87.707872 
-4.951776 24.260942 7.527540 2.087584 32.894490 1.243741 17.121468 127.975823 -36.845023 -16.205905 -181.205862 -83.823948 
-4.945557 24.915438 7.535042 0.208999 31.805819 0.451196 16.856122 124.458341 -38.440577 -18.309864 -183.498590 -79.395240 
-4.962729 25.539486 7.551401 1.638967 29.805136 -0.075323 16.531327 120.619334 -40.084916 -16.613881 -188.844255 -78.090530 
-4.904679 26.192232 7.546081 -0.850995 32.047302 -0.678677 16.116229 116.814183 -41.642460 -18.308079 -196.210905 -75.101285 
-4.866461 26.876627 7.520041 -1.873717 32.771664 -1.016608 15.775268 112.846696 -43.117458 -18.896936 -201.563944 -71.805205 
-4.853004 27.502634 7.502576 2.128664 33.704048 -1.606552 15.306589 108.784804 -44.498067 -21.977085 -207.176614 -65.974361 
-4.798672 28.190503 7.456955 1.874796 35.538394 -2.246987 14.848910 104.510789 -45.731158 -22.682891 -214.152895 -61.108741 
-4.726339 28.894544 7.400778 2.336639 37.403713 -2.421418 14.393999 100.227344 -46.907233 -23.337585 -221.310970 -57.806693 
-4.664289 29.626651 7.340069 2.618653 37.844575 -3.799570 13.848847 95.694315 -48.025488 -27.521027 -225.266242 -52.419302 
-4.639166 30.359358 7.255618 3.747989 37.081286 -4.608985 13.269188 91.094242 -49.022862 -29.989158 -231.619987 -45.576071 
-4.560592 31.134641 7.139266 3.365803 38.847076 -5.704791 12.692647 86.396767 -49.931500 -33.735177 -238.921989 -38.284333 
-4.499018 31.892240 7.006326 4.623788 38.548544 -6.672356 11.988383 81.615829 -50.676916 -31.729774 -246.246969 -34.016265 
-4.419035 32.690695 6.856086 5.503488 39.435149 -8.194072 11.266741 76.550584 -51.155518 -34.427282 -252.516098 -23.657341 
-4.332063 33.512306 6.668263 3.511494 40.774013 -9.884753 10.505056 71.487143 -51.467683 -38.725898 -260.187911 -11.662314 
-4.248466 34.307853 6.446749 4.011185 40.864164 -11.223893 9.667839 66.291523 -51.616319 -42.020495 -262.736414 -2.762673 
-4.125783 35.145607 6.202060 2.989510 41.846601 -13.750544 8.857869 60.895259 -51.470552 -46.472210 -268.407763 11.222070 
-4.031341 35.953930 5.908051 6.489178 42.152147 -15.552103 7.967209 55.505390 -51.178469 -46.712453 -271.176228 21.466878 
-3.925712 36.769674 5.566310 7.003340 40.818303 -17.863894 7.088684 49.993982 -50.591300 -47.495715 -276.809115 37.840828 
-3.801597 37.593648 5.185084 7.528109 40.184762 -20.241580 6.057909 44.461232 -49.630183 -54.381916 -280.023171 52.931893 
-3.619660 38.403793 4.753454 8.042291 43.401713 -22.978297 4.976347 38.863906 -48.382204 -56.867043 -279.752949 70.238117 
-3.472012 39.241448 4.262666 7.336663 42.908769 -25.676518 3.809948 33.189331 -46.845675 -57.504556 -278.832938 86.669292 
-3.348135 40.051348 3.725508 8.416636 40.332097 -28.218445 2.675798 27.702249 -44.861815 -60.789868 -271.842030 107.417089 
-3.224426 40.838620 3.130493 8.323441 38.622306 -31.063762 1.426333 22.302163 -42.585624 -64.153930 -267.577925 123.528087 
-3.088386 41.586579 2.494938 7.438148 35.609500 -33.155498 0.250512 17.051113 -39.901740 -64.429342 -258.889527 142.052303 
-2.931245 42.262510 1.808629 8.884326 34.112609 -35.403381 -1.027132 12.029060 -36.883830 -65.193919 -245.204628 159.311670 
-2.763901 42.924621 1.086300 9.008343 32.889926 -37.408046 -2.327743 7.282541 -33.452285 -64.928107 -230.743842 174.458575 
-2.617887 43.572980 0.323761 8.200999 30.442219 -38.707375 -3.660554 2.766811 -29.929865 -65.742433 -215.603164 184.795469 
-2.466357 44.156032 -0.460840 6.646015 27.990565 -39.963228 -4.967265 -1.381318 -26.145600 -66.738998 -200.292698 195.779016 
-2.322935 44.681963 -1.255295 8.905227 27.564640 -39.910724 -6.242255 -5.170911 -22.221321 -66.158086 -181.597167 203.393009 
-2.229686 45.178348 -2.064541 6.356783 23.324807 -40.596303 -7.461342 -8.730026 -18.107705 -60.437256 -169.073463 205.884293 
-2.088722 45.635052 -2.871758 5.700065 21.315603 -40.193329 -8.586297 -11.772451 -13.938895 -58.698877 -148.323940 210.426426 
-1.980634 46.078059 -3.676544 3.157347 17.760251 -39.917349 -9.766812 -14.705650 -9.644938 -56.860394 -133.986160 213.937152 
-1.876111 46.424359 -4.482413 4.542869 16.947517 -40.206706 -10.859378 -17.153392 -5.322172 -52.135479 -119.304805 212.241710 
-1.786521 46.734677 -5.274512 4.031793 14.618286 -39.381814 -11.981607 -19.410872 -1.119754 -54.628890 -105.864697 211.786556 
-1.738769 47.025940 -6.059741 3.192284 10.889312 -38.409580 -13.059616 -21.377459 3.108756 -50.307654 -95.122876 208.125566 
-1.566857 47.255834 -6.825367 5.171208 13.462222 -37.773528 -14.048198 -23.189535 7.272516 -48.816451 -80.324243 205.036999 
-1.493991 47.505633 -7.574865 2.888743 12.303671 -36.347513 -15.087353 -24.677553 11.299178 -45.613024 -70.474541 201.793057 
-1.425090 47.696703 -8.296151 4.916224 11.917046 -35.410636 -15.844965 -25.998266 15.316450 -45.971505 -61.043301 198.349844 
-1.364051 47.952022 -8.987226 1.846960 9.506784 -34.411966 -16.766681 -27.111381 19.295531 -43.532614 -49.333943 195.763985 
-1.340359 48.175323 -9.660697 -0.391809 7.751996 -32.906888 -17.566834 -28.095852 23.144361 -38.927855 -39.730924 191.630572 
-1.302363 48.321034 -10.296618 -0.356449 6.966872 -31.255170 -18.327240 -28.736517 26.941819 -37.009238 -33.518019 186.740441 
-1.287921 48.429633 -10.914060 1.455571 3.887766 -30.415179 -19.101655 -29.324520 30.562945 -36.270478 -25.224128 182.219007 
-1.209895 48.520855 -11.517183 3.344761 5.059694 -29.208066 -19.826390 -29.718431 34.054356 -33.882214 -16.461579 177.651592 
-1.154910 48.626143 -12.075798 3.025337 5.731464 -27.804408 -20.548363 -29.998560 37.578174 -32.588843 -8.548591 170.289515 
-1.109725 48.724788 -12.615906 3.305532 5.602462 -26.036196 -21.125607 -30.092759 40.920114 -30.417995 -5.716832 168.087471 
-1.068033 48.835967 -13.115627 2.556581 5.600577 -24.561465 -21.716701 -30.178744 44.301998 -28.846587 2.044642 162.021067 
-1.052429 48.974335 -13.605954 -0.232544 4.322214 -24.447006 -22.291647 -30.080388 47.521611 -25.803896 9.669829 158.239663 
-1.043814 49.046218 -14.083144 -0.658393 3.463285 -22.567604 -22.792846 -29.867013 50.602799 -26.904735 13.767229 150.560028 
-1.061957 49.106228 -14.520957 -0.140641 1.733655 -21.386901 -23.335721 -29.637156 53.491526 -25.925888 18.426707 145.721806 
-1.045909 49.164801 -14.933324 -1.669315 1.392767 -20.617815 -23.804011 -29.157124 56.368256 -22.652305 25.341779 139.499984 
-1.094888 49.164581 -15.334033 0.192891 -0.736645 -19.768321 -24.288431 -28.632551 59.058308 -21.645399 27.131917 134.691660 
-1.060953 49.178903 -15.712341 2.689302 1.475910 -18.945538 -24.679142 -27.980563 61.646514 -19.655512 34.580100 128.255057 
-1.072299 49.205545 -16.081011 1.591546 -0.397181 -17.800345 -25.013817 -27.279798 64.287867 -15.899910 38.546116 125.048733 
-1.044576 49.244086 -16.429353 2.539563 0.602399 -16.974294 -25.417637 -26.421256 66.772033 -14.863834 43.416892 121.705492 
-1.016294 49.327400 -16.756758 -0.455457 3.812198 -16.135061 -25.673302 -25.532973 69.185299 -15.760224 45.091872 115.345715 
-1.043781 49.405137 -17.075492 -2.955395 3.069975 -15.506278 -26.036856 -24.687714 71.487280 -15.117967 50.162103 111.317977 
-1.084827 49.439543 -17.372465 -1.122461 2.005479 -14.479474 -26.346368 -23.690713 73.582553 -12.005350 52.733164 105.613453 
-1.124780 49.497118 -17.644727 -2.800309 1.007956 -13.535250 -26.569354 -22.534385 75.690803 -12.360456 57.825373 99.703939 
-1.169315 49.529706 -17.905924 -2.778386 -0.841367 -12.203414 -26.745776 -21.321217 77.557170 -12.675819 58.594147 95.405385 
-1.200461 49.568460 -18.154506 -2.321807 -0.611371 -11.642884 -26.974808 -20.068961 79.449082 -9.650054 64.114741 90.600247 
-1.229732 49.564744 -18.370128 0.069880 0.002879 -10.862774 -27.110653 -18.699134 81.267827 -8.363636 62.851482 86.843139 
-1.262406 49.616682 -18.596490 -1.493025 0.223961 -10.289423 -27.274570 -17.319424 82.980719 -8.130222 69.623283 84.634656 
-1.282174 49.624381 -18.785267 0.518171 1.348658 -9.010776 -27.397583 -15.943597 84.612696 -4.098959 72.031024 76.843540 
-1.284614 49.676941 -18.969908 -0.823778 3.303900 -8.624872 -27.599499 -14.539264 86.118279 -3.559443 75.085459 73.728180 
-1.293976 49.738497 -19.133320 -1.467855 4.118900 -7.746102 -27.660493 -13.065375 87.451095 -2.070386 74.188007 65.593927 
0.067908 50.478012 -19.280493 -22.696640 64.965571 -8.504610 -27.813874 -11.611215 88.811205 -3.230281 77.715129 61.874710 
