#Time(Gyrs) | Rgal(kpc) | Xsat[kpc] | Ysat[kpc] | Zsat[kpc] |Xhost[kpc] | Yhost[kpc] Zhost[kpc] |Vgal | Vxsat | Vysat | Vzsat | Vxhost | Vyhost | Vzhost |
0.000000	280.036519	11.549262	247.830607	129.858133	0.003023	-0.005891	-0.004129	78.551105	11.922014	11.216197	-77.165225	0.685112	0.195120	-0.207159
0.020000	279.510472	11.786765	248.044543	128.309572	-0.019596	0.003522	0.003820	79.895332	11.874231	10.253272	-77.666519	-0.468479	-1.039851	0.457657
0.040000	278.977714	12.025070	248.239426	126.751918	-0.024707	0.007885	0.006230	79.701880	11.825152	9.284196	-78.164155	-0.131193	-0.832230	-0.016260
0.060000	278.442886	12.260478	248.416239	125.184256	-0.045477	0.004947	0.001051	80.799741	11.774734	8.308810	-78.658188	0.540521	-1.174606	0.792774
0.080000	277.821911	12.495184	248.572997	123.605638	-0.078793	0.065854	0.029308	81.940843	11.723088	7.327412	-79.148780	-2.796181	-1.968645	0.957873
0.100000	277.248450	12.727662	248.709931	122.018130	-0.079681	0.063725	0.043790	81.496035	11.670405	6.339031	-79.635338	-0.308440	0.251735	0.745355
0.120000	276.621359	12.959916	248.825266	120.420534	-0.108282	0.100903	0.067760	82.387682	11.616311	5.343643	-80.117897	-0.488021	-0.616774	1.157492
0.140000	275.969044	13.193729	248.921360	118.811819	-0.131995	0.152030	0.088784	83.150741	11.560988	4.341496	-80.596098	-0.791762	-0.570941	1.485102
0.160000	275.308260	13.422046	248.997263	117.194309	-0.124690	0.191313	0.118594	83.391643	11.503864	3.331015	-81.069866	-0.277083	1.778967	1.470830
0.180000	274.604198	13.653791	249.053430	115.569703	-0.166904	0.274401	0.133794	84.055411	11.444893	2.313042	-81.538871	-3.239402	0.682089	1.207873
0.200000	273.915379	13.882205	249.088480	113.933370	-0.197099	0.312692	0.170391	84.450674	11.384402	1.287047	-82.003081	-1.689039	0.094155	1.421007
0.220000	273.215471	14.109193	249.103544	112.287462	-0.209459	0.350309	0.200451	84.903200	11.322375	0.252502	-82.463164	-0.712035	1.176093	1.577739
0.240000	272.457426	14.334578	249.098011	110.633284	-0.219173	0.439526	0.224068	85.398974	11.258221	-0.790820	-82.918668	-3.079164	2.147298	1.216887
0.260000	271.728177	14.561086	249.070757	108.971134	-0.216256	0.480147	0.248823	86.145466	11.192406	-1.843005	-83.368901	-0.543463	4.498310	1.737494
0.280000	270.939293	14.784886	249.020469	107.298683	-0.255208	0.565358	0.284880	86.762482	11.124856	-2.903192	-83.814387	-1.408731	3.083014	1.829076
0.300000	270.145745	15.007608	248.951232	105.616506	-0.271955	0.641238	0.319756	87.088289	11.055451	-3.973449	-84.254137	-0.702644	4.452223	1.624414
0.320000	269.296058	15.226568	248.860135	103.924403	-0.310998	0.764011	0.351896	88.497387	10.984418	-5.052811	-84.689453	-4.462086	3.007231	2.075913
0.340000	268.499305	15.444257	248.748151	102.224395	-0.313392	0.808261	0.394222	88.499691	10.911652	-6.141916	-85.118333	-0.662744	4.244708	2.004263
0.360000	267.627112	15.661715	248.612228	100.516239	-0.283614	0.915127	0.435455	90.016206	10.837092	-7.240321	-85.542099	-1.381801	8.923252	2.163972
0.380000	266.722973	15.877611	248.453608	98.802106	-0.334537	1.046012	0.477175	90.254536	10.760187	-8.349682	-85.959468	-3.707586	5.900194	1.980886
0.400000	265.848144	16.093550	248.273020	97.077236	-0.345257	1.127359	0.516252	90.979326	10.680981	-9.469298	-86.370692	-2.306799	7.116523	2.136177
0.420000	264.936542	16.306224	248.071202	95.345551	-0.407954	1.233840	0.565150	91.469496	10.599818	-10.598879	-86.775116	-2.533898	3.344491	2.666243
0.440000	264.045618	16.517929	247.845110	93.603538	-0.439409	1.299937	0.608834	91.191682	10.516029	-11.740954	-87.173459	0.755604	3.580396	2.190478
0.460000	263.044032	16.724881	247.595127	91.856399	-0.434695	1.460468	0.667359	92.987624	10.429980	-12.894929	-87.566216	-1.714048	6.086222	2.649840
0.480000	262.070639	16.933571	247.324121	90.100995	-0.487934	1.581444	0.725118	93.741624	10.341377	-14.060173	-87.952617	-2.046118	4.725913	3.048070
0.500000	261.092299	17.139424	247.028817	88.337432	-0.513968	1.691567	0.774996	94.218804	10.249892	-15.239199	-88.331381	-0.879428	5.478153	2.905194
0.520000	258.537904	17.304891	245.293731	85.948795	-0.518262	1.820534	0.831316	99.471814	9.861934	-21.677826	-91.269779	-0.613351	7.248221	3.325115
0.540000	257.334711	17.498786	244.843364	84.118626	-0.516273	2.006019	0.892217	100.948592	9.753279	-23.102517	-91.740647	-4.503355	9.197979	2.832312
0.560000	256.222817	17.693543	244.361373	82.275893	-0.562363	2.073740	0.952118	100.746126	9.641730	-24.539952	-92.208948	1.898252	7.646530	2.942778
0.580000	254.948497	17.883445	243.853074	80.427641	-0.615773	2.295822	1.013479	101.438926	9.529583	-25.993053	-92.668337	-3.202181	5.763044	2.826732
0.600000	253.757020	18.072328	243.314172	78.571575	-0.621263	2.407668	1.065246	102.410609	9.413239	-27.461436	-93.122921	0.305755	6.748923	2.974102
0.620000	252.522399	18.257059	242.745529	76.704131	-0.596765	2.536566	1.128017	104.892616	9.295887	-28.948780	-93.570948	2.335887	10.538643	3.355636
0.640000	251.207788	18.437652	242.146857	74.827431	-0.658873	2.734322	1.191072	104.714890	9.174682	-30.453417	-94.012615	1.086805	8.520281	2.842150
0.660000	249.862255	18.620682	241.519103	72.942570	-0.730497	2.944094	1.258237	105.585940	9.049845	-31.975997	-94.447229	-1.393992	5.913834	3.551127
0.680000	248.485314	18.796956	240.860282	71.048479	-0.717871	3.159275	1.317898	107.351094	8.923302	-33.516151	-94.878106	-4.167275	9.536775	2.586450
0.700000	247.137525	18.974745	240.170726	69.147330	-0.742770	3.323863	1.384957	109.375257	8.790490	-35.072493	-95.302227	-2.814905	9.979340	3.685620
0.720000	245.737004	19.145751	239.452444	67.234476	-0.811977	3.524727	1.458518	109.357404	8.656657	-36.648187	-95.716630	-1.854001	8.203594	3.464445
0.740000	244.304579	19.318303	238.697102	65.314982	-0.823965	3.728057	1.529686	111.141666	8.518863	-38.245128	-96.125276	-2.485541	9.786241	3.495809
0.760000	242.880515	19.486148	237.911356	63.388646	-0.860185	3.904432	1.600858	111.936126	8.378683	-39.858330	-96.528088	0.473152	9.536504	3.608565
0.780000	241.394555	19.652090	237.092621	61.456825	-0.887019	4.122139	1.671955	112.629340	8.233734	-41.493301	-96.922511	0.894490	9.298727	3.335524
0.800000	239.856490	19.813274	236.243657	59.513292	-0.883393	4.371509	1.737081	115.550048	8.084972	-43.147738	-97.304996	-1.191012	12.131015	3.739693
0.820000	238.303832	19.975617	235.359972	57.563309	-0.862429	4.605301	1.824866	118.828782	7.932239	-44.821445	-97.681001	-1.342346	16.412518	3.732327
0.840000	236.738417	20.132848	234.442364	55.607532	-0.945881	4.841873	1.901111	118.179523	7.774381	-46.517823	-98.048507	-0.150202	12.422604	4.077037
0.860000	235.097746	20.287672	233.490759	53.639387	-0.994412	5.128623	1.979363	118.722164	7.611903	-48.236947	-98.406087	-3.979742	10.520265	4.103308
0.880000	233.475522	20.439866	232.509511	51.669122	-1.004606	5.374890	2.062491	119.735050	7.444751	-49.973919	-98.753238	-2.806607	11.484611	3.492744
0.900000	231.816325	20.587604	231.489121	49.688673	-1.031088	5.634607	2.136820	120.896494	7.274550	-51.733960	-99.090616	-1.991465	10.738455	3.998184
0.920000	230.114634	20.732537	230.432589	47.706119	-1.002435	5.909845	2.210260	124.168175	7.096691	-53.519652	-99.418283	-3.201814	15.211343	3.478398
0.940000	228.432824	20.872849	229.338760	45.715606	-1.057249	6.146515	2.289258	124.626114	6.915799	-55.329597	-99.734028	0.068189	13.197989	4.134872
0.960000	226.655670	21.008640	228.210257	43.719016	-1.055315	6.453184	2.369592	127.047455	6.732261	-57.161420	-100.040192	-2.036710	15.417926	3.865532
0.980000	224.895109	21.141329	227.048208	41.714766	-1.110725	6.728196	2.449663	127.378492	6.541749	-59.020418	-100.332682	-1.720312	13.239658	4.240259
1.000000	223.122597	21.272234	225.848158	39.706281	-1.134021	6.987235	2.537080	128.215402	6.345585	-60.905735	-100.611981	0.607723	12.839943	4.115480
1.020000	221.299275	21.396360	224.608462	37.690505	-1.104136	7.269189	2.608641	131.778528	6.145112	-62.820463	-100.878641	1.518803	17.498323	3.491231
1.040000	219.389385	21.517314	223.330038	35.673471	-1.148980	7.622050	2.688542	132.778984	5.937258	-64.760574	-101.132008	-1.331492	16.065395	3.961219
1.060000	217.481410	21.635593	222.014442	33.650130	-1.167764	7.947403	2.771772	133.945629	5.724391	-66.729820	-101.370435	-1.863593	15.635570	3.985136
1.080000	215.520477	21.746637	220.660595	31.621457	-1.158444	8.301033	2.849081	136.630593	5.508334	-68.728403	-101.594581	-4.653066	17.747883	3.697949
1.100000	213.585758	21.854380	219.258217	29.589206	-1.189423	8.599090	2.932279	137.407635	5.281789	-70.758383	-101.804518	-1.125719	16.693177	3.987857
1.120000	211.407561	21.915496	217.616737	27.642766	-1.161240	8.921133	3.010145	141.540107	4.956827	-73.467426	-101.968016	-0.380947	20.030556	4.160385
1.140000	209.403604	22.011476	216.128108	25.606272	-1.203315	9.236529	3.093672	141.261522	4.713219	-75.590423	-102.145832	1.749363	17.743517	3.848550
1.160000	207.262621	22.106160	214.597915	23.561376	-1.221965	9.665313	3.159876	143.358574	4.469708	-77.733136	-102.318305	-3.588338	18.086477	4.008317
1.180000	205.196583	22.195884	213.019325	21.516691	-1.257796	9.988242	3.242615	144.076922	4.219801	-79.923837	-102.470658	-0.794096	17.203991	3.827061
1.200000	203.098235	22.272752	211.397326	19.465057	-1.279766	10.316805	3.315885	145.498253	3.937329	-82.155412	-102.594513	1.250711	16.893905	3.950109
1.220000	200.933117	22.348735	209.728623	17.419646	-1.267929	10.681905	3.392012	147.902105	3.666030	-84.426038	-102.717626	1.581592	18.462227	3.511809
1.240000	198.746919	22.423145	208.022094	15.361326	-1.277211	11.051647	3.475448	150.235611	3.393944	-86.743302	-102.806530	1.530917	18.599607	4.292207
1.260000	196.533341	22.479270	206.260120	13.307293	-1.270656	11.411131	3.551952	152.698005	3.121205	-89.119146	-102.879555	3.254655	20.117142	3.816725
1.280000	194.215051	22.534816	204.452724	11.256830	-1.267353	11.852693	3.629868	155.473177	2.787070	-91.550080	-102.913657	-0.310249	21.398312	3.880426
1.300000	191.901174	22.589521	202.595812	9.201933	-1.308767	12.267752	3.709911	156.015668	2.471801	-93.999778	-102.929656	-0.743237	19.746340	3.805403
1.320000	189.608060	22.637481	200.688579	7.145295	-1.297742	12.627431	3.779879	159.488722	2.147050	-96.519399	-102.901705	1.901115	22.104622	3.704738
1.340000	187.201870	22.678932	198.734990	5.093074	-1.299183	13.079254	3.852905	162.071623	1.818101	-99.087417	-102.852207	0.525992	23.038465	3.687975
1.360000	184.748757	22.708141	196.728290	3.033468	-1.343244	13.553933	3.921689	162.115881	1.463668	-101.722209	-102.780181	-3.654371	20.820228	3.232629
1.380000	182.386752	22.740269	194.675533	0.965475	-1.392980	13.917885	3.996407	162.591171	1.146543	-104.328581	-102.654243	2.107677	18.796198	3.530756
1.400000	179.879495	22.756807	192.563052	-1.085113	-1.368838	14.383075	4.060934	166.662995	0.773748	-107.054238	-102.496395	0.838424	21.312791	3.797799
1.420000	177.318027	22.767858	190.391107	-3.127714	-1.388616	14.876687	4.141098	166.687032	0.387636	-109.859182	-102.295842	-0.104628	19.012540	3.422670
1.440000	174.747621	22.772634	188.163175	-5.172074	-1.363247	15.344860	4.209833	170.903966	-0.018916	-112.721221	-102.066844	-0.205497	21.888204	3.234789
1.460000	185.844520	23.563803	199.936152	-0.930027	-1.348423	15.842249	4.266262	148.574100	0.994968	-90.937057	-91.076875	-1.616759	24.217443	2.768122
1.480000	183.623780	23.581289	198.090887	-2.746207	-1.357285	16.305855	4.322204	149.999072	0.628092	-93.094128	-90.541519	-0.129231	24.476281	2.605391
1.500000	181.329471	23.588362	196.203915	-4.552603	-1.318332	16.815231	4.376778	153.951380	0.249982	-95.282764	-89.961753	-0.504600	27.771230	2.548638
1.520000	179.031534	23.589835	194.270567	-6.347238	-1.361013	17.313649	4.422842	153.502383	-0.141343	-97.510211	-89.331271	0.794863	25.570630	2.392291
1.540000	176.691375	23.581437	192.295310	-8.122516	-1.351168	17.825866	4.471933	156.623311	-0.544794	-99.769999	-88.652521	0.810713	27.970065	1.964807
1.560000	174.325425	23.566838	190.273547	-9.892156	-1.417834	18.349341	4.501850	154.148816	-0.961746	-102.068108	-87.919194	2.230102	23.067169	2.040975
1.580000	171.913655	23.538907	188.202724	-11.641725	-1.355952	18.873283	4.547505	160.200114	-1.392538	-104.401215	-87.131586	4.452907	28.689273	1.844981
1.600000	169.406495	23.505177	186.090692	-13.375333	-1.362279	19.485136	4.590162	160.789077	-1.838889	-106.775041	-86.281415	1.197978	27.773542	1.699172
1.620000	166.831808	23.462539	183.927283	-15.092223	-1.333748	20.128983	4.608363	163.514881	-2.300218	-109.187748	-85.369862	-3.068123	29.570372	1.132800
1.640000	164.359504	23.412052	181.713509	-16.793667	-1.366510	20.651336	4.631677	163.941370	-2.778527	-111.640105	-84.391377	2.483315	28.193818	1.022671
1.660000	143.773607	22.178748	159.487140	-27.010112	-1.351333	21.231564	4.653449	203.246249	-5.817795	-149.661700	-95.419045	4.701360	28.993050	0.918202
1.680000	140.667194	22.050293	156.456957	-28.900934	-1.301784	21.864286	4.666203	207.979271	-6.526452	-153.598761	-94.295632	3.244819	31.417379	0.197370
1.700000	137.517803	21.911343	153.344765	-30.772632	-1.290377	22.515097	4.673443	211.260667	-7.262700	-157.645938	-93.046311	2.364059	31.727267	0.099726
1.720000	134.339426	21.753716	150.147939	-32.599036	-1.263828	23.150718	4.669986	216.063144	-8.024289	-161.876851	-91.632150	3.274139	33.489331	-0.047860
1.740000	131.111939	21.586603	146.876290	-34.431317	-1.236358	23.831315	4.676063	220.292457	-8.826662	-166.096594	-90.143441	1.430289	34.695950	-0.110581
1.760000	127.844214	21.397522	143.501630	-36.196745	-1.229551	24.495885	4.666334	222.829775	-9.720046	-170.619996	-88.437255	2.594704	33.826656	-0.670396
1.780000	124.531055	21.192154	140.044954	-37.949122	-1.192286	25.187217	4.649244	227.781023	-10.645854	-175.185014	-86.566561	2.782839	35.545114	-1.145968
1.800000	121.164220	20.970928	136.501026	-39.655904	-1.182077	25.914075	4.622067	229.750700	-11.573191	-179.885766	-84.493275	2.035733	33.780745	-1.145788
1.820000	117.769289	20.728750	132.856089	-41.322039	-1.086632	26.621088	4.588953	237.553587	-12.581177	-184.734453	-82.182926	3.556679	38.284460	-1.971699
1.840000	114.350259	20.464717	129.117343	-42.935037	-1.094011	27.351760	4.551479	238.184140	-13.659720	-189.713253	-79.657988	4.673824	34.885314	-2.514941
1.860000	110.817572	20.180956	125.275238	-44.488998	-1.005504	28.153302	4.490566	246.015571	-14.809740	-194.886269	-76.833922	1.478183	39.371076	-3.472754
1.880000	107.307315	19.868351	121.322625	-45.985603	-0.946117	28.903119	4.415316	251.650383	-16.042066	-200.186358	-73.703102	2.768400	40.788925	-3.667437
1.900000	103.767936	19.531839	117.264805	-47.419681	-0.907280	29.683440	4.344510	255.295768	-17.335979	-205.646464	-70.231021	2.512273	40.115652	-4.027108
1.920000	100.212482	19.171588	113.101662	-48.778727	-0.860087	30.462358	4.249746	259.261807	-18.731457	-211.259974	-66.415385	3.983274	39.538870	-4.765851
1.940000	96.603221	18.781613	108.821381	-50.056294	-0.802124	31.286825	4.138283	264.089656	-20.193431	-216.995159	-62.122355	3.258418	39.970739	-5.891721
1.960000	92.963173	18.349130	104.412992	-51.229926	-0.713067	32.109435	4.005749	271.888660	-21.818415	-223.006074	-57.201273	3.694076	42.977050	-6.946577
1.980000	89.366486	17.891776	99.894702	-52.318691	-0.627172	32.909859	3.863585	278.626233	-23.479493	-228.988131	-51.859282	7.715239	44.349046	-7.742915
2.000000	85.682607	17.400586	95.258917	-53.289258	-0.586225	33.842460	3.684444	281.303020	-25.311030	-235.041273	-45.897929	3.297769	42.413312	-9.403014
2.020000	82.042666	16.874287	90.503155	-54.132997	-0.488201	34.731892	3.478714	288.434213	-27.276857	-241.188464	-39.194978	2.812161	44.260204	-10.769567
2.040000	78.459703	16.321861	85.635517	-54.843003	-0.373428	35.611550	3.249983	295.878087	-29.239176	-247.037303	-32.028198	5.549816	46.116811	-12.172864
2.060000	74.850411	15.693195	80.618723	-55.370013	-0.292323	36.553389	2.984880	300.988593	-31.539805	-253.266770	-23.380892	4.720590	45.393589	-14.363843
2.080000	71.368655	15.039442	75.495399	-55.730195	-0.194757	37.412875	2.674647	308.287840	-33.876896	-259.075227	-14.065928	10.504771	45.992724	-16.347339
2.100000	67.885810	14.338039	70.254527	-55.886572	-0.067440	38.427994	2.320277	315.238579	-36.360933	-264.517658	-3.667953	6.868227	47.399037	-18.316384
2.120000	64.564967	13.584499	64.907145	-55.826761	0.071403	39.402270	1.927309	322.867430	-38.975414	-269.397558	7.881748	7.229819	48.831195	-21.082280
2.140000	61.419860	12.773723	59.471549	-55.511825	0.171720	40.369214	1.485452	326.731241	-41.764421	-273.507989	20.630301	8.494598	46.339364	-23.244588
2.160000	58.473546	11.902410	53.965243	-54.928844	0.345562	41.350850	0.986019	335.288964	-44.644185	-276.554780	34.594590	8.552274	48.762544	-26.703575
2.180000	55.799756	10.976503	48.407928	-54.044400	0.523746	42.345104	0.431235	342.280162	-47.575796	-278.199209	49.732162	7.693230	50.251115	-29.143876
2.200000	53.446689	9.980893	42.827806	-52.819588	0.679488	43.317944	-0.190772	346.709167	-50.612909	-278.581968	66.839073	8.281515	48.461298	-32.061866
2.220000	51.518927	8.931075	37.271751	-51.266592	0.851816	44.267245	-0.868295	349.955881	-53.385032	-276.405067	83.893434	9.897776	46.332649	-35.709124
2.240000	50.047953	7.833509	31.799187	-49.367735	1.056368	45.194345	-1.624278	353.903714	-55.824059	-271.876339	101.213972	11.171953	46.123496	-38.912677
2.260000	49.121293	6.685999	26.439255	-47.109653	1.248715	46.102613	-2.425318	355.034189	-57.969561	-264.857593	118.356738	11.507634	44.424079	-41.540235
2.280000	48.736212	5.491336	21.247185	-44.479775	1.447652	47.002509	-3.302959	355.455584	-59.852453	-255.356599	136.050998	9.987242	42.224663	-45.378000
2.300000	48.872389	4.265800	16.275960	-41.496572	1.668505	47.796743	-4.237952	355.440104	-61.231433	-243.001465	152.958989	11.104129	41.122236	-47.986169
2.320000	49.643716	3.027243	11.576933	-38.268822	1.810968	48.600518	-5.219262	348.886951	-61.878091	-229.008516	166.353614	9.623301	35.327825	-49.831386
2.340000	50.874367	1.787256	7.179928	-34.774944	2.015280	49.296034	-6.237551	345.332309	-61.967712	-213.265316	178.147103	11.308180	33.808003	-51.722040
2.360000	52.570946	0.553005	3.125217	-31.090115	2.207620	49.967821	-7.283876	338.797786	-61.554838	-196.712872	187.348306	9.785651	31.640004	-52.546334
2.380000	54.702490	-0.662876	-0.625122	-27.262947	2.398696	50.612936	-8.351294	331.868067	-60.493649	-180.565871	194.026871	8.080133	29.493106	-53.580230
2.400000	57.108052	-1.866278	-4.052363	-23.334416	2.583088	51.154344	-9.414922	323.844218	-59.361840	-164.693773	198.355613	8.529454	26.970663	-53.697146
2.420000	59.732637	-3.034124	-7.172550	-19.340837	2.725991	51.620078	-10.495729	314.238479	-57.807384	-148.925244	200.852568	10.735718	22.352190	-53.532386
2.440000	62.580170	-4.180875	-9.967927	-15.311095	2.911679	52.096636	-11.574330	305.542325	-56.184705	-133.963454	202.010268	8.125777	21.571795	-52.997693
2.460000	65.482139	-5.285389	-12.459396	-11.263554	3.048793	52.475877	-12.628187	295.299123	-54.186492	-119.369441	201.807979	8.750766	17.078121	-52.401652
2.480000	68.529550	-6.346169	-14.697112	-7.241072	3.226710	52.855018	-13.672935	287.075859	-52.008303	-105.997695	200.375211	7.002449	17.730135	-51.858220
2.500000	71.558806	-7.350795	-16.666651	-3.273610	3.347449	53.159259	-14.699573	276.769195	-49.899347	-93.707565	197.880075	7.343319	13.489908	-50.782681
2.520000	74.625574	-8.324259	-18.407946	0.629081	3.505930	53.439616	-15.709543	267.804013	-48.070300	-82.104499	194.277975	6.819639	14.135684	-49.533245
2.540000	77.694956	-9.253823	-19.940560	4.467476	3.608476	53.705749	-16.681726	258.062229	-46.092007	-71.425571	190.660136	5.307688	11.676837	-48.187463
2.560000	80.684769	-10.149988	-21.269242	8.225621	3.674263	53.901081	-17.626741	248.367439	-43.935310	-61.473085	186.787919	6.177343	7.537357	-46.477308
2.580000	83.682409	-11.005926	-22.422913	11.897544	3.831487	54.101695	-18.542251	240.946271	-42.153682	-52.046571	182.449644	5.627002	9.878358	-45.448174
2.600000	86.554433	-11.826770	-23.372048	15.480285	3.865594	54.262435	-19.423967	230.914716	-40.228684	-43.418312	177.760810	6.020223	4.676787	-43.303674
2.620000	89.414989	-12.613623	-24.161761	18.969930	3.977669	54.445284	-20.281842	223.222981	-38.315037	-35.363715	173.079021	3.683415	6.398107	-42.143143
2.640000	92.160341	-13.357672	-24.793802	22.360081	4.042558	54.587181	-21.107376	214.990097	-36.456000	-27.769425	168.121156	3.100085	4.759020	-40.680085
2.660000	94.806541	-14.057444	-25.283611	25.653416	4.119683	54.688123	-21.911213	207.737769	-34.668604	-20.706052	162.963022	4.124623	4.728897	-39.529272
2.680000	97.367469	-14.733587	-25.639172	28.835184	4.197815	54.791892	-22.670835	199.732006	-33.054269	-14.138380	158.012929	2.959573	4.744626	-37.535811
2.700000	99.848914	-15.386257	-25.880868	31.928522	4.250030	54.880527	-23.405183	192.749236	-31.521682	-7.789639	153.295844	2.479524	4.496567	-36.032535
2.720000	102.208889	-15.988667	-25.988071	34.908035	4.311344	54.952947	-24.109912	185.777577	-29.832193	-1.892065	148.223079	2.908931	5.084232	-34.513502
2.740000	104.476622	-16.565824	-25.979027	37.798299	4.340235	55.020369	-24.790830	179.204793	-28.285042	3.650220	143.186208	2.886841	2.905593	-33.285084
2.760000	106.674120	-17.112339	-25.873029	40.592066	4.409393	55.088872	-25.448479	172.858685	-26.733258	8.813152	138.217904	1.995342	4.567230	-32.183870
2.780000	108.728478	-17.641707	-25.676103	43.271069	4.415697	55.113153	-26.071911	167.210889	-25.406926	14.017297	133.672446	2.938421	2.472909	-30.713531
2.800000	110.699771	-18.129871	-25.370635	45.860138	4.417206	55.150596	-26.682263	161.446194	-23.936651	18.719966	128.692577	1.823499	-0.238795	-29.553604
2.820000	112.573354	-18.594527	-24.970808	48.358240	4.448609	55.179155	-27.257614	155.725703	-22.575163	23.216100	123.741012	1.415889	0.310674	-28.411101
2.840000	114.340575	-19.030854	-24.489688	50.750614	4.446401	55.206183	-27.806077	150.260608	-21.221457	27.469580	118.830661	1.649770	-1.442128	-26.837697
2.860000	116.006300	-19.436006	-23.925212	53.052893	4.501212	55.204120	-28.329046	144.197448	-19.869044	31.495725	113.985414	0.982030	1.080775	-25.417124
2.880000	117.586478	-19.820222	-23.280393	55.256692	4.505203	55.230518	-28.831894	139.581264	-18.480442	35.352953	109.086502	0.205871	0.709017	-24.829698
2.900000	119.036229	-20.178080	-22.550167	57.356230	4.479799	55.231863	-29.313077	135.695056	-17.270798	39.317138	105.122663	-0.097190	-0.569881	-23.435655
2.920000	120.423801	-20.505225	-21.758147	59.372388	4.473299	55.249140	-29.778287	131.376618	-15.975464	42.878524	100.349351	-1.766372	-1.462379	-22.499344
2.940000	121.679709	-20.805516	-20.891799	61.286580	4.468265	55.228197	-30.217156	126.923150	-14.682994	46.280401	95.572504	-0.763726	-0.765266	-21.484940
2.960000	122.855514	-21.082689	-19.957492	63.114536	4.441033	55.217131	-30.644693	123.571325	-13.471263	49.542206	90.858893	-0.554916	-1.624071	-20.877638
2.980000	123.926918	-21.338507	-18.962676	64.855212	4.438234	55.174860	-31.046123	119.507071	-12.287413	52.618786	86.209034	1.339492	-0.648206	-19.898813
3.000000	125.306481	-21.571293	-17.905987	66.500220	5.235031	55.492346	-31.458036	102.099360	-11.074872	55.630715	81.586711	-14.384761	43.276869	-19.708434
