#Time(Gyrs) | Rgal(kpc) | Xsat[kpc] | Ysat[kpc] | Zsat[kpc] |Xhost[kpc] | Yhost[kpc] Zhost[kpc] | Vgal | Vxsat | Vysat | Vzsat | Vxhost | Vyhost | Vzhost |
0.000000	274.183500	46.345044	258.778660	-99.012368	3.781510	5.488244	-3.049342	199.854123	-23.776276	-196.392776	5.165711	1.718677	1.739581	-0.771214
0.020000	270.553827	45.874725	254.954565	-99.053613	3.815884	5.522253	-3.064298	200.905989	-23.935295	-197.523378	5.606457	1.741147	1.633775	-0.746884
0.040000	266.747803	45.394396	250.992713	-98.937004	3.850289	5.554547	-3.079898	202.091997	-24.100471	-198.681977	6.065102	1.702767	1.637989	-0.810901
0.060000	262.919610	44.910694	247.007142	-98.810901	3.884366	5.589552	-3.097219	203.553878	-24.268924	-199.864418	6.541835	1.726263	1.883836	-0.946426
0.080000	259.067528	44.423576	242.997815	-98.675165	3.919948	5.628745	-3.116991	204.970070	-24.444519	-201.078208	7.036919	1.815348	2.042874	-1.023794
0.100000	255.191129	43.932903	238.963889	-98.529318	3.956301	5.672288	-3.138475	206.504518	-24.625236	-202.321235	7.552615	1.785453	2.303612	-1.122842
0.120000	251.289951	43.438532	234.904739	-98.372861	3.991612	5.720261	-3.162277	207.959450	-24.811383	-203.587652	8.091990	1.783727	2.454274	-1.211653
0.140000	247.367688	42.940413	230.820362	-98.205606	4.029173	5.768891	-3.187062	209.283050	-25.004237	-204.876227	8.645948	1.933366	2.429325	-1.262068
0.160000	243.424344	42.438306	226.709405	-98.026864	4.066842	5.817857	-3.211432	210.668283	-25.201735	-206.200936	9.220790	1.855741	2.462229	-1.205238
0.180000	239.460405	41.932317	222.572158	-97.836632	4.103924	5.867374	-3.235706	212.083444	-25.402741	-207.559956	9.819663	1.859796	2.475056	-1.200093
0.200000	235.474452	41.422151	218.406761	-97.633876	4.140168	5.917150	-3.259957	213.577516	-25.609406	-208.954150	10.446532	1.771629	2.538197	-1.241985
0.220000	231.465473	40.907882	214.213591	-97.418535	4.175957	5.968512	-3.285554	215.116940	-25.820401	-210.385815	11.098819	1.799817	2.590073	-1.298463
0.240000	227.432664	40.389330	209.991138	-97.189720	4.212594	6.021204	-3.311466	216.789434	-26.034627	-211.853633	11.782505	1.887282	2.731522	-1.303257
0.260000	223.316827	39.866413	205.739068	-96.946950	4.311639	6.100264	-3.402250	218.505409	-26.257913	-213.358755	12.499139	1.946670	2.875627	-1.350316
0.280000	219.231985	39.338975	201.456680	-96.689568	4.351536	6.158465	-3.431058	220.173607	-26.488594	-214.897275	13.250755	2.083266	2.913139	-1.537396
0.300000	215.123298	38.806785	197.142777	-96.416583	4.394946	6.215678	-3.461209	221.758826	-26.729019	-216.479671	14.043782	2.224084	2.835102	-1.439282
0.320000	210.991387	38.269788	192.797427	-96.127642	4.439757	6.273491	-3.490091	223.593159	-26.978068	-218.098911	14.874272	2.240750	2.974489	-1.457088
0.340000	206.831542	37.727605	188.418426	-95.821301	4.484299	6.334873	-3.518813	225.515221	-27.234888	-219.767790	15.744313	2.265301	3.148554	-1.435824
0.360000	202.645535	37.180324	184.006300	-95.497543	4.531522	6.398312	-3.548256	227.374460	-27.500310	-221.486374	16.655842	2.420095	3.174485	-1.548903
0.380000	198.431146	36.627507	179.558626	-95.154771	4.579942	6.462635	-3.581571	229.374581	-27.777736	-223.257129	17.612237	2.435194	3.292840	-1.752389
0.400000	194.187853	36.069074	175.075454	-94.792576	4.629259	6.530024	-3.617479	231.479460	-28.070026	-225.083022	18.624133	2.490768	3.455617	-1.842149
0.420000	189.914428	35.504635	170.555032	-94.409483	4.679601	6.600924	-3.655101	233.656078	-28.374820	-226.964254	19.691405	2.558501	3.622451	-1.943371
0.440000	185.610477	34.934007	165.996303	-94.004389	4.731460	6.674460	-3.695997	235.828317	-28.689349	-228.908182	20.821396	2.608039	3.704729	-2.128595
0.460000	181.278742	34.356958	161.398463	-93.576314	4.783196	6.748784	-3.738395	237.989615	-29.021031	-230.910873	22.010591	2.565577	3.741321	-2.066188
0.480000	176.918812	33.773037	156.759298	-93.123344	4.834424	6.824800	-3.778679	240.296552	-29.368217	-232.985736	23.276851	2.559056	3.839557	-1.959281
0.500000	172.532870	33.182299	152.078926	-92.644890	4.886899	6.901423	-3.816662	242.570730	-29.711238	-235.111045	24.618263	2.697889	3.818428	-1.894276
0.520000	168.117368	32.584395	147.354482	-92.137814	4.942752	6.977810	-3.855433	244.976141	-30.073576	-237.281741	26.060941	2.832104	3.852687	-1.951791
0.540000	163.673926	31.979104	142.586946	-91.601605	4.998873	7.056327	-3.893723	247.543070	-30.465317	-239.514104	27.595810	2.793650	4.005487	-1.893538
0.560000	159.199709	31.365753	137.773510	-91.033386	5.054078	7.137621	-3.932826	250.144973	-30.863581	-241.810743	29.221638	2.688914	4.091869	-2.061636
0.580000	154.695820	30.744474	132.913903	-90.431845	5.107940	7.220309	-3.975584	252.841435	-31.270831	-244.170245	30.954646	2.710198	4.177411	-2.174231
0.600000	150.163383	30.114860	128.006230	-89.794567	5.160710	7.303877	-4.020012	255.560509	-31.692889	-246.618564	32.796986	2.553560	4.191167	-2.314741
0.620000	145.600977	29.476632	123.048280	-89.118872	5.211255	7.388065	-4.068588	258.471076	-32.128583	-249.170456	34.779023	2.516345	4.234972	-2.540071
0.640000	141.009565	28.829616	118.039108	-88.402650	5.261471	7.473388	-4.120615	261.505584	-32.583815	-251.801362	36.900066	2.500129	4.309686	-2.614727
0.660000	136.387917	28.173055	112.975581	-87.641431	5.310685	7.560280	-4.175330	264.680617	-33.068477	-254.511490	39.205698	2.441748	4.380676	-2.862092
0.680000	131.739508	27.506676	107.858281	-86.833246	5.359722	7.648570	-4.232858	267.955850	-33.583442	-257.290042	41.700882	2.507127	4.462404	-2.835232
0.700000	127.062268	26.829680	102.683569	-85.972020	5.410727	7.740698	-4.290323	271.620212	-34.107603	-260.129500	44.400264	2.591584	4.796908	-2.978079
0.720000	122.356362	26.142149	97.452232	-85.055308	5.462408	7.840877	-4.350706	275.432989	-34.653653	-263.044176	47.340146	2.555064	5.177693	-3.017292
0.740000	117.626845	25.443489	92.161610	-84.076928	5.512602	7.946131	-4.411456	279.190838	-35.209843	-266.004995	50.517575	2.496528	5.382749	-3.096284
0.760000	112.875403	24.733626	86.811311	-83.032063	5.562249	8.057762	-4.475119	283.326935	-35.777366	-269.039749	54.017754	2.471731	5.795501	-3.225102
0.780000	108.106167	24.012261	81.399854	-81.914437	5.612274	8.177061	-4.539981	287.481850	-36.365856	-272.134226	57.817616	2.524286	6.076081	-3.275725
0.800000	103.326339	23.278835	75.925662	-80.716348	5.663806	8.298755	-4.606924	291.546476	-36.975940	-275.253682	62.008079	2.667741	6.074779	-3.429091
0.820000	98.545168	22.533102	70.390050	-79.431716	5.720987	8.420832	-4.676656	295.858572	-37.612545	-278.373111	66.603758	3.022517	6.165923	-3.529146
0.840000	93.765509	21.774091	64.790630	-78.048341	5.782752	8.546248	-4.748838	300.426611	-38.277170	-281.498392	71.702576	3.143961	6.333392	-3.751401
0.860000	89.001307	21.001939	59.130765	-76.560027	5.846182	8.673050	-4.827506	304.992189	-38.953143	-284.518332	77.301405	3.198647	6.367987	-4.114879
0.880000	84.153530	20.215732	53.411135	-74.952840	6.109257	7.808005	-5.647872	309.848413	-39.657288	-287.362842	83.434299	3.425506	6.599948	-4.519040
0.900000	79.398531	19.415724	47.637816	-73.217622	6.177917	7.940549	-5.741595	314.488310	-40.348624	-289.934870	90.230211	3.389340	6.628768	-4.848155
0.920000	74.706364	18.601979	41.816158	-71.339702	6.244502	8.073432	-5.843427	319.181913	-41.014707	-292.158685	97.660900	3.263333	6.688188	-5.329854
0.940000	70.105369	17.775005	35.955014	-69.305695	6.309575	8.209186	-5.953696	323.914232	-41.681077	-293.868378	105.833803	3.248208	6.894635	-5.716182
0.960000	65.666514	16.934929	30.066030	-67.102333	6.402258	8.341650	-6.035114	328.430590	-42.327804	-294.935420	114.688116	3.268229	7.056193	-6.095655
0.980000	61.323747	16.082799	24.164699	-64.712931	6.444528	8.440853	-6.228178	332.493362	-42.862836	-295.046823	124.317712	3.337064	7.153229	-6.420704
1.000000	57.342930	15.221519	18.272186	-62.126343	6.567118	8.697202	-6.254770	335.915291	-43.242195	-294.029284	134.547693	3.313159	7.106267	-6.834986
1.020000	53.648667	14.354672	12.413835	-59.327730	6.643633	8.858325	-6.355306	338.502519	-43.403822	-291.593589	145.232822	3.228708	6.995278	-7.259968
1.040000	50.326364	13.487144	6.620212	-56.315072	6.708847	8.996960	-6.503942	339.966202	-43.314036	-287.439490	156.035117	3.325400	6.866971	-7.627611
1.060000	47.508349	12.623467	0.928939	-53.088800	6.775759	9.132211	-6.660857	339.911648	-43.016466	-281.400635	166.443340	3.321686	6.603350	-8.045653
1.080000	45.300273	11.768352	-4.624260	-49.662458	6.841694	9.260620	-6.824941	338.288805	-42.450399	-273.678485	176.031075	3.292063	6.224671	-8.362976
1.100000	43.793216	10.927308	-10.009076	-46.056309	6.908268	9.381321	-6.996027	335.361952	-41.613152	-264.608395	184.358644	3.375882	5.872113	-8.731804
1.120000	42.955985	9.998407	-15.066634	-42.349037	6.911908	9.475544	-7.229646	331.096396	-40.549015	-254.595875	191.060766	3.384548	5.533976	-9.007038
1.140000	42.989645	9.199029	-20.054611	-38.475074	6.977991	9.582100	-7.413170	325.826464	-39.376626	-244.115679	196.144762	3.182725	5.136692	-9.342078
1.160000	43.752022	8.423510	-24.831634	-34.514154	7.042285	9.635065	-7.599876	319.835309	-38.175654	-233.652596	199.724026	3.048903	4.765811	-9.445341
1.180000	45.243458	7.672392	-29.402846	-30.495931	7.102694	9.726302	-7.790078	313.436853	-36.930556	-223.475256	201.929727	2.979394	4.359534	-9.591348
1.200000	47.330259	6.946007	-33.773407	-26.443418	7.162838	9.808116	-7.983805	306.877655	-35.731774	-213.801549	203.142645	3.045600	3.806700	-9.734926
1.220000	49.907312	6.242679	-37.957586	-22.375458	7.223388	9.878292	-8.180146	300.328384	-34.619193	-204.688421	203.543504	2.989518	3.209568	-9.907075
1.240000	52.871333	5.560696	-41.964691	-18.305714	7.283351	9.937972	-8.379792	294.032099	-33.590763	-196.172944	203.338081	3.021991	2.801978	-10.023963
1.260000	56.121457	4.898856	-45.808623	-14.245724	7.307164	9.976479	-8.603000	287.851764	-32.600813	-188.321799	202.600815	3.054852	2.534227	-9.911042
1.280000	59.606746	4.256395	-49.501869	-10.203805	7.326187	10.009833	-8.826167	282.037171	-31.642441	-181.040951	201.541589	3.050477	2.255435	-9.985719
1.300000	63.103624	3.634107	-52.873595	-6.161595	7.388114	10.053042	-9.027439	276.504489	-30.744595	-174.293105	200.151634	3.168615	2.007527	-10.140338
1.320000	66.913583	3.027537	-56.297159	-2.173677	7.443157	10.096735	-9.229224	271.026327	-29.901400	-167.994011	198.596686	3.247834	1.541249	-10.243429
1.340000	70.765668	2.437656	-59.596955	1.780832	7.506036	10.085929	-9.461365	265.800832	-29.106515	-162.164552	196.867429	3.162486	1.239507	-10.274809
1.360000	74.715490	1.863107	-62.786255	5.700399	7.567616	10.109073	-9.666261	260.850906	-28.340773	-156.740919	195.058545	2.982934	1.070338	-10.264682
1.380000	78.701492	1.303909	-65.868836	9.582717	7.625404	10.127797	-9.871727	256.022674	-27.593682	-151.665141	193.188923	2.831309	0.788959	-10.231029
1.400000	82.702102	0.759246	-68.854565	13.427401	7.701040	10.139960	-10.052679	251.115311	-26.872139	-146.919867	191.266525	2.959397	0.441276	-9.864459
1.420000	87.368882	0.228805	-71.747700	17.233350	7.527989	11.167821	-9.319613	246.242027	-26.177383	-142.448444	189.331119	3.002759	0.193448	-9.256256
1.440000	91.331399	-0.287929	-74.554288	21.000389	7.588920	11.170800	-9.505167	242.205345	-25.500566	-138.263412	187.377772	3.049667	0.105681	-9.351249
1.460000	95.288546	-0.791505	-77.280213	24.728774	7.648455	11.171498	-9.694604	238.365293	-24.854980	-134.309959	185.441652	2.910936	-0.070574	-9.563102
1.480000	99.229449	-1.282411	-79.928531	28.418176	7.705827	11.168360	-9.883932	234.395005	-24.248471	-130.608815	183.528897	2.817583	-0.191255	-9.343360
1.500000	103.153490	-1.761675	-82.506493	32.070430	7.761121	11.163799	-10.070231	230.765854	-23.663591	-127.104439	181.652203	2.715651	-0.240656	-9.299612
1.520000	107.053929	-2.229169	-85.014497	35.684549	7.814918	11.157925	-10.255904	227.253125	-23.104991	-123.819657	179.815547	2.694239	-0.400649	-9.250926
1.540000	110.928883	-2.685968	-87.460014	39.262949	7.869702	11.146995	-10.440698	223.843061	-22.571413	-120.706826	178.000308	2.769835	-0.669541	-9.228394
1.560000	114.773625	-3.132266	-89.843889	42.804710	7.925157	11.131852	-10.623917	220.509082	-22.072100	-117.750166	176.203581	2.758908	-0.785615	-9.071809
1.580000	118.590913	-3.569046	-92.170829	46.311076	7.980078	11.116564	-10.804043	217.395689	-21.608311	-114.952876	174.430094	2.728453	-0.752533	-8.946266
1.600000	122.378723	-3.996692	-94.443056	49.782206	8.033759	11.101151	-10.981604	214.329357	-21.157544	-112.279051	172.683561	2.641379	-0.797830	-8.817464
1.620000	126.134432	-4.415507	-96.662881	53.218601	8.086988	11.084143	-11.156559	211.342966	-20.730420	-109.742334	170.974113	2.683336	-0.940883	-8.691937
1.640000	129.856811	-4.826047	-98.833823	56.621521	8.140839	11.062641	-11.330068	208.503138	-20.314488	-107.316722	169.289965	2.663046	-1.200414	-8.712621
1.660000	133.544819	-5.228192	-100.956442	59.990442	8.193797	11.037048	-11.504503	205.794101	-19.911384	-105.007909	167.641109	2.689509	-1.325180	-8.683317
1.680000	137.202239	-5.622658	-103.034893	63.327447	8.248275	11.010103	-11.677821	203.208846	-19.526996	-102.794879	166.023945	2.737325	-1.384780	-8.658987
1.700000	140.825780	-6.009362	-105.068892	66.631611	8.302365	10.980890	-11.851017	200.646857	-19.157300	-100.678187	164.437183	2.622600	-1.539953	-8.642012
1.720000	144.331235	-6.388998	-107.062400	69.904973	8.357241	10.864124	-11.993675	198.259495	-18.802935	-98.658626	162.885771	2.492089	-1.615416	-8.683355
1.740000	147.892030	-6.761572	-109.015862	73.147279	8.406311	10.831443	-12.167500	195.917650	-18.459640	-96.717369	161.361930	2.406303	-1.629483	-8.657575
1.760000	151.422002	-7.127439	-110.931558	76.359541	8.453830	10.799461	-12.338856	193.566696	-18.129153	-94.863166	159.867537	2.364603	-1.571354	-8.491334
1.780000	154.921206	-7.486853	-112.811023	79.542291	8.500498	10.767334	-12.508642	191.319882	-17.810971	-93.077570	158.399829	2.301152	-1.677031	-8.467607
1.800000	158.312915	-7.839956	-114.655143	82.695707	8.581539	10.651058	-12.654539	189.033577	-17.504509	-91.364958	156.961854	2.262274	-1.797888	-8.327914
1.820000	161.748697	-8.187102	-116.466265	85.821112	8.627344	10.614890	-12.821147	186.979861	-17.202704	-89.710534	155.547716	2.343752	-1.835368	-8.334436
1.840000	165.153066	-8.528140	-118.244083	88.917833	8.675976	10.577040	-12.987377	184.911407	-16.910186	-88.122005	154.159320	2.519024	-1.950816	-8.288397
1.860000	168.528625	-8.863535	-119.991449	91.987548	8.728099	10.537584	-13.153325	182.984218	-16.624424	-86.587688	152.789000	2.669600	-1.995695	-8.317050
1.880000	171.873654	-9.193214	-121.707942	95.029542	8.781886	10.496502	-13.319125	180.973930	-16.351405	-85.101208	151.439445	2.703083	-2.110896	-8.251187
1.900000	175.187921	-9.517635	-123.395712	98.045145	8.834526	10.452663	-13.483408	178.982396	-16.089679	-83.670106	150.113991	2.548981	-2.261092	-8.189107
1.920000	178.470566	-9.836911	-125.055132	101.034304	8.884034	10.405789	-13.646159	176.981984	-15.839656	-82.283330	148.807454	2.428096	-2.437247	-8.079496
1.940000	181.722904	-10.151305	-126.687343	103.997472	8.932371	10.357106	-13.806799	175.143864	-15.600596	-80.950432	147.516143	2.401235	-2.395195	-7.984282
1.960000	184.948400	-10.461006	-128.293591	106.935195	8.980216	10.310375	-13.965136	173.322880	-15.368139	-79.661787	146.242518	2.395769	-2.297227	-7.835350
1.980000	188.144838	-10.766072	-129.874154	109.847305	9.028912	10.264722	-14.119361	171.442128	-15.141607	-78.422098	144.991151	2.483262	-2.258110	-7.589367
2.000000	191.313823	-11.066753	-131.430927	112.735148	9.079297	10.219637	-14.269707	169.714798	-14.922321	-77.222315	143.761124	2.545844	-2.272894	-7.502091
