#Time(Gyrs) | Rgal(kpc) | Xsat[kpc] | Ysat[kpc] | Zsat[kpc] |Xhost[kpc] | Yhost[kpc] Zhost[kpc] | Vgal | Vxsat | Vysat | Vzsat | Vxhost | Vyhost | Vzhost |
0.000000	274.231268	46.992642	255.826248	-106.327946	3.781510	5.488244	-3.049342	216.855616	-27.100507	-212.581876	15.419097	1.718677	1.739581	-0.771214
0.020000	270.097231	46.448978	251.563193	-106.014721	3.815885	5.522247	-3.064313	217.912613	-27.262537	-213.698565	15.892811	1.741254	1.633172	-0.748402
0.040000	265.947027	45.902084	247.277977	-105.692043	3.850292	5.554524	-3.079959	219.106859	-27.429322	-214.842373	16.386710	1.702974	1.636862	-0.814036
0.060000	261.939011	45.358606	243.084658	-105.508220	3.884375	5.589501	-3.097360	220.583095	-27.600459	-216.012700	16.898661	1.726536	1.882252	-0.951252
0.080000	257.744069	44.804854	238.752425	-105.164976	3.919962	5.628657	-3.117246	222.017700	-27.776180	-217.220163	17.431568	1.815625	2.040727	-1.030444
0.100000	253.525246	44.247518	234.395734	-104.810864	3.956321	5.672150	-3.138882	223.570499	-27.959527	-218.456162	17.984425	1.785711	2.300659	-1.131406
0.120000	249.282072	43.686428	230.013892	-104.445399	3.991636	5.720055	-3.162875	225.051156	-28.148660	-219.722357	18.561132	1.783900	2.450300	-1.222075
0.140000	245.018160	43.121545	225.606767	-104.068336	4.029198	5.768593	-3.187889	226.407056	-28.343443	-221.016972	19.159836	1.933262	2.424091	-1.274641
0.160000	240.733475	42.552639	221.172899	-103.678823	4.066862	5.817434	-3.212536	227.821885	-28.543721	-222.350647	19.784308	1.855286	2.454862	-1.220322
0.180000	236.428526	41.979763	216.712542	-103.276818	4.103933	5.866788	-3.237137	229.274210	-28.750099	-223.721148	20.435918	1.859202	2.466491	-1.217862
0.200000	232.101861	41.402620	212.223795	-102.861173	4.140166	5.916397	-3.261771	230.810677	-28.959659	-225.127947	21.118459	1.771151	2.530305	-1.262472
0.220000	227.752470	40.821307	207.706993	-102.431787	4.175950	5.967615	-3.287806	232.398043	-29.175189	-226.574219	21.832469	1.799646	2.583552	-1.321924
0.240000	223.379652	40.235598	203.160653	-101.987673	4.212586	6.020192	-3.314221	234.115270	-29.395932	-228.054034	22.579469	1.887536	2.726474	-1.329974
0.260000	218.922592	39.645384	198.584402	-101.528262	4.311641	6.099164	-3.405578	235.885732	-29.626988	-229.577123	23.367709	1.947535	2.872090	-1.380860
0.280000	214.498528	39.050475	193.977400	-101.052755	4.351560	6.157316	-3.435034	237.625186	-29.867162	-231.141323	24.196085	2.084661	2.911726	-1.571719
0.300000	210.050885	38.450596	189.338304	-100.560061	4.395004	6.214529	-3.465909	239.278691	-30.118470	-232.755136	25.069128	2.225993	2.836465	-1.477533
0.320000	205.580481	37.845696	184.667089	-100.049817	4.439861	6.272395	-3.495596	241.192836	-30.379386	-234.412600	25.981963	2.243509	2.978430	-1.499484
0.340000	201.082528	37.235333	179.961346	-99.520359	4.484469	6.333885	-3.525209	243.205080	-30.652076	-236.128065	26.947736	2.269057	3.155505	-1.482579
0.360000	196.558785	36.619506	175.221505	-98.971508	4.531775	6.397498	-3.555637	245.171058	-30.938752	-237.899225	27.965260	2.424483	3.185003	-1.600554
0.380000	192.006893	35.997689	170.444997	-98.401386	4.580293	6.462068	-3.590031	247.289266	-31.239814	-239.728030	29.037885	2.440955	3.307121	-1.808546
0.400000	187.426475	35.369769	165.631734	-97.809419	4.629744	6.529785	-3.627126	249.523615	-31.556860	-241.623721	30.177349	2.498315	3.474266	-1.904668
0.420000	182.816395	34.735361	160.779755	-97.193951	4.680250	6.601097	-3.666063	251.836872	-31.886043	-243.579538	31.375408	2.567386	3.645134	-2.012207
0.440000	178.176434	34.094166	155.887926	-96.553772	4.732297	6.675126	-3.708402	254.162167	-32.236083	-245.605478	32.649568	2.618280	3.731234	-2.204198
0.460000	173.509499	33.445795	150.955340	-95.887529	4.784264	6.750014	-3.752375	256.468834	-32.608242	-247.686665	34.005321	2.577977	3.771235	-2.148760
0.480000	168.815812	32.789757	145.980151	-95.192727	4.835759	6.826659	-3.794378	258.892911	-32.990397	-249.807285	35.465065	2.573580	3.872515	-2.048959
0.500000	164.098261	32.126120	140.962874	-94.468459	4.888558	6.903962	-3.834235	261.305730	-33.385769	-251.988553	37.017149	2.716313	3.854143	-1.993611
0.520000	159.352886	31.454204	135.900046	-93.711064	4.944792	6.981110	-3.875094	263.882261	-33.792371	-254.236037	38.688638	2.850769	3.892947	-2.061274
0.540000	154.582246	30.774420	130.792654	-92.920005	5.001292	7.060486	-3.915694	266.624599	-34.195341	-256.552803	40.460800	2.813978	4.051825	-2.015248
0.560000	149.783583	30.086306	125.637309	-92.091881	5.056912	7.142773	-3.957346	269.454416	-34.612211	-258.968206	42.348699	2.710579	4.145026	-2.194746
0.580000	144.957984	29.389817	120.432990	-91.224854	5.111232	7.226563	-4.002882	272.425745	-35.039999	-261.486948	44.384655	2.733334	4.234128	-2.319430
0.600000	140.107102	28.684622	115.177466	-90.315630	5.164474	7.311319	-4.050358	275.424838	-35.485606	-264.084260	46.568419	2.576064	4.253081	-2.474645
0.620000	135.230391	27.970160	109.868830	-89.360588	5.215486	7.396842	-4.102305	278.633940	-35.961561	-266.771738	48.947280	2.539773	4.309816	-2.718097
0.640000	130.330031	27.245962	104.506398	-88.356723	5.266214	7.483725	-4.158098	281.960184	-36.471899	-269.525454	51.509702	2.529048	4.389239	-2.815360
0.660000	125.406195	26.511200	99.087293	-87.298223	5.316042	7.572275	-4.217055	285.440878	-36.997699	-272.341338	54.322814	2.472424	4.467181	-3.084922
0.680000	120.464489	25.765964	93.612391	-86.182319	5.365692	7.662362	-4.279239	289.021981	-37.542551	-275.219538	57.374481	2.533265	4.553516	-3.079408
0.700000	115.505188	25.009333	88.078209	-85.001528	5.417305	7.756294	-4.341805	293.009263	-38.113080	-278.143389	60.688174	2.626606	4.889389	-3.242668
0.720000	110.531227	24.241290	82.485836	-83.752177	5.469748	7.858365	-4.407852	297.182932	-38.700221	-281.141179	64.339206	2.595079	5.275822	-3.319457
0.740000	105.549859	23.461249	76.832180	-82.425669	5.520761	7.965699	-4.474919	301.382763	-39.303138	-284.212729	68.345263	2.535606	5.493075	-3.429642
0.760000	100.566632	22.669091	71.117079	-81.015109	5.571171	8.079581	-4.545621	305.942018	-39.908991	-287.298468	72.777656	2.507156	5.905324	-3.595936
0.780000	95.592046	21.864829	65.340520	-79.512092	5.621869	8.200964	-4.618323	310.503036	-40.524826	-290.377961	77.624788	2.559889	6.175582	-3.688425
0.800000	90.639225	21.047748	59.502140	-77.905884	5.673998	8.324624	-4.694008	315.010215	-41.183356	-293.420110	83.025006	2.698007	6.166921	-3.885709
0.820000	85.726269	20.217404	53.605058	-76.188096	5.731979	8.448308	-4.773577	319.690255	-41.869344	-296.308871	88.936285	3.073847	6.236715	-4.059075
0.840000	80.868712	19.372961	47.651773	-74.343496	5.794692	8.575054	-4.856884	324.469962	-42.556245	-298.925651	95.493313	3.172360	6.401799	-4.330529
0.860000	76.096083	18.515397	41.650329	-72.363743	5.858811	8.703021	-4.947873	329.122186	-43.207409	-301.186535	102.699261	3.240250	6.412292	-4.757662
0.880000	71.112061	17.644986	35.607238	-70.230960	6.123191	7.839591	-5.786168	333.943305	-43.814250	-303.006220	110.604260	3.459569	6.603990	-5.261328
0.900000	66.524105	16.763185	29.534584	-67.933848	6.192579	7.971394	-5.895572	338.271105	-44.364143	-304.143475	119.264746	3.428211	6.549759	-5.687026
0.920000	62.203561	15.763815	23.583290	-65.506752	6.259695	8.101747	-6.014933	342.336692	-44.869398	-304.447501	128.592318	3.293007	6.510678	-6.240184
0.940000	58.075566	14.862418	17.500840	-62.836077	6.325264	8.232724	-6.144011	345.940949	-45.245950	-303.599755	138.566107	3.272308	6.601450	-6.679654
0.960000	54.330885	13.955353	11.448804	-59.961925	6.418296	8.358153	-6.245208	348.724060	-45.434960	-301.385167	148.953415	3.268770	6.639231	-7.115117
0.980000	50.933782	13.046592	5.456699	-56.877021	6.460366	8.447412	-6.459489	350.402039	-45.404809	-297.569489	159.519343	3.320236	6.584941	-7.506228
1.000000	48.275732	12.140935	-0.441523	-53.584516	6.582162	8.690921	-6.507507	350.569081	-45.126398	-291.959347	169.753436	3.263728	6.373285	-7.883037
1.020000	46.221872	11.243505	-6.208614	-50.092981	6.657450	8.834623	-6.628851	349.047426	-44.573446	-284.581792	179.154734	3.155535	5.978994	-8.276533
1.040000	44.887303	10.359826	-11.815015	-46.425318	6.720809	8.950701	-6.796887	346.163467	-43.752311	-275.844694	187.380719	3.210129	5.646893	-8.543147
1.060000	44.371212	9.494924	-17.235871	-42.607251	6.784365	9.060297	-6.970628	341.990702	-42.706121	-266.171251	194.133658	3.136230	5.264622	-8.791663
1.080000	44.684467	8.652754	-22.458225	-38.670003	6.846363	9.160793	-7.147372	336.715458	-41.494050	-256.025033	199.350807	3.076616	4.778987	-8.908690
1.100000	45.781596	7.835452	-27.476304	-34.643235	6.908607	9.251777	-7.327608	330.879768	-40.243038	-245.803030	203.107916	3.167947	4.326610	-9.099694
1.120000	47.535791	7.042789	-32.292247	-30.554661	6.908354	9.314998	-7.566176	324.697756	-39.024497	-235.885158	205.567974	3.172867	4.013997	-9.132773
1.140000	49.936004	6.274544	-36.914884	-26.428022	6.970056	9.391606	-7.751038	318.380534	-37.788489	-226.361816	206.967609	2.974339	3.630852	-9.383793
1.160000	52.774720	5.530878	-41.351219	-22.282500	7.030159	9.414659	-7.938552	311.991187	-36.601423	-217.453870	207.484114	2.811903	3.292435	-9.440202
1.180000	56.042533	4.809988	-45.617240	-18.132962	7.085972	9.477797	-8.126849	305.729597	-35.488375	-209.133151	207.377920	2.773564	3.014688	-9.416694
1.200000	59.601865	4.110769	-49.719774	-13.990723	7.141460	9.533870	-8.315957	299.549340	-34.464700	-201.359281	206.771022	2.808177	2.540521	-9.482094
1.220000	63.200274	3.432447	-53.494888	-9.839204	7.198441	9.579012	-8.506853	293.638505	-33.499648	-194.214102	205.807432	2.895524	1.978100	-9.616760
1.240000	67.141704	2.771853	-57.311699	-5.734911	7.255950	9.614465	-8.699690	288.026366	-32.578012	-187.588007	204.575034	2.866411	1.625361	-9.670577
1.260000	71.189385	2.128895	-61.001332	-1.657962	7.275955	9.629764	-8.916384	282.641404	-31.723242	-181.448615	203.105313	2.841988	1.409009	-9.625732
1.280000	75.326363	1.502456	-64.572832	2.388696	7.290483	9.641685	-9.133685	277.597228	-30.927360	-175.722321	201.539253	2.852316	1.233246	-9.661793
1.300000	79.566900	0.891309	-68.033097	6.402615	7.351522	9.687421	-9.366920	272.740899	-30.197892	-170.414050	199.855377	2.955040	1.012670	-9.671138
1.320000	83.791263	0.294372	-71.392537	10.382694	7.398958	9.690275	-9.519021	268.135716	-29.482390	-165.460443	198.115808	3.027992	0.765762	-9.751183
1.340000	88.028274	-0.288127	-74.654230	14.326879	7.457468	9.664610	-9.742101	263.728908	-28.785868	-160.848393	196.333820	2.934901	0.474339	-9.874099
1.360000	92.305058	-0.857165	-77.828089	18.235915	7.514973	9.671877	-9.940086	259.476053	-28.110054	-156.500689	194.544317	2.794769	0.275315	-9.891489
1.380000	97.134244	-1.412674	-80.915880	22.108542	7.362098	10.627080	-9.163668	255.013660	-27.456923	-152.401174	192.745998	2.582265	0.075548	-9.443179
1.400000	101.358233	-1.955579	-83.925572	25.945666	7.415327	10.625562	-9.349667	250.844710	-26.833532	-148.576875	190.960348	2.742670	-0.264041	-9.168660
1.420000	105.653892	-2.486242	-86.860601	29.747203	7.467670	10.702314	-9.561092	246.948048	-26.238518	-144.969532	189.202010	2.833493	-0.527809	-8.976560
1.440000	109.842314	-3.005317	-89.725725	33.513851	7.524520	10.690881	-9.740766	243.540845	-25.674274	-141.585278	187.471888	2.860586	-0.587001	-9.041193
1.460000	114.013720	-3.513449	-92.525595	37.246439	7.581191	10.678159	-9.923702	240.311857	-25.136939	-138.383082	185.770700	2.805109	-0.714546	-9.207260
1.480000	118.161814	-4.011031	-95.262460	40.944874	7.636705	10.663163	-10.107127	237.064836	-24.631518	-135.374136	184.100575	2.746997	-0.767124	-9.112017
1.500000	122.286661	-4.498938	-97.942048	44.610853	7.690760	10.647180	-10.287403	233.844444	-24.149449	-132.513388	182.452862	2.655508	-0.859151	-8.941705
1.520000	126.381091	-4.977254	-100.564335	48.243192	7.743854	10.628054	-10.464613	230.745416	-23.699279	-129.816494	180.830448	2.675050	-1.050788	-8.819848
1.540000	130.449406	-5.447015	-103.135223	51.843984	7.798045	10.606321	-10.641833	227.953613	-23.273174	-127.248586	179.229167	2.700660	-1.095827	-8.849782
1.560000	134.488934	-5.908269	-105.655132	55.412581	7.851237	10.584221	-10.817038	225.055714	-22.859656	-124.798427	177.657274	2.617428	-1.152095	-8.655842
1.580000	138.498184	-6.361445	-108.127757	58.950323	7.903297	10.559731	-10.989254	222.299198	-22.458948	-122.468429	176.114623	2.596735	-1.286902	-8.558558
1.600000	142.476220	-6.806775	-110.554648	62.457438	7.954990	10.533022	-11.158725	219.598697	-22.076450	-120.229872	174.597409	2.579158	-1.358256	-8.392285
1.620000	146.424425	-7.244651	-112.937641	65.934354	8.006592	10.505663	-11.326648	217.147901	-21.716655	-118.101202	173.111367	2.615600	-1.394769	-8.384531
1.640000	150.343253	-7.675565	-115.279557	69.382278	8.058612	10.476433	-11.493926	214.687428	-21.369054	-116.060693	171.656965	2.549157	-1.551589	-8.360467
1.660000	154.229661	-8.099531	-117.580856	72.800893	8.109080	10.443525	-11.661094	212.308633	-21.037023	-114.122590	170.237345	2.521764	-1.737098	-8.338803
1.680000	158.086991	-8.517156	-119.845083	76.192049	8.159134	10.407615	-11.828589	210.135204	-20.717523	-112.264253	168.847172	2.464686	-1.817436	-8.412213
1.700000	161.915477	-8.928315	-122.071936	79.554991	8.208028	10.371204	-11.997081	207.989885	-20.410050	-110.481407	167.485471	2.400432	-1.854884	-8.411525
1.720000	165.628526	-9.333570	-124.264602	82.891512	8.259234	10.247108	-12.134283	205.792745	-20.111325	-108.773457	166.154750	2.319794	-2.014914	-8.344855
1.740000	169.397857	-9.732843	-126.423357	86.201428	8.305005	10.206418	-12.300220	203.692004	-19.819534	-107.126442	164.853229	2.246473	-2.060873	-8.250064
1.760000	173.138648	-10.126386	-128.550012	89.485742	8.349992	10.164859	-12.464243	201.683056	-19.535489	-105.547466	163.581413	2.257910	-2.061269	-8.150093
1.780000	176.779005	-10.514343	-130.645781	92.744925	8.429822	10.043390	-12.604459	199.778500	-19.259552	-104.024713	162.329074	2.209838	-1.985310	-8.077717
1.800000	180.467759	-10.896813	-132.711406	95.979031	8.474433	10.004629	-12.766085	198.012508	-18.993353	-102.563309	161.097861	2.278251	-1.908798	-8.091801
1.820000	184.131873	-11.274193	-134.748840	99.189110	8.521100	9.966237	-12.927970	196.213243	-18.736928	-101.148633	159.883348	2.333499	-1.926610	-8.076958
1.840000	187.768156	-11.646396	-136.757752	102.374563	8.568009	9.926595	-13.089547	194.431177	-18.491642	-99.785369	158.692716	2.383347	-2.051674	-8.088104
1.860000	191.199176	-11.947233	-138.621550	105.409908	8.616781	9.883565	-13.251277	192.656747	-18.255584	-98.469610	157.518161	2.494664	-2.261651	-8.102121
1.880000	194.779753	-12.310002	-140.577833	108.548525	8.666051	9.836466	-13.413338	190.914340	-18.027630	-97.191977	156.367784	2.442427	-2.411140	-8.088457
1.900000	198.333517	-12.668375	-142.509396	111.664634	8.714697	9.787597	-13.573435	189.145350	-17.808775	-95.959522	155.237893	2.434438	-2.466254	-7.934362
1.920000	201.860490	-13.022428	-144.416550	114.758221	8.762761	9.738100	-13.730715	187.442007	-17.597868	-94.765289	154.126104	2.365612	-2.459188	-7.786061
1.940000	205.362130	-13.372323	-146.300216	117.829761	8.809275	9.688594	-13.886117	185.864473	-17.392462	-93.612121	153.035588	2.274158	-2.488505	-7.760286
1.960000	208.841051	-13.718161	-148.161416	120.879874	8.854467	9.640331	-14.041103	184.416929	-17.189036	-92.497165	151.964846	2.283229	-2.372387	-7.747267
1.980000	212.321415	-13.966927	-149.927659	124.046766	8.901297	9.592344	-14.195037	182.835744	-16.990816	-91.420246	150.919523	2.406362	-2.398446	-7.597915
2.000000	215.752770	-14.304829	-151.745974	127.055135	8.950739	9.544277	-14.344622	181.237467	-16.795264	-90.382493	149.889705	2.535329	-2.425882	-7.390243
