# S    T 
1.602743 0.000000 
0.000000 0.000000 
0.000000 0.000000 
0.000000 0.000000 
0.000000 0.000000 
0.000000 0.000000 
0.017859 0.000000 
-0.001321 -0.047462 
0.000000 0.000000 
0.000000 0.000000 
0.000000 0.000000 
0.000000 0.000000 
-0.002586 0.000000 
-0.000376 -0.045221 
-0.035211 0.000399 
0.000000 0.000000 
0.000000 0.000000 
0.000000 0.000000 
-0.019366 0.000000 
-0.002159 -0.010504 
-0.052412 0.007955 
-0.005459 0.039397 
0.000000 0.000000 
0.000000 0.000000 
-0.012410 0.000000 
0.032221 0.056315 
-0.019783 0.018133 
-0.007647 0.034105 
0.031848 -0.000981 
0.000000 0.000000 
-0.009138 0.000000 
0.040178 0.108856 
0.042806 -0.051068 
-0.065663 0.150175 
0.082453 0.073325 
0.034146 -0.053381 
0.013620 0.000000 
0.000000 0.000000 
0.000000 0.000000 
0.000000 0.000000 
0.000000 0.000000 
0.000000 0.000000 
0.010949 0.000000 
-0.001842 -0.028232 
0.000000 0.000000 
0.000000 0.000000 
0.000000 0.000000 
0.000000 0.000000 
-0.005383 0.000000 
-0.001510 -0.026191 
-0.025506 0.001365 
0.000000 0.000000 
0.000000 0.000000 
0.000000 0.000000 
-0.014637 0.000000 
0.000956 -0.000558 
-0.034618 0.001865 
0.003753 0.025953 
0.000000 0.000000 
0.000000 0.000000 
-0.005312 0.000000 
-0.004505 0.031254 
-0.023219 -0.004859 
0.002272 0.048750 
0.027701 -0.007143 
0.000000 0.000000 
0.014091 0.000000 
0.002998 0.051778 
0.028100 0.014275 
-0.008760 0.045376 
0.054625 -0.010949 
0.006731 -0.048824 
0.002443 0.000000 
0.000000 0.000000 
0.000000 0.000000 
0.000000 0.000000 
0.000000 0.000000 
0.000000 0.000000 
0.005665 0.000000 
-0.000507 -0.015287 
0.000000 0.000000 
0.000000 0.000000 
0.000000 0.000000 
0.000000 0.000000 
-0.002458 0.000000 
-0.000182 -0.015525 
-0.014946 0.001687 
0.000000 0.000000 
0.000000 0.000000 
0.000000 0.000000 
-0.009110 0.000000 
-0.000019 -0.000939 
-0.020823 0.001621 
0.001345 0.015865 
0.000000 0.000000 
0.000000 0.000000 
-0.006720 0.000000 
0.000059 0.019888 
-0.006582 0.001181 
0.004743 0.025091 
0.019732 -0.006438 
0.000000 0.000000 
0.011018 0.000000 
-0.001042 0.021995 
0.014536 0.000603 
0.002253 0.022493 
0.039917 -0.003220 
-0.004376 -0.019981 
-0.001748 0.000000 
0.000000 0.000000 
0.000000 0.000000 
0.000000 0.000000 
0.000000 0.000000 
0.000000 0.000000 
0.002839 0.000000 
-0.000436 -0.007533 
0.000000 0.000000 
0.000000 0.000000 
0.000000 0.000000 
0.000000 0.000000 
-0.001677 0.000000 
-0.000408 -0.008755 
-0.008409 0.000724 
0.000000 0.000000 
0.000000 0.000000 
0.000000 0.000000 
-0.005104 0.000000 
0.000151 -0.000737 
-0.012036 0.001313 
0.001478 0.010084 
0.000000 0.000000 
0.000000 0.000000 
-0.004367 0.000000 
0.000862 0.012478 
-0.005563 0.000567 
0.002749 0.017197 
0.011830 -0.001592 
0.000000 0.000000 
0.004414 0.000000 
0.000831 0.017256 
0.014473 -0.001111 
0.001399 0.012568 
0.021378 -0.004182 
-0.002609 -0.013143 
-0.003140 0.000000 
0.000000 0.000000 
0.000000 0.000000 
0.000000 0.000000 
0.000000 0.000000 
0.000000 0.000000 
0.001123 0.000000 
-0.000117 -0.003068 
0.000000 0.000000 
0.000000 0.000000 
0.000000 0.000000 
0.000000 0.000000 
-0.000747 0.000000 
-0.000173 -0.004469 
-0.004209 0.000355 
0.000000 0.000000 
0.000000 0.000000 
0.000000 0.000000 
-0.003275 0.000000 
-0.000089 -0.000586 
-0.007084 0.000673 
0.000779 0.005241 
0.000000 0.000000 
0.000000 0.000000 
-0.002506 0.000000 
0.000547 0.007031 
-0.003382 0.000249 
0.001397 0.009935 
0.006733 -0.001139 
0.000000 0.000000 
0.002995 0.000000 
0.000480 0.010276 
0.007445 -0.001132 
0.001273 0.007897 
0.014648 -0.002652 
-0.001947 -0.008472 
-0.002992 0.000000 
0.000000 0.000000 
0.000000 0.000000 
0.000000 0.000000 
0.000000 0.000000 
0.000000 0.000000 
0.000215 0.000000 
-0.000058 -0.000664 
0.000000 0.000000 
0.000000 0.000000 
0.000000 0.000000 
0.000000 0.000000 
-0.000335 0.000000 
-0.000087 -0.001941 
-0.001883 0.000196 
0.000000 0.000000 
0.000000 0.000000 
0.000000 0.000000 
-0.001587 0.000000 
0.000031 -0.000172 
-0.003522 0.000389 
0.000427 0.002771 
0.000000 0.000000 
0.000000 0.000000 
-0.001452 0.000000 
0.000197 0.004050 
-0.002003 0.000186 
0.000819 0.005570 
0.003830 -0.000750 
0.000000 0.000000 
0.001552 0.000000 
0.000232 0.006049 
0.004840 -0.000266 
0.000546 0.004701 
0.008490 -0.001554 
-0.001340 -0.005172 
