# S    T 
1.602743 0.000000 
0.000000 0.000000 
0.000000 0.000000 
0.000000 0.000000 
0.000000 0.000000 
0.000000 0.000000 
0.000000 0.000000 
0.000000 0.000000 
0.000000 0.000000 
0.000000 0.000000 
0.000000 0.000000 
0.017859 0.000000 
-0.001321 -0.047462 
0.000000 0.000000 
0.000000 0.000000 
0.000000 0.000000 
0.000000 0.000000 
0.000000 0.000000 
0.000000 0.000000 
0.000000 0.000000 
0.000000 0.000000 
0.000000 0.000000 
-0.002586 0.000000 
-0.000376 -0.045221 
-0.035211 0.000399 
0.000000 0.000000 
0.000000 0.000000 
0.000000 0.000000 
0.000000 0.000000 
0.000000 0.000000 
0.000000 0.000000 
0.000000 0.000000 
0.000000 0.000000 
-0.019366 0.000000 
-0.002159 -0.010504 
-0.052412 0.007955 
-0.005459 0.039397 
0.000000 0.000000 
0.000000 0.000000 
0.000000 0.000000 
0.000000 0.000000 
0.000000 0.000000 
0.000000 0.000000 
0.000000 0.000000 
-0.012410 0.000000 
0.032221 0.056315 
-0.019783 0.018133 
-0.007647 0.034105 
0.031848 -0.000981 
0.000000 0.000000 
0.000000 0.000000 
0.000000 0.000000 
0.000000 0.000000 
0.000000 0.000000 
0.000000 0.000000 
-0.009138 0.000000 
0.040178 0.108856 
0.042806 -0.051068 
-0.065663 0.150175 
0.082453 0.073325 
0.034146 -0.053381 
0.000000 0.000000 
0.000000 0.000000 
0.000000 0.000000 
0.000000 0.000000 
0.000000 0.000000 
0.095890 0.000000 
-0.038225 0.109159 
-0.164561 -0.750099 
-0.004723 -0.036058 
-0.037132 0.004429 
0.120036 -0.251899 
-0.104719 0.185543 
0.000000 0.000000 
0.000000 0.000000 
0.000000 0.000000 
0.000000 0.000000 
0.463360 0.000000 
-0.498961 0.178132 
0.016689 -0.235480 
0.059742 0.059080 
0.246496 0.201850 
0.515500 0.815422 
0.294504 0.207112 
-0.147607 -0.005689 
0.000000 0.000000 
0.000000 0.000000 
0.000000 0.000000 
1.756212 0.000000 
3.214833 -4.291289 
0.685228 0.092212 
2.173009 1.119033 
-0.888159 2.093220 
-0.877714 1.291548 
3.928568 -2.217285 
-0.874649 3.926786 
1.371383 -2.279721 
0.000000 0.000000 
0.000000 0.000000 
-2.078711 0.000000 
-6.620275 0.276859 
10.835098 7.301869 
-2.356799 0.918220 
-4.662839 4.710453 
-2.949383 0.509412 
-2.324742 -13.867957 
-7.898196 -1.403224 
6.193121 6.283798 
2.977574 3.293396 
0.000000 0.000000 
-18.381724 0.000000 
32.350002 -3.945458 
-20.761132 25.810624 
38.390896 12.450774 
-20.912968 18.452806 
11.274753 -29.835999 
38.769114 -0.321684 
2.836805 7.924222 
18.772642 15.043215 
-44.185472 8.591936 
20.654216 -10.786956 
0.013620 0.000000 
0.000000 0.000000 
0.000000 0.000000 
0.000000 0.000000 
0.000000 0.000000 
0.000000 0.000000 
0.000000 0.000000 
0.000000 0.000000 
0.000000 0.000000 
0.000000 0.000000 
0.000000 0.000000 
0.010949 0.000000 
-0.001842 -0.028232 
0.000000 0.000000 
0.000000 0.000000 
0.000000 0.000000 
0.000000 0.000000 
0.000000 0.000000 
0.000000 0.000000 
0.000000 0.000000 
0.000000 0.000000 
0.000000 0.000000 
-0.005383 0.000000 
-0.001510 -0.026191 
-0.025506 0.001365 
0.000000 0.000000 
0.000000 0.000000 
0.000000 0.000000 
0.000000 0.000000 
0.000000 0.000000 
0.000000 0.000000 
0.000000 0.000000 
0.000000 0.000000 
-0.014637 0.000000 
0.000956 -0.000558 
-0.034618 0.001865 
0.003753 0.025953 
0.000000 0.000000 
0.000000 0.000000 
0.000000 0.000000 
0.000000 0.000000 
0.000000 0.000000 
0.000000 0.000000 
0.000000 0.000000 
-0.005312 0.000000 
-0.004505 0.031254 
-0.023219 -0.004859 
0.002272 0.048750 
0.027701 -0.007143 
0.000000 0.000000 
0.000000 0.000000 
0.000000 0.000000 
0.000000 0.000000 
0.000000 0.000000 
0.000000 0.000000 
0.014091 0.000000 
0.002998 0.051778 
0.028100 0.014275 
-0.008760 0.045376 
0.054625 -0.010949 
0.006731 -0.048824 
0.000000 0.000000 
0.000000 0.000000 
0.000000 0.000000 
0.000000 0.000000 
0.000000 0.000000 
0.015445 0.000000 
0.046769 0.015891 
0.082335 -0.001334 
0.022358 -0.063567 
0.065714 -0.034279 
-0.033934 -0.091773 
-0.023774 0.012093 
0.000000 0.000000 
0.000000 0.000000 
0.000000 0.000000 
0.000000 0.000000 
0.055954 0.000000 
0.148245 -0.263382 
0.087879 0.070599 
-0.094152 -0.054983 
-0.083499 0.068827 
-0.086517 -0.269785 
-0.259033 0.187131 
0.213901 0.145488 
0.000000 0.000000 
0.000000 0.000000 
0.000000 0.000000 
-0.453869 0.000000 
0.361089 -0.351755 
0.087545 0.445371 
0.382044 0.060234 
0.031045 -0.133702 
-0.282888 -0.511594 
-0.405729 -0.081830 
0.038971 -0.365399 
0.594710 0.186343 
0.000000 0.000000 
0.000000 0.000000 
0.634436 0.000000 
-1.645434 -0.821601 
-0.490708 0.245913 
-1.165576 0.729477 
1.007138 0.996654 
-0.136048 0.346607 
-0.116856 0.702822 
-0.018306 -0.211923 
-0.765884 -1.217606 
-1.668798 0.933925 
0.000000 0.000000 
2.532966 0.000000 
-0.519555 -1.792656 
1.244313 -0.176344 
0.853981 -1.979741 
0.435188 5.269754 
-1.192676 7.774911 
-3.329902 4.155055 
-5.155958 1.928462 
-2.257156 2.459940 
4.585557 3.959264 
-4.102106 -1.042915 
0.002443 0.000000 
0.000000 0.000000 
0.000000 0.000000 
0.000000 0.000000 
0.000000 0.000000 
0.000000 0.000000 
0.000000 0.000000 
0.000000 0.000000 
0.000000 0.000000 
0.000000 0.000000 
0.000000 0.000000 
0.005665 0.000000 
-0.000507 -0.015287 
0.000000 0.000000 
0.000000 0.000000 
0.000000 0.000000 
0.000000 0.000000 
0.000000 0.000000 
0.000000 0.000000 
0.000000 0.000000 
0.000000 0.000000 
0.000000 0.000000 
-0.002458 0.000000 
-0.000182 -0.015525 
-0.014946 0.001687 
0.000000 0.000000 
0.000000 0.000000 
0.000000 0.000000 
0.000000 0.000000 
0.000000 0.000000 
0.000000 0.000000 
0.000000 0.000000 
0.000000 0.000000 
-0.009110 0.000000 
-0.000019 -0.000939 
-0.020823 0.001621 
0.001345 0.015865 
0.000000 0.000000 
0.000000 0.000000 
0.000000 0.000000 
0.000000 0.000000 
0.000000 0.000000 
0.000000 0.000000 
0.000000 0.000000 
-0.006720 0.000000 
0.000059 0.019888 
-0.006582 0.001181 
0.004743 0.025091 
0.019732 -0.006438 
0.000000 0.000000 
0.000000 0.000000 
0.000000 0.000000 
0.000000 0.000000 
0.000000 0.000000 
0.000000 0.000000 
0.011018 0.000000 
-0.001042 0.021995 
0.014536 0.000603 
0.002253 0.022493 
0.039917 -0.003220 
-0.004376 -0.019981 
0.000000 0.000000 
0.000000 0.000000 
0.000000 0.000000 
0.000000 0.000000 
0.000000 0.000000 
0.019661 0.000000 
-0.003817 0.000680 
0.038200 -0.006645 
0.008284 -0.003399 
0.020195 -0.005321 
-0.000539 -0.040863 
-0.037443 0.015992 
0.000000 0.000000 
0.000000 0.000000 
0.000000 0.000000 
0.000000 0.000000 
0.009266 0.000000 
-0.012889 -0.008080 
0.014523 0.033165 
-0.023321 -0.069745 
0.025628 -0.004906 
-0.001496 -0.013936 
-0.014352 -0.006008 
-0.015326 0.055247 
0.000000 0.000000 
0.000000 0.000000 
0.000000 0.000000 
-0.009699 0.000000 
0.072282 -0.031297 
-0.071606 0.103964 
-0.163688 -0.060556 
-0.092361 -0.062365 
0.066844 0.032916 
-0.109354 -0.046120 
0.027455 0.143936 
0.081891 -0.058283 
0.000000 0.000000 
0.000000 0.000000 
-0.230533 0.000000 
0.631470 0.091866 
-0.200537 0.271204 
-0.020897 -0.267087 
-0.081168 0.093915 
-0.068541 -0.148198 
-0.044984 0.221946 
-0.151108 0.085336 
0.390591 -0.032873 
-0.136834 0.187776 
0.000000 0.000000 
-0.527360 0.000000 
0.137196 0.323294 
-1.054952 0.430532 
-0.189951 0.555530 
-0.354919 -0.576238 
-0.316573 -0.569904 
0.688215 0.362527 
-0.316544 -0.741955 
0.921293 0.879395 
-0.292811 -0.133862 
-0.079215 0.010812 
-0.001748 0.000000 
0.000000 0.000000 
0.000000 0.000000 
0.000000 0.000000 
0.000000 0.000000 
0.000000 0.000000 
0.000000 0.000000 
0.000000 0.000000 
0.000000 0.000000 
0.000000 0.000000 
0.000000 0.000000 
0.002839 0.000000 
-0.000436 -0.007533 
0.000000 0.000000 
0.000000 0.000000 
0.000000 0.000000 
0.000000 0.000000 
0.000000 0.000000 
0.000000 0.000000 
0.000000 0.000000 
0.000000 0.000000 
0.000000 0.000000 
-0.001677 0.000000 
-0.000408 -0.008755 
-0.008409 0.000724 
0.000000 0.000000 
0.000000 0.000000 
0.000000 0.000000 
0.000000 0.000000 
0.000000 0.000000 
0.000000 0.000000 
0.000000 0.000000 
0.000000 0.000000 
-0.005104 0.000000 
0.000151 -0.000737 
-0.012036 0.001313 
0.001478 0.010084 
0.000000 0.000000 
0.000000 0.000000 
0.000000 0.000000 
0.000000 0.000000 
0.000000 0.000000 
0.000000 0.000000 
0.000000 0.000000 
-0.004367 0.000000 
0.000862 0.012478 
-0.005563 0.000567 
0.002749 0.017197 
0.011830 -0.001592 
0.000000 0.000000 
0.000000 0.000000 
0.000000 0.000000 
0.000000 0.000000 
0.000000 0.000000 
0.000000 0.000000 
0.004414 0.000000 
0.000831 0.017256 
0.014473 -0.001111 
0.001399 0.012568 
0.021378 -0.004182 
-0.002609 -0.013143 
0.000000 0.000000 
0.000000 0.000000 
0.000000 0.000000 
0.000000 0.000000 
0.000000 0.000000 
0.012502 0.000000 
-0.001571 -0.002574 
0.029732 -0.001598 
-0.001432 -0.009287 
0.027385 -0.004595 
-0.006293 -0.033976 
-0.016153 0.005143 
0.000000 0.000000 
0.000000 0.000000 
0.000000 0.000000 
0.000000 0.000000 
0.010116 0.000000 
-0.003479 -0.044576 
0.021430 -0.002725 
0.007706 -0.034611 
0.000929 0.000469 
-0.017657 -0.037848 
-0.052870 0.011013 
0.001327 0.017295 
0.000000 0.000000 
0.000000 0.000000 
0.000000 0.000000 
-0.011703 0.000000 
-0.011577 -0.053759 
-0.056674 0.037414 
0.002989 -0.034103 
-0.056613 0.010438 
0.010755 -0.018475 
-0.080615 0.019867 
-0.013683 0.071925 
0.018611 0.015335 
0.000000 0.000000 
0.000000 0.000000 
-0.056700 0.000000 
-0.128741 0.080123 
-0.030125 -0.043195 
-0.057912 0.036604 
-0.103408 -0.039114 
0.028481 0.080190 
-0.076387 -0.020446 
0.020234 0.102037 
0.060614 0.048452 
0.055357 -0.063606 
0.000000 0.000000 
0.185500 0.000000 
0.089744 0.149533 
-0.173563 -0.055054 
-0.021709 0.231731 
-0.090668 0.105681 
0.088335 0.288186 
-0.175989 -0.086916 
0.023937 0.170080 
0.199072 -0.107762 
0.209270 0.188897 
0.030196 0.015940 
-0.003140 0.000000 
0.000000 0.000000 
0.000000 0.000000 
0.000000 0.000000 
0.000000 0.000000 
0.000000 0.000000 
0.000000 0.000000 
0.000000 0.000000 
0.000000 0.000000 
0.000000 0.000000 
0.000000 0.000000 
0.001123 0.000000 
-0.000117 -0.003068 
0.000000 0.000000 
0.000000 0.000000 
0.000000 0.000000 
0.000000 0.000000 
0.000000 0.000000 
0.000000 0.000000 
0.000000 0.000000 
0.000000 0.000000 
0.000000 0.000000 
-0.000747 0.000000 
-0.000173 -0.004469 
-0.004209 0.000355 
0.000000 0.000000 
0.000000 0.000000 
0.000000 0.000000 
0.000000 0.000000 
0.000000 0.000000 
0.000000 0.000000 
0.000000 0.000000 
0.000000 0.000000 
-0.003275 0.000000 
-0.000089 -0.000586 
-0.007084 0.000673 
0.000779 0.005241 
0.000000 0.000000 
0.000000 0.000000 
0.000000 0.000000 
0.000000 0.000000 
0.000000 0.000000 
0.000000 0.000000 
0.000000 0.000000 
-0.002506 0.000000 
0.000547 0.007031 
-0.003382 0.000249 
0.001397 0.009935 
0.006733 -0.001139 
0.000000 0.000000 
0.000000 0.000000 
0.000000 0.000000 
0.000000 0.000000 
0.000000 0.000000 
0.000000 0.000000 
0.002995 0.000000 
0.000480 0.010276 
0.007445 -0.001132 
0.001273 0.007897 
0.014648 -0.002652 
-0.001947 -0.008472 
0.000000 0.000000 
0.000000 0.000000 
0.000000 0.000000 
0.000000 0.000000 
0.000000 0.000000 
0.007679 0.000000 
-0.000150 0.000619 
0.016983 -0.002562 
-0.001595 -0.007255 
0.012610 -0.002822 
-0.006221 -0.020467 
-0.012467 0.002131 
0.000000 0.000000 
0.000000 0.000000 
0.000000 0.000000 
0.000000 0.000000 
0.003961 0.000000 
-0.002093 -0.020083 
0.007535 -0.005055 
-0.005382 -0.025063 
-0.006352 0.000590 
-0.002641 -0.023361 
-0.028480 0.009360 
0.003070 0.014058 
0.000000 0.000000 
0.000000 0.000000 
0.000000 0.000000 
-0.009971 0.000000 
0.010390 -0.027820 
-0.017492 0.005236 
-0.002064 -0.018478 
-0.042371 0.005141 
-0.005434 0.003782 
-0.046887 0.010545 
0.012220 0.038961 
0.017692 -0.010987 
0.000000 0.000000 
0.000000 0.000000 
-0.023479 0.000000 
0.002330 -0.001803 
-0.039667 0.022628 
0.002995 0.028875 
-0.032678 0.010678 
-0.006884 0.007953 
0.017249 -0.012466 
0.053890 0.043840 
0.059913 -0.041013 
-0.015073 -0.031007 
0.000000 0.000000 
-0.014674 0.000000 
-0.043377 0.014672 
-0.057167 -0.025997 
-0.033318 0.015872 
-0.017263 -0.046715 
-0.048456 0.024022 
0.018673 -0.072074 
-0.004698 0.091506 
0.057778 0.050969 
-0.127674 -0.076059 
-0.093327 -0.006443 
-0.002992 0.000000 
0.000000 0.000000 
0.000000 0.000000 
0.000000 0.000000 
0.000000 0.000000 
0.000000 0.000000 
0.000000 0.000000 
0.000000 0.000000 
0.000000 0.000000 
0.000000 0.000000 
0.000000 0.000000 
0.000215 0.000000 
-0.000058 -0.000664 
0.000000 0.000000 
0.000000 0.000000 
0.000000 0.000000 
0.000000 0.000000 
0.000000 0.000000 
0.000000 0.000000 
0.000000 0.000000 
0.000000 0.000000 
0.000000 0.000000 
-0.000335 0.000000 
-0.000087 -0.001941 
-0.001883 0.000196 
0.000000 0.000000 
0.000000 0.000000 
0.000000 0.000000 
0.000000 0.000000 
0.000000 0.000000 
0.000000 0.000000 
0.000000 0.000000 
0.000000 0.000000 
-0.001587 0.000000 
0.000031 -0.000172 
-0.003522 0.000389 
0.000427 0.002771 
0.000000 0.000000 
0.000000 0.000000 
0.000000 0.000000 
0.000000 0.000000 
0.000000 0.000000 
0.000000 0.000000 
0.000000 0.000000 
-0.001452 0.000000 
0.000197 0.004050 
-0.002003 0.000186 
0.000819 0.005570 
0.003830 -0.000750 
0.000000 0.000000 
0.000000 0.000000 
0.000000 0.000000 
0.000000 0.000000 
0.000000 0.000000 
0.000000 0.000000 
0.001552 0.000000 
0.000232 0.006049 
0.004840 -0.000266 
0.000546 0.004701 
0.008490 -0.001554 
-0.001340 -0.005172 
0.000000 0.000000 
0.000000 0.000000 
0.000000 0.000000 
0.000000 0.000000 
0.000000 0.000000 
0.005233 0.000000 
-0.000382 -0.001157 
0.010193 -0.000898 
-0.000065 -0.003646 
0.008791 -0.001901 
-0.002949 -0.012443 
-0.006361 0.001928 
0.000000 0.000000 
0.000000 0.000000 
0.000000 0.000000 
0.000000 0.000000 
0.003163 0.000000 
0.000434 -0.013072 
0.004348 -0.000237 
-0.002287 -0.016462 
-0.000745 -0.000452 
-0.005601 -0.015696 
-0.015765 0.004362 
0.003387 0.008721 
0.000000 0.000000 
0.000000 0.000000 
0.000000 0.000000 
-0.004872 0.000000 
-0.002098 -0.017294 
-0.011418 0.000096 
-0.003357 -0.014523 
-0.020832 0.005163 
0.004123 -0.005052 
-0.027104 0.008173 
0.007029 0.023875 
0.013718 -0.006969 
0.000000 0.000000 
0.000000 0.000000 
-0.020221 0.000000 
0.001715 0.001875 
-0.025453 0.010060 
-0.001810 0.012820 
-0.035605 0.005862 
0.000047 0.031226 
-0.007895 0.008012 
0.018374 0.049098 
0.034914 -0.017407 
-0.002312 -0.012710 
0.000000 0.000000 
-0.003592 0.000000 
0.012228 0.048457 
-0.018251 -0.004930 
0.016454 0.057700 
0.010208 0.000341 
-0.008198 0.055738 
0.036169 0.014971 
0.006745 0.005951 
0.064064 -0.022872 
-0.035001 -0.059984 
-0.014275 0.010393 
-0.002089 0.000000 
0.000000 0.000000 
0.000000 0.000000 
0.000000 0.000000 
0.000000 0.000000 
0.000000 0.000000 
0.000000 0.000000 
0.000000 0.000000 
0.000000 0.000000 
0.000000 0.000000 
0.000000 0.000000 
-0.000104 0.000000 
0.000033 0.000324 
0.000000 0.000000 
0.000000 0.000000 
0.000000 0.000000 
0.000000 0.000000 
0.000000 0.000000 
0.000000 0.000000 
0.000000 0.000000 
0.000000 0.000000 
0.000000 0.000000 
-0.000108 0.000000 
-0.000027 -0.000627 
-0.000585 0.000044 
0.000000 0.000000 
0.000000 0.000000 
0.000000 0.000000 
0.000000 0.000000 
0.000000 0.000000 
0.000000 0.000000 
0.000000 0.000000 
0.000000 0.000000 
-0.000738 0.000000 
-0.000017 -0.000068 
-0.001677 0.000121 
0.000155 0.001278 
0.000000 0.000000 
0.000000 0.000000 
0.000000 0.000000 
0.000000 0.000000 
0.000000 0.000000 
0.000000 0.000000 
0.000000 0.000000 
-0.000685 0.000000 
0.000091 0.002146 
-0.000916 0.000094 
0.000456 0.002950 
0.001956 -0.000379 
0.000000 0.000000 
0.000000 0.000000 
0.000000 0.000000 
0.000000 0.000000 
0.000000 0.000000 
0.000000 0.000000 
0.000907 0.000000 
0.000183 0.003380 
0.002407 -0.000232 
0.000328 0.002428 
0.004609 -0.000848 
-0.000611 -0.002833 
0.000000 0.000000 
0.000000 0.000000 
0.000000 0.000000 
0.000000 0.000000 
0.000000 0.000000 
0.002858 0.000000 
0.000059 0.000005 
0.005881 -0.000407 
-0.000388 -0.002414 
0.005374 -0.000897 
-0.001750 -0.007157 
-0.003957 0.001169 
0.000000 0.000000 
0.000000 0.000000 
0.000000 0.000000 
0.000000 0.000000 
0.002026 0.000000 
-0.000301 -0.007671 
0.003167 -0.000406 
-0.001479 -0.009014 
-0.001249 0.000145 
-0.002265 -0.009418 
-0.011052 0.003103 
0.001691 0.005471 
0.000000 0.000000 
0.000000 0.000000 
0.000000 0.000000 
-0.004379 0.000000 
0.000420 -0.011962 
-0.009220 -0.000258 
-0.000735 -0.008087 
-0.012185 0.002724 
-0.002155 -0.000297 
-0.016057 0.003763 
0.005644 0.016957 
0.006723 -0.001256 
0.000000 0.000000 
0.000000 0.000000 
-0.011256 0.000000 
-0.002080 0.002903 
-0.019350 0.002787 
0.001195 0.006866 
-0.015003 0.005063 
0.005567 0.017164 
-0.008368 -0.001287 
0.006561 0.026930 
0.021429 -0.008690 
-0.005928 -0.008592 
0.000000 0.000000 
-0.009441 0.000000 
0.005964 0.034066 
-0.005709 -0.003505 
0.009239 0.027123 
-0.002232 -0.001444 
0.014975 0.042639 
0.022913 -0.012928 
0.015196 0.017740 
0.046623 -0.012786 
-0.009437 -0.034164 
-0.010206 -0.000587 
-0.001007 0.000000 
0.000000 0.000000 
0.000000 0.000000 
0.000000 0.000000 
0.000000 0.000000 
0.000000 0.000000 
0.000000 0.000000 
0.000000 0.000000 
0.000000 0.000000 
0.000000 0.000000 
0.000000 0.000000 
-0.000220 0.000000 
0.000024 0.000574 
0.000000 0.000000 
0.000000 0.000000 
0.000000 0.000000 
0.000000 0.000000 
0.000000 0.000000 
0.000000 0.000000 
0.000000 0.000000 
0.000000 0.000000 
0.000000 0.000000 
-0.000004 0.000000 
0.000004 -0.000011 
-0.000013 0.000008 
0.000000 0.000000 
0.000000 0.000000 
0.000000 0.000000 
0.000000 0.000000 
0.000000 0.000000 
0.000000 0.000000 
0.000000 0.000000 
0.000000 0.000000 
-0.000265 0.000000 
0.000008 -0.000026 
-0.000580 0.000044 
0.000061 0.000465 
0.000000 0.000000 
0.000000 0.000000 
0.000000 0.000000 
0.000000 0.000000 
0.000000 0.000000 
0.000000 0.000000 
0.000000 0.000000 
-0.000326 0.000000 
0.000054 0.000982 
-0.000477 0.000039 
0.000182 0.001375 
0.000930 -0.000165 
0.000000 0.000000 
0.000000 0.000000 
0.000000 0.000000 
0.000000 0.000000 
0.000000 0.000000 
0.000000 0.000000 
0.000461 0.000000 
0.000094 0.001770 
0.001314 -0.000087 
0.000178 0.001322 
0.002465 -0.000462 
-0.000380 -0.001476 
0.000000 0.000000 
0.000000 0.000000 
0.000000 0.000000 
0.000000 0.000000 
0.000000 0.000000 
0.001660 0.000000 
0.000020 -0.000116 
0.003353 -0.000250 
-0.000276 -0.001263 
0.002748 -0.000501 
-0.000924 -0.004003 
-0.002174 0.000640 
0.000000 0.000000 
0.000000 0.000000 
0.000000 0.000000 
0.000000 0.000000 
0.001339 0.000000 
-0.000173 -0.004686 
0.001876 -0.000038 
-0.000709 -0.005437 
-0.000635 0.000027 
-0.001162 -0.005210 
-0.006188 0.001727 
0.001013 0.003078 
0.000000 0.000000 
0.000000 0.000000 
0.000000 0.000000 
-0.002437 0.000000 
-0.000579 -0.006228 
-0.005508 0.000400 
-0.000823 -0.005398 
-0.008087 0.001085 
0.000046 -0.001149 
-0.009367 0.002617 
0.002719 0.008999 
0.004595 -0.001729 
0.000000 0.000000 
0.000000 0.000000 
-0.005512 0.000000 
0.000666 0.002005 
-0.011850 0.000465 
0.000573 0.005014 
-0.011533 0.001442 
0.001787 0.010427 
-0.005567 0.002637 
0.004403 0.016423 
0.013676 -0.004648 
-0.001917 -0.007002 
0.000000 0.000000 
-0.004103 0.000000 
0.000165 0.019320 
-0.005082 0.000640 
0.004323 0.021355 
-0.000209 0.000875 
0.003506 0.019993 
0.014769 -0.003556 
0.002659 0.011848 
0.025097 -0.009354 
-0.011168 -0.018402 
-0.008924 0.004596 
-0.000111 0.000000 
0.000000 0.000000 
0.000000 0.000000 
0.000000 0.000000 
0.000000 0.000000 
0.000000 0.000000 
0.000000 0.000000 
0.000000 0.000000 
0.000000 0.000000 
0.000000 0.000000 
0.000000 0.000000 
-0.000155 0.000000 
0.000019 0.000435 
0.000000 0.000000 
0.000000 0.000000 
0.000000 0.000000 
0.000000 0.000000 
0.000000 0.000000 
0.000000 0.000000 
0.000000 0.000000 
0.000000 0.000000 
0.000000 0.000000 
0.000030 0.000000 
0.000006 0.000189 
0.000176 -0.000014 
0.000000 0.000000 
0.000000 0.000000 
0.000000 0.000000 
0.000000 0.000000 
0.000000 0.000000 
0.000000 0.000000 
0.000000 0.000000 
0.000000 0.000000 
-0.000044 0.000000 
-0.000003 -0.000015 
-0.000115 0.000013 
0.000019 0.000075 
0.000000 0.000000 
0.000000 0.000000 
0.000000 0.000000 
0.000000 0.000000 
0.000000 0.000000 
0.000000 0.000000 
0.000000 0.000000 
-0.000129 0.000000 
0.000029 0.000394 
-0.000166 0.000023 
0.000074 0.000542 
0.000367 -0.000064 
0.000000 0.000000 
0.000000 0.000000 
0.000000 0.000000 
0.000000 0.000000 
0.000000 0.000000 
0.000000 0.000000 
0.000220 0.000000 
0.000024 0.000835 
0.000623 -0.000063 
0.000119 0.000652 
0.001147 -0.000230 
-0.000151 -0.000707 
0.000000 0.000000 
0.000000 0.000000 
0.000000 0.000000 
0.000000 0.000000 
0.000000 0.000000 
0.000846 0.000000 
0.000025 -0.000012 
0.001728 -0.000221 
-0.000059 -0.000650 
0.001515 -0.000289 
-0.000501 -0.002134 
-0.001157 0.000353 
0.000000 0.000000 
0.000000 0.000000 
0.000000 0.000000 
0.000000 0.000000 
0.000648 0.000000 
-0.000152 -0.002638 
0.001005 -0.000055 
-0.000450 -0.003018 
-0.000328 0.000096 
-0.000753 -0.003033 
-0.003400 0.001016 
0.000618 0.001700 
0.000000 0.000000 
0.000000 0.000000 
0.000000 0.000000 
-0.001382 0.000000 
-0.000286 -0.003686 
-0.003383 0.000555 
-0.000511 -0.002989 
-0.004266 0.000969 
-0.000310 -0.000649 
-0.005203 0.001646 
0.001838 0.005460 
0.002474 -0.000931 
0.000000 0.000000 
0.000000 0.000000 
-0.003731 0.000000 
0.000232 0.000882 
-0.007302 0.000556 
0.000124 0.002801 
-0.006744 0.001442 
0.001046 0.006117 
-0.003021 0.000691 
0.003514 0.008922 
0.008026 -0.003359 
-0.001760 -0.003363 
0.000000 0.000000 
-0.002199 0.000000 
0.000142 0.011273 
-0.005261 0.000086 
0.001637 0.011556 
0.000726 -0.001015 
0.003032 0.012068 
0.006750 -0.001000 
0.002543 0.006220 
0.015972 -0.005375 
-0.006186 -0.012622 
-0.005499 0.002738 
0.000428 0.000000 
0.000000 0.000000 
0.000000 0.000000 
0.000000 0.000000 
0.000000 0.000000 
0.000000 0.000000 
0.000000 0.000000 
0.000000 0.000000 
0.000000 0.000000 
0.000000 0.000000 
0.000000 0.000000 
-0.000079 0.000000 
0.000009 0.000209 
0.000000 0.000000 
0.000000 0.000000 
0.000000 0.000000 
0.000000 0.000000 
0.000000 0.000000 
0.000000 0.000000 
0.000000 0.000000 
0.000000 0.000000 
0.000000 0.000000 
0.000032 0.000000 
0.000005 0.000181 
0.000175 -0.000019 
0.000000 0.000000 
0.000000 0.000000 
0.000000 0.000000 
0.000000 0.000000 
0.000000 0.000000 
0.000000 0.000000 
0.000000 0.000000 
0.000000 0.000000 
0.000029 0.000000 
-0.000003 0.000007 
0.000081 -0.000010 
-0.000012 -0.000057 
0.000000 0.000000 
0.000000 0.000000 
0.000000 0.000000 
0.000000 0.000000 
0.000000 0.000000 
0.000000 0.000000 
0.000000 0.000000 
-0.000032 0.000000 
0.000005 0.000109 
-0.000048 -0.000001 
0.000016 0.000135 
0.000087 -0.000013 
0.000000 0.000000 
0.000000 0.000000 
0.000000 0.000000 
0.000000 0.000000 
0.000000 0.000000 
0.000000 0.000000 
0.000088 0.000000 
0.000019 0.000347 
0.000254 -0.000033 
0.000037 0.000261 
0.000491 -0.000092 
-0.000070 -0.000284 
0.000000 0.000000 
0.000000 0.000000 
0.000000 0.000000 
0.000000 0.000000 
0.000000 0.000000 
0.000425 0.000000 
-0.000004 -0.000063 
0.000835 -0.000068 
-0.000039 -0.000326 
0.000722 -0.000135 
-0.000255 -0.000989 
-0.000547 0.000147 
0.000000 0.000000 
0.000000 0.000000 
0.000000 0.000000 
0.000000 0.000000 
0.000321 0.000000 
-0.000066 -0.001362 
0.000494 -0.000066 
-0.000238 -0.001529 
-0.000206 0.000032 
-0.000341 -0.001537 
-0.001794 0.000532 
0.000290 0.000886 
0.000000 0.000000 
0.000000 0.000000 
0.000000 0.000000 
-0.000743 0.000000 
-0.000030 -0.002157 
-0.001723 0.000150 
-0.000212 -0.001698 
-0.002513 0.000458 
0.000003 -0.000289 
-0.003010 0.000805 
0.001064 0.002955 
0.001379 -0.000566 
0.000000 0.000000 
0.000000 0.000000 
-0.002103 0.000000 
-0.000198 0.000681 
-0.004261 0.000463 
0.000103 0.001570 
-0.003641 0.000797 
0.000910 0.003618 
-0.001711 0.000369 
0.001738 0.005249 
0.004708 -0.001768 
-0.000965 -0.002004 
0.000000 0.000000 
-0.001112 0.000000 
0.000424 0.007177 
-0.001293 0.000117 
0.000952 0.007365 
0.000787 -0.000178 
0.001404 0.007227 
0.004874 -0.001032 
0.001357 0.004239 
0.009278 -0.003365 
-0.002999 -0.007369 
-0.002830 0.001570 
0.000571 0.000000 
0.000000 0.000000 
0.000000 0.000000 
0.000000 0.000000 
0.000000 0.000000 
0.000000 0.000000 
0.000000 0.000000 
0.000000 0.000000 
0.000000 0.000000 
0.000000 0.000000 
0.000000 0.000000 
-0.000009 0.000000 
0.000002 0.000026 
0.000000 0.000000 
0.000000 0.000000 
0.000000 0.000000 
0.000000 0.000000 
0.000000 0.000000 
0.000000 0.000000 
0.000000 0.000000 
0.000000 0.000000 
0.000000 0.000000 
0.000021 0.000000 
0.000006 0.000114 
0.000107 -0.000010 
0.000000 0.000000 
0.000000 0.000000 
0.000000 0.000000 
0.000000 0.000000 
0.000000 0.000000 
0.000000 0.000000 
0.000000 0.000000 
0.000000 0.000000 
0.000047 0.000000 
0.000000 0.000006 
0.000103 -0.000008 
-0.000010 -0.000081 
0.000000 0.000000 
0.000000 0.000000 
0.000000 0.000000 
0.000000 0.000000 
0.000000 0.000000 
0.000000 0.000000 
0.000000 0.000000 
0.000006 0.000000 
-0.000002 -0.000015 
0.000007 -0.000000 
-0.000001 -0.000016 
-0.000012 -0.000001 
0.000000 0.000000 
0.000000 0.000000 
0.000000 0.000000 
0.000000 0.000000 
0.000000 0.000000 
0.000000 0.000000 
0.000028 0.000000 
0.000000 0.000104 
0.000080 -0.000009 
0.000008 0.000075 
0.000145 -0.000024 
-0.000019 -0.000088 
0.000000 0.000000 
0.000000 0.000000 
0.000000 0.000000 
0.000000 0.000000 
0.000000 0.000000 
0.000178 0.000000 
0.000006 -0.000010 
0.000354 -0.000032 
-0.000022 -0.000132 
0.000315 -0.000058 
-0.000093 -0.000427 
-0.000233 0.000066 
0.000000 0.000000 
0.000000 0.000000 
0.000000 0.000000 
0.000000 0.000000 
0.000178 0.000000 
-0.000012 -0.000671 
0.000254 -0.000042 
-0.000105 -0.000768 
-0.000094 0.000011 
-0.000188 -0.000758 
-0.000892 0.000259 
0.000157 0.000446 
0.000000 0.000000 
0.000000 0.000000 
0.000000 0.000000 
-0.000395 0.000000 
-0.000077 -0.001091 
-0.000951 0.000078 
-0.000101 -0.000891 
-0.001312 0.000256 
-0.000046 -0.000173 
-0.001595 0.000474 
0.000533 0.001583 
0.000685 -0.000272 
0.000000 0.000000 
0.000000 0.000000 
-0.001147 0.000000 
0.000094 0.000399 
-0.002393 0.000259 
0.000229 0.000897 
-0.002138 0.000345 
0.000499 0.001870 
-0.000841 0.000282 
0.001022 0.002930 
0.002696 -0.000998 
-0.000564 -0.001185 
0.000000 0.000000 
-0.000865 0.000000 
0.000210 0.003901 
-0.001215 0.000249 
0.000561 0.004014 
0.000091 -0.000032 
0.000949 0.004016 
0.002607 -0.001000 
0.000729 0.002451 
0.005189 -0.002126 
-0.001972 -0.004321 
-0.001878 0.000930 
