#Time(Gyrs) | Rgal(kpc) | Xsat[kpc] | Ysat[kpc] | Zsat[kpc] |Xhost[kpc] | Yhost[kpc] Zhost[kpc] |Vgal | Vxsat | Vysat | Vzsat | Vxhost | Vyhost | Vzhost |
0.000000	278.056726	15.085810	254.912230	109.961414	0.058584	-0.061381	0.060627	21.996790	10.841886	15.494471	10.813778	0.085869	-0.288660	-0.097667
0.020000	278.432430	15.301782	255.209868	110.172440	0.055884	-0.068051	0.057208	20.804725	10.756760	14.285610	10.296092	0.107310	-0.260260	-0.088679
0.040000	278.777867	15.516078	255.483569	110.373242	0.060558	-0.073654	0.061267	19.673063	10.672758	13.079962	9.782345	0.108723	-0.248430	-0.106262
0.060000	279.103763	15.730851	255.730629	110.562984	0.064800	-0.081063	0.046634	18.568902	10.589727	11.875842	9.268843	0.089259	-0.219088	-0.125674
0.080000	279.390207	15.941819	255.956110	110.743238	0.066535	-0.075069	0.041395	17.463040	10.507514	10.674948	8.757193	0.080735	-0.179468	-0.098409
0.100000	279.657396	16.151155	256.157720	110.913304	0.064391	-0.076915	0.038208	16.385187	10.424880	9.476149	8.245518	0.104000	-0.137837	-0.092650
0.120000	279.892051	16.358821	256.335158	111.073067	0.062461	-0.071545	0.034374	15.381622	10.342773	8.278362	7.734814	0.082029	-0.083620	-0.100279
0.140000	280.104769	16.564854	256.488830	111.222681	0.065038	-0.073436	0.037066	14.467807	10.259392	7.080550	7.223462	0.059749	-0.062687	-0.142603
0.160000	280.294165	16.769204	256.618384	111.362013	0.071099	-0.071490	0.023337	13.620586	10.176230	5.883069	6.713047	0.046129	-0.081586	-0.166218
0.180000	280.457838	16.971916	256.724092	111.491169	0.065672	-0.075518	0.024859	12.859092	10.094769	4.687589	6.202200	0.016955	-0.135159	-0.164512
0.200000	280.606492	17.172978	256.806002	111.610133	0.069184	-0.089354	0.020530	12.161359	10.010035	3.498614	5.691470	0.006173	-0.147678	-0.184408
0.220000	280.721241	17.372291	256.864042	111.718821	0.069899	-0.091957	0.010914	11.556156	9.920891	2.311097	5.180659	-0.008634	-0.143673	-0.197388
0.240000	280.814514	17.569803	256.898522	111.817398	0.067072	-0.099446	0.002863	11.074450	9.829190	1.125251	4.671734	-0.046418	-0.137409	-0.178162
0.260000	280.881254	17.765455	256.909068	111.905674	0.066354	-0.104954	-0.008637	10.720070	9.737340	-0.057312	4.161789	-0.075144	-0.132237	-0.154396
0.280000	280.908528	17.959304	256.896139	111.983803	0.060719	-0.098959	-0.010668	10.535180	9.647888	-1.238690	3.649562	-0.110409	-0.121596	-0.160655
0.300000	280.921604	18.151383	256.859544	112.051661	0.055083	-0.105854	-0.011962	10.505423	9.559763	-2.420874	3.135638	-0.145664	-0.087150	-0.138862
0.320000	280.906409	18.341685	256.799270	112.109219	0.054016	-0.109615	-0.014803	10.615494	9.471270	-3.602851	2.622025	-0.135364	-0.040821	-0.155246
0.340000	280.858262	18.530242	256.715515	112.156604	0.050249	-0.106061	-0.015279	10.891238	9.382089	-4.787601	2.111103	-0.122439	0.003613	-0.196986
0.360000	280.793227	18.716952	256.607750	112.193673	0.043310	-0.111348	-0.017895	11.318768	9.290267	-5.974911	1.600581	-0.135125	0.022590	-0.217798
0.380000	280.809901	18.901829	256.476441	112.220579	-0.027629	-0.190172	-0.109854	11.901051	9.196358	-7.162386	1.086742	-0.132121	0.085060	-0.358609
0.400000	280.583258	19.087378	256.320133	112.235275	0.033141	-0.120363	-0.024124	12.500983	9.101538	-8.352506	0.572354	-0.134183	0.028021	-0.289503
0.420000	280.438477	19.268460	256.141151	112.241567	0.030098	-0.121099	-0.031690	13.249990	9.006245	-9.544727	0.056336	-0.135163	0.041205	-0.270499
0.440000	280.374929	19.449352	255.937794	112.234706	-0.046646	-0.193326	-0.134577	14.172205	8.908896	-10.736681	-0.464510	-0.189064	0.129209	-0.359820
0.460000	280.123324	19.624830	255.708623	112.218706	-0.219763	-0.038838	-0.335747	15.102047	8.811340	-11.921204	-0.985580	-0.556068	-0.076393	-0.830863
0.480000	279.952053	19.800090	255.458421	112.193829	-0.048852	-0.189991	-0.158568	16.045678	8.714297	-13.108652	-1.505738	-0.254649	0.151511	-0.414934
0.500000	279.698440	19.973136	255.179235	112.156785	-0.055856	-0.188171	-0.171061	17.066422	8.616673	-14.297218	-2.025022	-0.286277	0.170527	-0.386553
0.520000	279.393213	20.144495	254.881394	112.111078	-0.264725	-0.065174	-0.344597	18.052923	8.519129	-15.489482	-2.546897	-0.626116	-0.051915	-0.558422
0.540000	278.991646	20.316456	254.558569	112.053049	0.010453	-0.112861	-0.047207	19.170225	8.419796	-16.685855	-3.070626	-0.306579	0.155776	-0.294411
0.560000	278.785722	20.483853	254.212807	111.986364	-0.099109	-0.164497	-0.218840	20.369928	8.319872	-17.885369	-3.595732	-0.367573	0.271496	-0.466752
0.580000	278.293881	20.647681	253.840276	111.909608	0.003766	-0.102310	-0.047865	21.470948	8.219862	-19.087242	-4.119691	-0.332439	0.241244	-0.342206
0.600000	277.785811	20.810929	253.442701	111.821336	-0.136240	0.050277	-0.064553	22.605632	8.118411	-20.294755	-4.647532	-0.283284	0.238620	-0.310870
0.620000	277.372432	20.972287	253.024768	111.723102	-0.141288	0.058847	-0.071020	23.788688	8.016800	-21.503435	-5.178347	-0.255551	0.262447	-0.308418
0.640000	276.936946	21.131572	252.582591	111.614202	-0.146156	0.061104	-0.073885	24.954900	7.912274	-22.712925	-5.711195	-0.260637	0.251458	-0.364455
0.660000	276.478467	21.288768	252.116196	111.494626	-0.152275	0.062953	-0.083989	26.167022	7.806905	-23.924507	-6.245049	-0.289066	0.256677	-0.376608
0.680000	275.968975	21.442659	251.622612	111.357020	-0.153247	0.081469	-0.085994	27.421755	7.698188	-25.141846	-6.780931	-0.319821	0.288247	-0.379793
0.700000	275.449326	21.595526	251.107428	111.215997	-0.157474	0.088953	-0.089275	28.654502	7.589815	-26.365719	-7.316399	-0.332231	0.292135	-0.411295
0.720000	274.913160	21.746256	250.567888	111.064334	-0.167260	0.089150	-0.099712	29.920026	7.483951	-27.597748	-7.853684	-0.319601	0.303972	-0.383303
0.740000	274.347973	21.894901	250.003447	110.901810	-0.174181	0.092332	-0.112606	31.218439	7.381478	-28.839773	-8.395486	-0.319704	0.334071	-0.384894
0.760000	273.745009	22.040525	249.408138	110.730658	-0.178919	0.098939	-0.118561	32.530795	7.278063	-30.088016	-8.940456	-0.318742	0.369973	-0.405110
0.780000	273.111808	22.185061	248.793904	110.546411	-0.181717	0.110898	-0.117719	33.837542	7.173904	-31.343812	-9.487165	-0.305679	0.381280	-0.401264
0.800000	272.459319	22.327453	248.154315	110.351150	-0.169337	0.115256	-0.123282	35.148566	7.065311	-32.609531	-10.036415	-0.295808	0.379451	-0.394701
0.820000	271.996564	22.320892	247.729257	110.172432	-0.172927	0.124048	-0.135408	36.352883	6.959265	-33.784501	-10.542979	-0.301756	0.367961	-0.422750
0.840000	271.296760	22.458909	247.040618	109.956003	-0.182246	0.123621	-0.140804	37.687336	6.843048	-35.066873	-11.094227	-0.316026	0.371954	-0.455970
0.860000	270.559517	22.598367	246.324848	109.734802	-0.184704	0.137608	-0.152532	39.041792	6.725007	-36.351989	-11.644626	-0.324239	0.387093	-0.472810
0.880000	269.798916	22.731672	245.584955	109.496401	-0.191249	0.141815	-0.156050	40.404406	6.604953	-37.639417	-12.197016	-0.342214	0.405555	-0.499451
0.900000	269.010889	22.862546	244.819212	109.246883	-0.197342	0.148901	-0.167644	41.775597	6.482486	-38.931730	-12.753488	-0.367420	0.411551	-0.490307
0.920000	268.186059	22.986413	244.015150	108.988824	-0.205328	0.153806	-0.178710	43.152047	6.357303	-40.231732	-13.311896	-0.393750	0.423389	-0.518010
0.940000	267.343694	23.112249	243.197270	108.716930	-0.205680	0.159198	-0.193218	44.555694	6.226838	-41.542444	-13.870720	-0.432907	0.453056	-0.557732
0.960000	266.464634	23.235473	242.353283	108.433948	-0.215622	0.173804	-0.205582	45.991181	6.095157	-42.863200	-14.429883	-0.450218	0.497082	-0.565081
0.980000	265.561003	23.356034	241.482664	108.139675	-0.232034	0.185370	-0.220211	47.443639	5.961174	-44.197400	-14.996138	-0.456841	0.537681	-0.557284
1.000000	264.621594	23.473887	240.585243	107.834077	-0.240806	0.203783	-0.235140	48.898922	5.822631	-45.544982	-15.563752	-0.451615	0.556322	-0.516886
1.020000	263.662377	23.588901	239.660881	107.517150	-0.256750	0.213329	-0.251601	50.362543	5.677600	-46.903698	-16.133574	-0.452004	0.577339	-0.501404
1.040000	262.658475	23.707543	238.705881	107.187097	-0.269573	0.234371	-0.264804	51.842346	5.533908	-48.271312	-16.700603	-0.473459	0.612831	-0.517867
1.060000	261.636473	23.816776	237.726780	106.847455	-0.283231	0.244983	-0.275044	53.332849	5.388217	-49.649635	-17.268071	-0.498136	0.648417	-0.539367
1.080000	260.578393	23.923035	236.719771	106.496326	-0.293363	0.263244	-0.288391	54.802605	5.237564	-51.041883	-17.841229	-0.523977	0.646805	-0.566689
1.100000	259.489223	24.026276	235.684964	106.133717	-0.298736	0.279556	-0.295812	56.287752	5.085723	-52.441229	-18.420755	-0.519245	0.651154	-0.585558
1.120000	258.644689	24.126452	234.622118	105.759509	-0.703612	0.272230	-0.826948	57.773060	4.932067	-53.850990	-19.002600	-0.444627	0.756642	-0.924321
1.140000	257.420180	24.223550	233.530804	105.373613	-0.361352	0.186438	-0.509052	59.421237	4.778618	-55.276750	-19.584476	-0.680295	0.833803	-0.804444
1.160000	256.239554	24.317622	232.411056	104.976087	-0.372005	0.209321	-0.529770	60.988535	4.626949	-56.714987	-20.177393	-0.685133	0.879493	-0.831619
1.180000	254.840398	24.403710	231.257071	104.563868	-0.337616	0.331091	-0.339359	62.465397	4.475276	-58.165820	-20.786747	-0.534126	0.750097	-0.643597
1.200000	253.610553	24.491702	230.079117	104.141925	-0.353678	0.335787	-0.352199	64.048006	4.323629	-59.637217	-21.411980	-0.532907	0.759686	-0.656855
1.220000	252.326284	24.576661	228.871514	103.707308	-0.360881	0.362933	-0.362385	65.657619	4.171590	-61.123656	-22.051568	-0.549505	0.772142	-0.661280
1.240000	251.017808	24.657885	227.626636	103.259649	-0.370903	0.370608	-0.365626	67.305497	4.012893	-62.616743	-22.704838	-0.585648	0.806853	-0.651928
1.260000	249.688264	24.736488	226.359413	102.798999	-0.383727	0.376843	-0.376009	68.981190	3.844169	-64.124897	-23.369105	-0.639170	0.837018	-0.603916
1.280000	248.315136	24.811620	225.061552	102.324822	-0.401814	0.396363	-0.389551	70.661871	3.669355	-65.648343	-24.043242	-0.658396	0.856089	-0.558543
1.300000	246.904374	24.878948	223.726679	101.840984	-0.414721	0.415266	-0.403886	72.357370	3.490120	-67.184698	-24.725888	-0.679828	0.882073	-0.536735
1.320000	245.467524	24.946957	222.367492	101.339510	-0.435513	0.428672	-0.411144	74.059029	3.309639	-68.726780	-25.418096	-0.707134	0.915397	-0.546979
1.340000	244.241134	25.011265	220.977461	100.824168	-0.900418	0.520018	-1.062200	76.213788	3.120742	-70.277721	-26.118167	-1.556197	1.486569	-0.888140
1.360000	242.716272	25.071740	219.556401	100.294760	-0.829085	0.496272	-0.962315	77.804054	2.925650	-71.839501	-26.828663	-1.029606	1.401444	-0.875037
1.380000	241.171111	25.128282	218.103850	99.750993	-0.982861	0.582388	-1.076218	79.693350	2.729068	-73.406410	-27.543870	-1.442105	1.552079	-0.807074
1.400000	239.586604	25.180892	216.620112	99.192964	-0.872701	0.559182	-1.009959	81.322894	2.529575	-74.982720	-28.267239	-0.883559	1.505795	-0.857922
1.420000	237.960750	25.229460	215.104480	98.620200	-1.041073	0.654178	-1.110665	83.223818	2.329952	-76.566503	-29.003239	-0.916583	1.656035	-0.773851
1.440000	236.300560	25.274054	213.557237	98.032722	-1.055853	0.690353	-1.125637	84.998990	2.127583	-78.164725	-29.748504	-0.667584	1.667801	-0.700558
1.460000	234.593968	25.314541	211.977802	97.430161	-1.052498	0.732330	-1.131799	86.713231	1.920814	-79.786307	-30.511973	-0.567469	1.628167	-0.768463
1.480000	232.694870	25.350862	210.365616	96.812169	-0.553860	0.594395	-0.511429	88.031632	1.710469	-81.429756	-31.286185	-0.603914	1.041438	-0.582538
1.500000	231.149421	25.382864	208.720569	96.178687	-1.075175	0.738459	-1.153059	90.224507	1.483320	-83.101561	-32.073696	-0.796675	1.575797	-1.009112
1.520000	229.341475	25.406602	207.041111	95.522460	-1.080474	0.772737	-1.169345	92.234152	1.243185	-84.802415	-32.875828	-0.731920	1.751237	-1.068548
1.540000	227.514701	25.429005	205.327937	94.856854	-1.070435	0.788540	-1.186648	94.100924	0.995626	-86.525756	-33.689838	-0.760547	1.676194	-0.943605
1.560000	225.436842	25.446415	203.579952	94.174793	-0.592552	0.677654	-0.558513	95.703094	0.745105	-88.271093	-34.516260	-0.643542	1.199397	-0.572406
1.580000	223.518586	25.458798	201.796878	93.476002	-0.607192	0.706846	-0.566125	97.670470	0.493488	-90.038039	-35.366275	-0.674991	1.223498	-0.588593
1.600000	221.563406	25.466170	199.978381	92.760051	-0.620654	0.733097	-0.573422	99.659365	0.240703	-91.832723	-36.238649	-0.697096	1.235417	-0.609576
1.620000	219.561848	25.468395	198.123328	92.026371	-0.631710	0.766567	-0.583016	101.699025	-0.017534	-93.663260	-37.124172	-0.705355	1.243402	-0.587285
1.640000	217.526247	25.462942	196.221377	91.280734	-0.638281	0.785445	-0.595218	103.784327	-0.283415	-95.518977	-38.021338	-0.727112	1.259266	-0.538523
1.660000	215.453906	25.454494	194.292086	90.511198	-0.649931	0.804758	-0.601909	105.874458	-0.560390	-97.401762	-38.927525	-0.762894	1.269126	-0.542428
1.680000	213.323132	25.440456	192.325020	89.723493	-0.663513	0.843415	-0.609980	107.982794	-0.845352	-99.309946	-39.845719	-0.778420	1.267770	-0.546834
1.700000	211.152596	25.420616	190.319628	88.917258	-0.680275	0.881212	-0.621834	110.147397	-1.141948	-101.242932	-40.787777	-0.783541	1.290784	-0.549021
1.720000	208.939736	25.394713	188.275120	88.091802	-0.692517	0.915452	-0.630377	112.365853	-1.448423	-103.201627	-41.755663	-0.785256	1.337109	-0.557387
1.740000	206.683899	25.358240	186.185292	87.247075	-0.701420	0.942919	-0.641442	114.607106	-1.764942	-105.190887	-42.742025	-0.767690	1.386187	-0.609834
1.760000	204.392883	25.319692	184.061046	86.382085	-0.717731	0.969194	-0.657429	116.915585	-2.086066	-107.214776	-43.747089	-0.753983	1.452495	-0.632082
1.780000	202.045447	25.274689	181.896272	85.496952	-0.729946	1.004154	-0.666632	119.243133	-2.417596	-109.274199	-44.775165	-0.753875	1.492789	-0.652255
1.800000	199.654221	25.222920	179.689886	84.590875	-0.744239	1.041854	-0.687467	121.628300	-2.762456	-111.370475	-45.836411	-0.757678	1.538133	-0.658203
1.820000	197.474146	25.167916	177.436640	83.658627	-1.428721	1.293513	-1.560243	124.314941	-3.121830	-113.496341	-46.920707	-0.900386	2.082553	-1.195560
1.840000	194.719519	25.101875	175.145213	82.709246	-0.766787	1.117316	-0.722130	126.536388	-3.487719	-115.685520	-48.035224	-0.797477	1.611217	-0.646454
1.860000	192.179909	25.031852	172.804463	81.731982	-0.789256	1.150038	-0.737079	129.058605	-3.864575	-117.932291	-49.172803	-0.832486	1.614276	-0.638814
1.880000	189.615534	24.950658	170.423068	80.736976	-0.820421	1.151239	-0.730502	131.692379	-4.258886	-120.225516	-50.337625	-0.884825	1.699335	-0.680511
1.900000	186.966491	24.856053	167.989682	79.719380	-0.840072	1.192127	-0.746475	134.367568	-4.672643	-122.576810	-51.528804	-0.904301	1.748589	-0.699304
1.920000	184.271532	24.755182	165.518912	78.677897	-0.847448	1.248269	-0.793222	137.047309	-5.097897	-124.984096	-52.740854	-0.868663	1.711609	-0.661330
1.940000	181.507987	24.653855	162.983426	77.608191	-0.871873	1.290366	-0.806994	139.816362	-5.541660	-127.447976	-53.973886	-0.860306	1.708575	-0.632670
1.960000	178.702983	24.538473	160.409184	76.516044	-0.891370	1.324406	-0.815143	142.679740	-5.998560	-129.968889	-55.238149	-0.858589	1.726833	-0.581716
1.980000	175.840858	24.408491	157.779011	75.399556	-0.908124	1.349782	-0.817062	145.612178	-6.474527	-132.543001	-56.533299	-0.831207	1.751812	-0.533635
2.000000	172.922560	24.274010	155.101549	74.255472	-0.923141	1.379657	-0.823789	148.647470	-6.973841	-135.193534	-57.871488	-0.797114	1.803907	-0.516281
2.020000	169.939667	24.129300	152.370665	73.084374	-0.942118	1.412199	-0.824056	151.744153	-7.502258	-137.907818	-59.244331	-0.781193	1.848959	-0.514794
2.040000	166.907118	23.973773	149.584851	71.885522	-0.962907	1.437554	-0.836735	154.884610	-8.054053	-140.691174	-60.649832	-0.778506	1.869245	-0.542964
2.060000	163.794015	23.802236	146.737751	70.661498	-0.983319	1.477403	-0.847850	158.087504	-8.623852	-143.537577	-62.099283	-0.774426	1.882305	-0.592346
2.080000	158.028275	24.190627	141.158219	68.705063	-1.001369	1.516813	-0.854815	165.710310	-8.407572	-150.672368	-64.805028	-0.792418	1.898388	-0.586023
2.100000	157.382744	23.428320	140.881525	68.120350	-1.022473	1.556939	-0.873465	164.826811	-9.859358	-149.452170	-65.136749	-0.801124	1.932070	-0.571760
2.120000	154.064825	23.224601	137.861851	66.801693	-1.030345	1.602817	-0.882453	168.363385	-10.518307	-152.542499	-66.742043	-0.805661	1.972352	-0.582732
2.140000	150.688577	23.007389	134.779147	65.450338	-1.048768	1.641279	-0.902181	171.986254	-11.206925	-155.739270	-68.399063	-0.794579	1.993146	-0.639638
2.160000	147.223382	22.777540	131.624314	64.067700	-1.066900	1.687667	-0.914103	175.755282	-11.933932	-159.044858	-70.111064	-0.784242	2.020790	-0.659925
2.180000	143.690892	22.531396	128.409523	62.647725	-1.086161	1.731303	-0.928309	179.747821	-12.693572	-162.489078	-71.918093	-0.801644	2.092164	-0.637828
2.200000	140.079428	22.269459	125.124009	61.190536	-1.102242	1.769215	-0.935179	183.881119	-13.504889	-166.051102	-73.795325	-0.822722	2.176001	-0.644316
2.220000	133.112469	22.715196	118.344841	58.818513	-1.119135	1.813955	-0.942734	194.637558	-13.422682	-175.994510	-77.794328	-0.830688	2.248127	-0.627087
2.240000	129.206236	22.439526	114.785098	57.239600	-1.144922	1.863051	-0.955215	199.563284	-14.347489	-180.262016	-80.026919	-0.823530	2.314990	-0.602467
2.260000	125.199784	22.141484	111.136242	55.613183	-1.163290	1.908700	-0.966118	204.693080	-15.323193	-184.703400	-82.370112	-0.807246	2.363486	-0.550036
2.280000	121.090859	21.824278	107.395874	53.941900	-1.180502	1.954879	-0.975974	210.073604	-16.376369	-189.351029	-84.851573	-0.802788	2.401872	-0.476176
2.300000	116.872841	21.485763	103.561403	52.218658	-1.195396	2.001841	-0.983610	215.723990	-17.508818	-194.232696	-87.469465	-0.828288	2.446299	-0.429402
2.320000	112.545969	21.122471	99.626452	50.443461	-1.205944	2.045996	-0.996716	221.687728	-18.722517	-199.381836	-90.246953	-0.824266	2.505118	-0.431813
2.340000	108.090158	20.735111	95.586289	48.609086	-1.222199	2.098478	-1.003291	228.042927	-20.045805	-204.835452	-93.213494	-0.817523	2.583708	-0.417255
2.360000	103.498165	20.320464	91.430424	46.709561	-1.236914	2.153365	-1.005807	234.784451	-21.480066	-210.603884	-96.376241	-0.795034	2.660208	-0.385120
2.380000	98.774628	19.875583	87.160207	44.747338	-1.248383	2.211710	-1.012448	241.988325	-23.061645	-216.776810	-99.785828	-0.773134	2.715353	-0.363687
