-157348178307.437347 
0.000000 
355671777.180112 
892926348.130836 
-8195680136.116359 
0.000000 
-114231565.768461 
-195523599.803340 
0.000000 
0.000000 
0.000000 
0.000000 
0.000000 
0.000000 
0.000000 
0.000000 
355671777.180112 
0.000000 
-439067.264373 
-2018895.081207 
18525947.120135 
0.000000 
242716.655683 
442056.342061 
892926348.130836 
0.000000 
-2018895.081207 
-4341731.683684 
46509949.676577 
0.000000 
648338.934193 
1078214.099134 
-8195680136.116359 
0.000000 
18525947.120135 
46509949.676577 
-426848179.793879 
0.000000 
-5950019.168137 
-10184471.964637 
0.000000 
0.000000 
0.000000 
0.000000 
0.000000 
0.000000 
0.000000 
0.000000 
-114231565.768461 
0.000000 
242716.655683 
648338.934193 
-5950019.168137 
0.000000 
-60424.582260 
-141943.049318 
-195523599.803340 
0.000000 
442056.342061 
1078214.099134 
-10184471.964637 
0.000000 
-141943.049318 
-197988.715191 
