157.544515 0.082313 0.000000 0.000000 
0.000000 0.000000 0.000000 0.000000 
0.000000 0.000000 0.000000 0.000000 
0.000000 0.000000 0.000000 0.000000 
0.000000 0.000000 0.000000 0.000000 
0.000000 0.000000 0.000000 0.000000 
0.000000 0.000000 0.000000 0.000000 
0.000000 0.000000 0.000000 0.000000 
0.000000 0.000000 0.000000 0.000000 
0.000000 0.000000 0.000000 0.000000 
0.000000 0.000000 0.000000 0.000000 
-0.024687 0.045076 0.000000 0.000000 
0.026233 0.120662 -0.063092 0.120462 
0.000000 0.000000 0.000000 0.000000 
0.000000 0.000000 0.000000 0.000000 
0.000000 0.000000 0.000000 0.000000 
0.000000 0.000000 0.000000 0.000000 
0.000000 0.000000 0.000000 0.000000 
0.000000 0.000000 0.000000 0.000000 
0.000000 0.000000 0.000000 0.000000 
0.000000 0.000000 0.000000 0.000000 
0.000000 0.000000 0.000000 0.000000 
-48.866382 0.158363 0.000000 0.000000 
-0.895257 0.323984 1.369759 0.323180 
0.296539 0.401755 -0.173586 0.401409 
0.000000 0.000000 0.000000 0.000000 
0.000000 0.000000 0.000000 0.000000 
0.000000 0.000000 0.000000 0.000000 
0.000000 0.000000 0.000000 0.000000 
0.000000 0.000000 0.000000 0.000000 
0.000000 0.000000 0.000000 0.000000 
0.000000 0.000000 0.000000 0.000000 
0.000000 0.000000 0.000000 0.000000 
-0.771836 0.845699 0.000000 0.000000 
-0.172325 1.726576 -1.254459 1.722926 
0.974837 1.855819 1.899750 1.850248 
-1.726288 2.203862 1.132232 2.200083 
0.000000 0.000000 0.000000 0.000000 
0.000000 0.000000 0.000000 0.000000 
0.000000 0.000000 0.000000 0.000000 
0.000000 0.000000 0.000000 0.000000 
0.000000 0.000000 0.000000 0.000000 
0.000000 0.000000 0.000000 0.000000 
0.000000 0.000000 0.000000 0.000000 
45.280476 5.843603 0.000000 0.000000 
-0.490877 12.070333 0.858424 12.003716 
0.157810 12.371467 1.048462 12.398114 
2.690526 13.536552 -2.291485 13.486345 
0.246920 15.622922 1.625565 15.541025 
0.000000 0.000000 0.000000 0.000000 
0.000000 0.000000 0.000000 0.000000 
0.000000 0.000000 0.000000 0.000000 
0.000000 0.000000 0.000000 0.000000 
0.000000 0.000000 0.000000 0.000000 
0.000000 0.000000 0.000000 0.000000 
3.197212 48.376002 0.000000 0.000000 
10.382266 97.102840 -13.882125 96.759119 
-21.080377 101.079182 -1.104981 100.592750 
-18.937916 104.510919 -6.435480 104.055165 
6.903708 114.728937 -15.032917 113.824036 
1.827393 128.743483 1.474229 128.994533 
0.000000 0.000000 0.000000 0.000000 
0.000000 0.000000 0.000000 0.000000 
0.000000 0.000000 0.000000 0.000000 
0.000000 0.000000 0.000000 0.000000 
0.000000 0.000000 0.000000 0.000000 
-17.971252 438.254450 0.000000 0.000000 
-24.615523 890.634822 12.379238 885.002597 
6.358268 902.807079 15.385799 900.879357 
-26.716557 937.088287 -15.521702 941.994581 
15.286342 977.571332 89.908830 973.439028 
-55.543490 1067.435354 -54.736970 1070.127152 
13.728313 1187.959999 -26.036412 1180.675429 
0.000000 0.000000 0.000000 0.000000 
0.000000 0.000000 0.000000 0.000000 
0.000000 0.000000 0.000000 0.000000 
0.000000 0.000000 0.000000 0.000000 
-101.608416 4344.945074 0.000000 0.000000 
-88.713806 8709.909310 156.711822 8670.606910 
-40.944998 8880.421007 -25.522061 8874.912649 
39.484875 9060.854044 6.652016 9073.417561 
-83.121166 9460.213986 135.744756 9429.843153 
129.014871 9816.788308 -90.786478 9854.891155 
-23.303686 10815.861689 -130.760079 10684.564274 
110.836113 11724.538446 30.407096 11766.282915 
0.000000 0.000000 0.000000 0.000000 
0.000000 0.000000 0.000000 0.000000 
0.000000 0.000000 0.000000 0.000000 
-983.662025 45177.207021 0.000000 0.000000 
-288.243873 91578.425590 -209.942890 91023.588678 
259.374784 91945.899268 534.173535 91806.760410 
-81.879923 94206.086437 -264.451327 94493.865176 
-449.549659 96956.551927 -90.681840 96065.378677 
127.040577 99973.518265 176.854792 101103.500362 
246.763970 105610.981605 205.811384 104203.667544 
-89.914877 114006.504787 171.764677 114510.692631 
374.580452 123549.640140 -231.241950 123245.134271 
0.000000 0.000000 0.000000 0.000000 
0.000000 0.000000 0.000000 0.000000 
582.743542 497270.813350 0.000000 0.000000 
380.104931 995860.427511 609.707579 991891.566066 
-313.382268 1007988.284971 -1308.356064 1008834.849569 
1141.052359 1018195.881287 -675.767753 1021099.509905 
-500.810527 1056109.018313 562.607463 1043033.716167 
-339.899018 1069711.909249 1624.630795 1077868.621354 
1516.449898 1125233.748459 2204.986068 1112854.610635 
-897.743947 1167110.739535 -564.698124 1170766.366266 
-2846.517366 1270131.407921 -127.507481 1266036.996861 
553.725930 1360775.590975 2061.414633 1351886.588012 
0.000000 0.000000 0.000000 0.000000 
8087.599159 5630757.122647 0.000000 0.000000 
-2234.833037 11356543.801718 -792.429202 11305029.248577 
-522.782610 11382081.023938 -4697.837085 11394338.697209 
2573.487317 11590441.171347 2013.211029 11566896.567989 
3919.958922 11794497.237509 -2338.159202 11708604.880787 
3236.596467 12054411.969192 4746.324786 12148260.899740 
1628.209168 12427132.319141 -1073.383283 12333256.235882 
-261.170357 12870565.482806 -3018.636747 12947660.877500 
3350.479266 13521287.614997 7982.681711 13456846.121811 
-1731.556770 14590754.266841 -3404.036430 14555527.398435 
-1878.351457 15450647.016677 29.922022 15470383.845297 
5.364642 0.004598 0.000000 0.000000 
0.000000 0.000000 0.000000 0.000000 
0.000000 0.000000 0.000000 0.000000 
0.000000 0.000000 0.000000 0.000000 
0.000000 0.000000 0.000000 0.000000 
0.000000 0.000000 0.000000 0.000000 
0.000000 0.000000 0.000000 0.000000 
0.000000 0.000000 0.000000 0.000000 
0.000000 0.000000 0.000000 0.000000 
0.000000 0.000000 0.000000 0.000000 
0.000000 0.000000 0.000000 0.000000 
-0.009409 0.002843 0.000000 0.000000 
0.075206 0.007564 -0.078411 0.007569 
0.000000 0.000000 0.000000 0.000000 
0.000000 0.000000 0.000000 0.000000 
0.000000 0.000000 0.000000 0.000000 
0.000000 0.000000 0.000000 0.000000 
0.000000 0.000000 0.000000 0.000000 
0.000000 0.000000 0.000000 0.000000 
0.000000 0.000000 0.000000 0.000000 
0.000000 0.000000 0.000000 0.000000 
0.000000 0.000000 0.000000 0.000000 
-6.244628 0.008405 0.000000 0.000000 
0.320804 0.017202 -0.292251 0.017162 
-0.032349 0.021144 0.153363 0.021240 
0.000000 0.000000 0.000000 0.000000 
0.000000 0.000000 0.000000 0.000000 
0.000000 0.000000 0.000000 0.000000 
0.000000 0.000000 0.000000 0.000000 
0.000000 0.000000 0.000000 0.000000 
0.000000 0.000000 0.000000 0.000000 
0.000000 0.000000 0.000000 0.000000 
0.000000 0.000000 0.000000 0.000000 
-0.366706 0.037668 0.000000 0.000000 
0.141244 0.077196 0.294281 0.077068 
0.144985 0.082119 0.070353 0.082757 
0.301680 0.097865 -0.032240 0.097191 
0.000000 0.000000 0.000000 0.000000 
0.000000 0.000000 0.000000 0.000000 
0.000000 0.000000 0.000000 0.000000 
0.000000 0.000000 0.000000 0.000000 
0.000000 0.000000 0.000000 0.000000 
0.000000 0.000000 0.000000 0.000000 
0.000000 0.000000 0.000000 0.000000 
7.292732 0.224492 0.000000 0.000000 
-0.888949 0.459044 0.170636 0.457102 
-0.574608 0.472136 -0.780270 0.476228 
1.078674 0.515470 0.340892 0.510658 
-0.623839 0.590013 0.395384 0.590936 
0.000000 0.000000 0.000000 0.000000 
0.000000 0.000000 0.000000 0.000000 
0.000000 0.000000 0.000000 0.000000 
0.000000 0.000000 0.000000 0.000000 
0.000000 0.000000 0.000000 0.000000 
0.000000 0.000000 0.000000 0.000000 
1.326422 1.608805 0.000000 0.000000 
-2.499961 3.248478 -1.453140 3.232233 
2.145937 3.350294 4.043271 3.335219 
-0.188144 3.488059 -3.686279 3.465022 
-1.618171 3.781776 -0.934112 3.768105 
1.795557 4.274446 -1.969582 4.239377 
0.000000 0.000000 0.000000 0.000000 
0.000000 0.000000 0.000000 0.000000 
0.000000 0.000000 0.000000 0.000000 
0.000000 0.000000 0.000000 0.000000 
0.000000 0.000000 0.000000 0.000000 
-7.044790 12.904107 0.000000 0.000000 
-4.134444 26.400262 1.233383 26.089901 
6.715901 26.564916 2.740515 26.588159 
-8.409569 27.568273 3.116149 27.593104 
-1.522647 28.749059 0.226133 28.726731 
4.102805 31.280371 1.526570 31.147102 
-0.771611 34.754343 -1.958188 34.521410 
0.000000 0.000000 0.000000 0.000000 
0.000000 0.000000 0.000000 0.000000 
0.000000 0.000000 0.000000 0.000000 
0.000000 0.000000 0.000000 0.000000 
-1.325399 114.971638 0.000000 0.000000 
-32.898182 230.667616 -10.168081 228.617227 
38.344737 235.006383 4.790530 235.483387 
-28.891488 239.149830 -12.884271 238.443128 
4.336267 248.974328 16.397216 248.394711 
1.423468 259.365835 -29.485653 259.211129 
-25.231244 282.870586 -16.898796 279.679630 
17.785157 307.965090 -2.357898 308.127257 
0.000000 0.000000 0.000000 0.000000 
0.000000 0.000000 0.000000 0.000000 
0.000000 0.000000 0.000000 0.000000 
-21.131579 1083.371969 0.000000 0.000000 
-53.474024 2189.260284 -76.580806 2180.568042 
-69.315129 2201.976380 -58.372777 2204.021440 
31.345768 2260.425129 -15.395901 2259.652574 
56.817867 2305.892980 -78.627408 2290.777366 
-41.271257 2393.041100 79.956480 2404.725664 
-28.845276 2516.974374 10.336204 2484.949929 
106.305549 2705.224116 15.079870 2709.849806 
-38.382730 2933.234000 38.325934 2931.968746 
0.000000 0.000000 0.000000 0.000000 
0.000000 0.000000 0.000000 0.000000 
41.617854 10882.651704 0.000000 0.000000 
80.382573 21851.523764 -27.892471 21674.243813 
100.005184 22041.979426 -126.844181 22055.612574 
-22.672519 22423.665228 -101.497549 22291.845694 
-160.512346 22934.961348 -59.062141 22880.394176 
-116.502708 23323.155520 -79.829632 23378.677009 
11.510214 24551.015470 -83.181178 24252.541651 
-92.638171 25441.571370 -133.637607 25410.722848 
72.838229 27480.524822 -3.439366 27440.262747 
260.992662 29489.074833 27.553309 29436.841242 
0.000000 0.000000 0.000000 0.000000 
480.084347 113272.324202 0.000000 0.000000 
521.806548 229510.227752 383.230352 227838.452740 
174.944134 227982.845360 311.697669 229876.030753 
606.162035 233748.567471 679.584616 233405.631537 
-720.945734 236745.430136 172.193914 236879.501120 
227.645877 242107.206078 -443.349747 243020.856621 
-679.982961 248837.679655 -351.376675 246816.383996 
245.957651 259401.511152 -818.246134 258750.574169 
-723.942748 270248.677417 -225.280491 269217.418701 
559.163294 290819.799600 707.607819 290326.498737 
-271.552597 308907.710691 676.839790 309525.827071 
-0.832984 0.000763 0.000000 0.000000 
0.000000 0.000000 0.000000 0.000000 
0.000000 0.000000 0.000000 0.000000 
0.000000 0.000000 0.000000 0.000000 
0.000000 0.000000 0.000000 0.000000 
0.000000 0.000000 0.000000 0.000000 
0.000000 0.000000 0.000000 0.000000 
0.000000 0.000000 0.000000 0.000000 
0.000000 0.000000 0.000000 0.000000 
0.000000 0.000000 0.000000 0.000000 
0.000000 0.000000 0.000000 0.000000 
0.008011 0.000369 0.000000 0.000000 
0.014161 0.000991 0.012547 0.000994 
0.000000 0.000000 0.000000 0.000000 
0.000000 0.000000 0.000000 0.000000 
0.000000 0.000000 0.000000 0.000000 
0.000000 0.000000 0.000000 0.000000 
0.000000 0.000000 0.000000 0.000000 
0.000000 0.000000 0.000000 0.000000 
0.000000 0.000000 0.000000 0.000000 
0.000000 0.000000 0.000000 0.000000 
0.000000 0.000000 0.000000 0.000000 
-1.876257 0.000881 0.000000 0.000000 
-0.059988 0.001812 -0.029850 0.001806 
-0.012504 0.002240 0.042298 0.002241 
0.000000 0.000000 0.000000 0.000000 
0.000000 0.000000 0.000000 0.000000 
0.000000 0.000000 0.000000 0.000000 
0.000000 0.000000 0.000000 0.000000 
0.000000 0.000000 0.000000 0.000000 
0.000000 0.000000 0.000000 0.000000 
0.000000 0.000000 0.000000 0.000000 
0.000000 0.000000 0.000000 0.000000 
0.045081 0.003283 0.000000 0.000000 
0.043468 0.006763 0.138528 0.006754 
-0.065580 0.007197 0.017254 0.007276 
-0.115146 0.008585 0.102198 0.008541 
0.000000 0.000000 0.000000 0.000000 
0.000000 0.000000 0.000000 0.000000 
0.000000 0.000000 0.000000 0.000000 
0.000000 0.000000 0.000000 0.000000 
0.000000 0.000000 0.000000 0.000000 
0.000000 0.000000 0.000000 0.000000 
0.000000 0.000000 0.000000 0.000000 
1.913905 0.016799 0.000000 0.000000 
0.094078 0.034198 -0.155876 0.034020 
0.059258 0.035352 0.340771 0.035839 
0.081130 0.038636 -0.202369 0.038221 
-0.325507 0.044208 0.137525 0.044150 
0.000000 0.000000 0.000000 0.000000 
0.000000 0.000000 0.000000 0.000000 
0.000000 0.000000 0.000000 0.000000 
0.000000 0.000000 0.000000 0.000000 
0.000000 0.000000 0.000000 0.000000 
0.000000 0.000000 0.000000 0.000000 
0.291701 0.104802 0.000000 0.000000 
-0.253692 0.211582 -0.515829 0.210033 
0.206422 0.216866 -0.074423 0.217810 
0.169348 0.228133 -0.406471 0.227258 
-0.041227 0.246373 -0.039527 0.245534 
0.568217 0.276584 -0.182022 0.277692 
0.000000 0.000000 0.000000 0.000000 
0.000000 0.000000 0.000000 0.000000 
0.000000 0.000000 0.000000 0.000000 
0.000000 0.000000 0.000000 0.000000 
0.000000 0.000000 0.000000 0.000000 
-2.478255 0.744285 0.000000 0.000000 
-0.425163 1.518150 1.577334 1.508637 
0.501967 1.526115 -0.165055 1.531541 
1.706719 1.588293 1.593144 1.594675 
-2.176222 1.668308 -0.501921 1.663846 
-0.793966 1.799702 0.497330 1.795747 
2.384305 2.001367 1.556825 1.988690 
0.000000 0.000000 0.000000 0.000000 
0.000000 0.000000 0.000000 0.000000 
0.000000 0.000000 0.000000 0.000000 
0.000000 0.000000 0.000000 0.000000 
-0.560150 5.912868 0.000000 0.000000 
4.725496 11.982020 2.982021 11.905175 
1.126953 12.073104 -2.018653 12.143094 
0.512911 12.335707 2.067123 12.350320 
-0.309064 12.879286 -5.496193 12.887929 
6.417673 13.447054 0.059479 13.496307 
2.601832 14.583799 -0.393318 14.437214 
-0.006972 15.874143 1.948329 15.940077 
0.000000 0.000000 0.000000 0.000000 
0.000000 0.000000 0.000000 0.000000 
0.000000 0.000000 0.000000 0.000000 
5.351544 50.573036 0.000000 0.000000 
12.373130 103.017226 -11.642636 102.492231 
-0.133985 103.094029 -0.846361 103.609537 
9.128035 105.084709 9.243967 105.589127 
-2.404706 108.296573 14.922287 107.506617 
0.221293 112.283247 0.432795 113.010653 
11.777538 118.734971 -14.165670 116.647432 
-14.997696 126.705840 -4.818088 126.245822 
-15.416774 136.913980 9.511690 137.578424 
0.000000 0.000000 0.000000 0.000000 
0.000000 0.000000 0.000000 0.000000 
0.005860 463.770122 0.000000 0.000000 
-9.364775 939.392665 -10.400311 933.763750 
-19.803448 942.746169 41.389928 950.478748 
41.968260 957.453701 25.244783 953.284478 
-27.226642 976.897319 -1.026727 978.718853 
-13.065524 1002.417885 102.600145 1004.545073 
-18.961346 1056.669738 13.193813 1038.095784 
-53.976766 1092.141990 4.807604 1094.758683 
16.114161 1170.472638 26.999270 1173.438422 
-2.048258 1260.109467 -2.134076 1261.578798 
0.000000 0.000000 0.000000 0.000000 
-3.477978 4445.972646 0.000000 0.000000 
-175.263462 9072.944204 59.408145 9042.292688 
50.660954 9014.722404 75.508217 9125.650324 
-47.091130 9192.871802 -57.073448 9218.248767 
228.466167 9306.585336 -72.200906 9316.681318 
-79.619845 9525.909667 -220.278620 9585.910376 
-64.341666 9869.168944 -25.961317 9754.897446 
26.739377 10268.256427 184.607395 10212.597016 
54.044033 10697.048826 -30.876315 10663.641148 
71.647860 11419.955159 24.840335 11410.457730 
257.670734 12186.360502 127.311369 12194.239377 
-0.581783 0.000205 0.000000 0.000000 
0.000000 0.000000 0.000000 0.000000 
0.000000 0.000000 0.000000 0.000000 
0.000000 0.000000 0.000000 0.000000 
0.000000 0.000000 0.000000 0.000000 
0.000000 0.000000 0.000000 0.000000 
0.000000 0.000000 0.000000 0.000000 
0.000000 0.000000 0.000000 0.000000 
0.000000 0.000000 0.000000 0.000000 
0.000000 0.000000 0.000000 0.000000 
0.000000 0.000000 0.000000 0.000000 
-0.010232 0.000072 0.000000 0.000000 
0.002711 0.000192 0.006914 0.000193 
0.000000 0.000000 0.000000 0.000000 
0.000000 0.000000 0.000000 0.000000 
0.000000 0.000000 0.000000 0.000000 
0.000000 0.000000 0.000000 0.000000 
0.000000 0.000000 0.000000 0.000000 
0.000000 0.000000 0.000000 0.000000 
0.000000 0.000000 0.000000 0.000000 
0.000000 0.000000 0.000000 0.000000 
0.000000 0.000000 0.000000 0.000000 
-0.274707 0.000136 0.000000 0.000000 
-0.016940 0.000279 -0.006046 0.000277 
0.023881 0.000347 -0.054578 0.000346 
0.000000 0.000000 0.000000 0.000000 
0.000000 0.000000 0.000000 0.000000 
0.000000 0.000000 0.000000 0.000000 
0.000000 0.000000 0.000000 0.000000 
0.000000 0.000000 0.000000 0.000000 
0.000000 0.000000 0.000000 0.000000 
0.000000 0.000000 0.000000 0.000000 
0.000000 0.000000 0.000000 0.000000 
-0.000172 0.000420 0.000000 0.000000 
-0.074181 0.000869 -0.016472 0.000862 
-0.051427 0.000921 -0.020361 0.000930 
0.048258 0.001103 0.037025 0.001097 
0.000000 0.000000 0.000000 0.000000 
0.000000 0.000000 0.000000 0.000000 
0.000000 0.000000 0.000000 0.000000 
0.000000 0.000000 0.000000 0.000000 
0.000000 0.000000 0.000000 0.000000 
0.000000 0.000000 0.000000 0.000000 
0.000000 0.000000 0.000000 0.000000 
0.595948 0.001832 0.000000 0.000000 
0.015861 0.003774 0.036066 0.003715 
0.000650 0.003877 -0.018586 0.003922 
-0.050575 0.004226 0.090022 0.004193 
0.079895 0.004863 -0.102794 0.004842 
0.000000 0.000000 0.000000 0.000000 
0.000000 0.000000 0.000000 0.000000 
0.000000 0.000000 0.000000 0.000000 
0.000000 0.000000 0.000000 0.000000 
0.000000 0.000000 0.000000 0.000000 
0.000000 0.000000 0.000000 0.000000 
0.101161 0.009986 0.000000 0.000000 
-0.051554 0.020325 0.124679 0.020076 
0.151477 0.020838 -0.248236 0.020839 
-0.133315 0.021869 -0.156518 0.021742 
0.187212 0.023594 -0.054912 0.023475 
0.188228 0.026509 0.273998 0.026598 
0.000000 0.000000 0.000000 0.000000 
0.000000 0.000000 0.000000 0.000000 
0.000000 0.000000 0.000000 0.000000 
0.000000 0.000000 0.000000 0.000000 
0.000000 0.000000 0.000000 0.000000 
-0.457889 0.063202 0.000000 0.000000 
-0.423557 0.129030 -0.062401 0.127390 
0.047328 0.129913 -0.140489 0.130451 
0.090513 0.135244 -0.474410 0.135704 
0.667186 0.141527 -0.000121 0.141596 
0.972787 0.152840 -0.316704 0.152235 
-0.128318 0.169126 -0.209091 0.169666 
0.000000 0.000000 0.000000 0.000000 
0.000000 0.000000 0.000000 0.000000 
0.000000 0.000000 0.000000 0.000000 
0.000000 0.000000 0.000000 0.000000 
0.137854 0.452272 0.000000 0.000000 
-1.427081 0.909919 0.602872 0.905639 
0.474896 0.922172 -0.528299 0.926890 
-0.455379 0.942093 -0.424214 0.946137 
-0.344674 0.984342 2.537745 0.987467 
-0.036798 1.026831 -0.385430 1.027304 
1.049041 1.104921 -0.768193 1.105717 
0.167249 1.211788 -1.180194 1.212715 
0.000000 0.000000 0.000000 0.000000 
0.000000 0.000000 0.000000 0.000000 
0.000000 0.000000 0.000000 0.000000 
0.015018 3.512371 0.000000 0.000000 
2.003707 7.093490 -0.669185 7.086987 
0.969369 7.133890 1.134225 7.158045 
-0.033306 7.298087 -6.159318 7.306742 
-0.150615 7.501588 1.968599 7.484634 
-1.503427 7.787312 -4.021316 7.853850 
0.400898 8.165692 3.626825 8.093012 
3.021704 8.769208 -1.609430 8.708432 
2.079410 9.480782 -4.943724 9.491593 
0.000000 0.000000 0.000000 0.000000 
0.000000 0.000000 0.000000 0.000000 
-0.127802 29.462554 0.000000 0.000000 
5.229465 59.431766 3.991325 58.947106 
-4.884076 59.579303 0.215839 60.047400 
1.457888 60.649881 -2.292847 60.371561 
-0.788205 61.941367 -5.300672 62.138352 
4.293476 63.648973 -1.949237 63.963492 
-7.670628 66.596389 3.599574 66.329194 
-0.028604 69.104334 12.727375 68.944784 
-3.483901 74.129220 -14.531399 74.056599 
-6.663079 79.890145 -10.787887 79.575088 
0.000000 0.000000 0.000000 0.000000 
32.664696 261.337940 0.000000 0.000000 
11.358072 525.775730 9.188852 525.709084 
-35.630999 527.828837 29.452515 531.394041 
-15.937013 535.886996 9.563940 535.190173 
-19.501121 543.636742 -11.445154 544.737345 
-26.097714 557.264808 93.983300 560.459625 
5.141811 576.827846 2.611431 573.402511 
-12.894222 599.690309 -44.148634 596.071773 
6.613441 623.458128 -10.691114 618.356388 
7.030454 667.552602 -3.157913 662.867236 
-10.730150 711.912929 -41.243841 709.123784 
-0.458478 0.000073 0.000000 0.000000 
0.000000 0.000000 0.000000 0.000000 
0.000000 0.000000 0.000000 0.000000 
0.000000 0.000000 0.000000 0.000000 
0.000000 0.000000 0.000000 0.000000 
0.000000 0.000000 0.000000 0.000000 
0.000000 0.000000 0.000000 0.000000 
0.000000 0.000000 0.000000 0.000000 
0.000000 0.000000 0.000000 0.000000 
0.000000 0.000000 0.000000 0.000000 
0.000000 0.000000 0.000000 0.000000 
-0.001694 0.000018 0.000000 0.000000 
-0.002301 0.000048 0.011172 0.000049 
0.000000 0.000000 0.000000 0.000000 
0.000000 0.000000 0.000000 0.000000 
0.000000 0.000000 0.000000 0.000000 
0.000000 0.000000 0.000000 0.000000 
0.000000 0.000000 0.000000 0.000000 
0.000000 0.000000 0.000000 0.000000 
0.000000 0.000000 0.000000 0.000000 
0.000000 0.000000 0.000000 0.000000 
0.000000 0.000000 0.000000 0.000000 
-0.162751 0.000027 0.000000 0.000000 
0.006455 0.000056 0.014371 0.000055 
-0.002094 0.000070 -0.002351 0.000069 
0.000000 0.000000 0.000000 0.000000 
0.000000 0.000000 0.000000 0.000000 
0.000000 0.000000 0.000000 0.000000 
0.000000 0.000000 0.000000 0.000000 
0.000000 0.000000 0.000000 0.000000 
0.000000 0.000000 0.000000 0.000000 
0.000000 0.000000 0.000000 0.000000 
0.000000 0.000000 0.000000 0.000000 
-0.009392 0.000069 0.000000 0.000000 
0.015126 0.000143 -0.008178 0.000142 
0.015062 0.000152 -0.005711 0.000153 
-0.008982 0.000182 -0.032365 0.000183 
0.000000 0.000000 0.000000 0.000000 
0.000000 0.000000 0.000000 0.000000 
0.000000 0.000000 0.000000 0.000000 
0.000000 0.000000 0.000000 0.000000 
0.000000 0.000000 0.000000 0.000000 
0.000000 0.000000 0.000000 0.000000 
0.000000 0.000000 0.000000 0.000000 
0.169584 0.000260 0.000000 0.000000 
-0.013919 0.000535 0.037723 0.000525 
0.006734 0.000547 -0.015305 0.000556 
0.024042 0.000597 0.005186 0.000596 
0.023030 0.000692 0.038472 0.000689 
0.000000 0.000000 0.000000 0.000000 
0.000000 0.000000 0.000000 0.000000 
0.000000 0.000000 0.000000 0.000000 
0.000000 0.000000 0.000000 0.000000 
0.000000 0.000000 0.000000 0.000000 
0.000000 0.000000 0.000000 0.000000 
0.023077 0.001229 0.000000 0.000000 
-0.036315 0.002539 -0.020585 0.002501 
0.074022 0.002568 -0.004566 0.002577 
-0.000159 0.002710 0.051715 0.002703 
-0.045200 0.002928 0.028864 0.002923 
-0.029338 0.003315 -0.101238 0.003303 
0.000000 0.000000 0.000000 0.000000 
0.000000 0.000000 0.000000 0.000000 
0.000000 0.000000 0.000000 0.000000 
0.000000 0.000000 0.000000 0.000000 
0.000000 0.000000 0.000000 0.000000 
-0.235563 0.006962 0.000000 0.000000 
-0.049221 0.014306 -0.024864 0.014020 
-0.031013 0.014391 0.013067 0.014482 
-0.198470 0.014800 0.210253 0.014949 
-0.156905 0.015667 -0.039179 0.015713 
-0.091459 0.016898 0.026344 0.016860 
0.044182 0.018870 0.020745 0.018680 
0.000000 0.000000 0.000000 0.000000 
0.000000 0.000000 0.000000 0.000000 
0.000000 0.000000 0.000000 0.000000 
0.000000 0.000000 0.000000 0.000000 
-0.387153 0.044897 0.000000 0.000000 
0.530968 0.090868 -0.332942 0.090090 
-0.175833 0.091957 0.275455 0.092626 
0.341053 0.093746 0.357238 0.094502 
0.124478 0.097558 -0.266362 0.097918 
0.050148 0.102714 -0.434757 0.102847 
-0.095775 0.110475 0.133471 0.109782 
0.172486 0.120876 -0.106456 0.120954 
0.000000 0.000000 0.000000 0.000000 
0.000000 0.000000 0.000000 0.000000 
0.000000 0.000000 0.000000 0.000000 
1.013531 0.317878 0.000000 0.000000 
0.150265 0.644298 1.546471 0.641368 
0.666807 0.647051 0.473443 0.651564 
-0.077725 0.661749 -1.077479 0.665435 
-0.946249 0.678602 1.847251 0.679031 
-0.538575 0.704842 0.402342 0.709992 
1.660495 0.745587 0.166112 0.735293 
0.129570 0.791916 0.039504 0.790830 
0.465774 0.854023 -1.109840 0.865494 
0.000000 0.000000 0.000000 0.000000 
0.000000 0.000000 0.000000 0.000000 
1.273199 2.448370 0.000000 0.000000 
-1.904121 4.939518 -0.080428 4.905677 
-3.229851 4.969156 3.043702 4.997715 
-1.454793 5.043480 0.292820 5.046457 
2.416203 5.149609 0.167590 5.187961 
-2.107901 5.288381 -0.330338 5.312364 
-0.087534 5.545310 0.487100 5.507653 
-1.146405 5.761418 2.412339 5.758093 
-2.946812 6.140388 3.239227 6.153939 
2.127900 6.618851 -0.542326 6.620046 
0.000000 0.000000 0.000000 0.000000 
0.490470 20.003394 0.000000 0.000000 
-3.157776 40.519604 -1.644441 40.450401 
9.903648 40.442055 1.548182 40.832373 
-0.426188 41.322971 3.150884 41.214946 
-8.455961 41.767929 -1.377076 41.943391 
5.415808 42.857985 4.481910 43.097782 
-10.023180 44.364366 1.356820 43.885532 
-7.166756 45.888706 2.222280 46.021217 
-0.436726 47.770290 16.098261 47.719162 
-8.739493 50.915815 6.408149 50.904715 
-19.163533 54.686780 -5.673188 54.124305 
-0.199461 0.000031 0.000000 0.000000 
0.000000 0.000000 0.000000 0.000000 
0.000000 0.000000 0.000000 0.000000 
0.000000 0.000000 0.000000 0.000000 
0.000000 0.000000 0.000000 0.000000 
0.000000 0.000000 0.000000 0.000000 
0.000000 0.000000 0.000000 0.000000 
0.000000 0.000000 0.000000 0.000000 
0.000000 0.000000 0.000000 0.000000 
0.000000 0.000000 0.000000 0.000000 
0.000000 0.000000 0.000000 0.000000 
-0.000120 0.000006 0.000000 0.000000 
-0.001894 0.000015 -0.004546 0.000015 
0.000000 0.000000 0.000000 0.000000 
0.000000 0.000000 0.000000 0.000000 
0.000000 0.000000 0.000000 0.000000 
0.000000 0.000000 0.000000 0.000000 
0.000000 0.000000 0.000000 0.000000 
0.000000 0.000000 0.000000 0.000000 
0.000000 0.000000 0.000000 0.000000 
0.000000 0.000000 0.000000 0.000000 
0.000000 0.000000 0.000000 0.000000 
-0.023054 0.000007 0.000000 0.000000 
-0.005892 0.000014 0.002494 0.000013 
0.000308 0.000017 -0.002044 0.000017 
0.000000 0.000000 0.000000 0.000000 
0.000000 0.000000 0.000000 0.000000 
0.000000 0.000000 0.000000 0.000000 
0.000000 0.000000 0.000000 0.000000 
0.000000 0.000000 0.000000 0.000000 
0.000000 0.000000 0.000000 0.000000 
0.000000 0.000000 0.000000 0.000000 
0.000000 0.000000 0.000000 0.000000 
0.007254 0.000014 0.000000 0.000000 
-0.000170 0.000029 -0.001976 0.000029 
0.010108 0.000031 0.001748 0.000031 
-0.007902 0.000037 0.007561 0.000037 
0.000000 0.000000 0.000000 0.000000 
0.000000 0.000000 0.000000 0.000000 
0.000000 0.000000 0.000000 0.000000 
0.000000 0.000000 0.000000 0.000000 
0.000000 0.000000 0.000000 0.000000 
0.000000 0.000000 0.000000 0.000000 
0.000000 0.000000 0.000000 0.000000 
0.045509 0.000045 0.000000 0.000000 
0.003539 0.000092 -0.015119 0.000091 
-0.015011 0.000095 0.009675 0.000096 
-0.017684 0.000103 -0.002008 0.000103 
-0.013823 0.000120 -0.005871 0.000119 
0.000000 0.000000 0.000000 0.000000 
0.000000 0.000000 0.000000 0.000000 
0.000000 0.000000 0.000000 0.000000 
0.000000 0.000000 0.000000 0.000000 
0.000000 0.000000 0.000000 0.000000 
0.000000 0.000000 0.000000 0.000000 
-0.002675 0.000186 0.000000 0.000000 
0.030844 0.000382 -0.010990 0.000377 
0.016265 0.000389 -0.024951 0.000390 
0.002621 0.000409 -0.010933 0.000408 
0.055949 0.000442 -0.017945 0.000442 
-0.041168 0.000502 -0.022098 0.000502 
0.000000 0.000000 0.000000 0.000000 
0.000000 0.000000 0.000000 0.000000 
0.000000 0.000000 0.000000 0.000000 
0.000000 0.000000 0.000000 0.000000 
0.000000 0.000000 0.000000 0.000000 
-0.029234 0.000934 0.000000 0.000000 
0.060220 0.001918 -0.042182 0.001887 
-0.019245 0.001932 -0.050484 0.001944 
-0.025058 0.001992 -0.009376 0.002009 
0.092723 0.002107 0.046458 0.002110 
0.000103 0.002272 -0.059835 0.002274 
0.046658 0.002548 0.030599 0.002528 
0.000000 0.000000 0.000000 0.000000 
0.000000 0.000000 0.000000 0.000000 
0.000000 0.000000 0.000000 0.000000 
0.000000 0.000000 0.000000 0.000000 
0.060341 0.005427 0.000000 0.000000 
-0.042046 0.011040 -0.021881 0.010894 
-0.070279 0.011136 -0.086406 0.011220 
0.131454 0.011348 0.047562 0.011476 
0.025602 0.011806 0.117158 0.011880 
0.007654 0.012458 0.097939 0.012511 
-0.104510 0.013479 0.091810 0.013302 
0.150348 0.014737 -0.230464 0.014778 
0.000000 0.000000 0.000000 0.000000 
0.000000 0.000000 0.000000 0.000000 
0.000000 0.000000 0.000000 0.000000 
-0.197946 0.035153 0.000000 0.000000 
0.105980 0.071163 0.309544 0.070530 
-0.629944 0.071535 0.027860 0.072224 
0.005690 0.072773 0.323666 0.073742 
0.360630 0.074910 0.131153 0.075232 
0.545612 0.077730 0.102456 0.078509 
0.278533 0.082727 0.029724 0.081581 
-0.183193 0.087803 -0.440976 0.087650 
-0.226347 0.094929 0.448617 0.096350 
0.000000 0.000000 0.000000 0.000000 
0.000000 0.000000 0.000000 0.000000 
0.874839 0.248736 0.000000 0.000000 
0.555498 0.502150 -0.760907 0.497639 
1.684107 0.505192 0.295919 0.507335 
-0.369499 0.512361 0.584277 0.514583 
0.386040 0.520604 -0.269359 0.529099 
0.458455 0.537551 -1.323811 0.540478 
0.534854 0.563850 -0.595318 0.558974 
-0.545838 0.588761 1.041751 0.588052 
0.978393 0.626283 0.424894 0.626104 
-0.603674 0.674662 0.702543 0.678115 
0.000000 0.000000 0.000000 0.000000 
-1.066679 1.884435 0.000000 0.000000 
-1.420495 3.811644 -0.603905 3.798096 
-1.583109 3.801002 1.490611 3.851681 
-1.048095 3.879475 1.394654 3.890432 
-3.792971 3.932745 -0.339715 3.954492 
-2.354538 4.027970 1.907640 4.056950 
0.589768 4.178369 -0.420862 4.129431 
0.101761 4.317236 0.256356 4.335635 
-1.678298 4.531965 -0.830011 4.504759 
0.463143 4.795809 2.946058 4.798590 
0.517204 5.171204 0.119484 5.109802 
-0.119835 0.000015 0.000000 0.000000 
0.000000 0.000000 0.000000 0.000000 
0.000000 0.000000 0.000000 0.000000 
0.000000 0.000000 0.000000 0.000000 
0.000000 0.000000 0.000000 0.000000 
0.000000 0.000000 0.000000 0.000000 
0.000000 0.000000 0.000000 0.000000 
0.000000 0.000000 0.000000 0.000000 
0.000000 0.000000 0.000000 0.000000 
0.000000 0.000000 0.000000 0.000000 
0.000000 0.000000 0.000000 0.000000 
0.002397 0.000002 0.000000 0.000000 
0.001151 0.000005 0.000386 0.000005 
0.000000 0.000000 0.000000 0.000000 
0.000000 0.000000 0.000000 0.000000 
0.000000 0.000000 0.000000 0.000000 
0.000000 0.000000 0.000000 0.000000 
0.000000 0.000000 0.000000 0.000000 
0.000000 0.000000 0.000000 0.000000 
0.000000 0.000000 0.000000 0.000000 
0.000000 0.000000 0.000000 0.000000 
0.000000 0.000000 0.000000 0.000000 
-0.010878 0.000002 0.000000 0.000000 
-0.001011 0.000004 0.003479 0.000004 
-0.000900 0.000005 -0.000114 0.000005 
0.000000 0.000000 0.000000 0.000000 
0.000000 0.000000 0.000000 0.000000 
0.000000 0.000000 0.000000 0.000000 
0.000000 0.000000 0.000000 0.000000 
0.000000 0.000000 0.000000 0.000000 
0.000000 0.000000 0.000000 0.000000 
0.000000 0.000000 0.000000 0.000000 
0.000000 0.000000 0.000000 0.000000 
-0.001293 0.000003 0.000000 0.000000 
-0.000970 0.000007 -0.000093 0.000007 
-0.003983 0.000007 -0.000166 0.000007 
-0.000345 0.000009 -0.004382 0.000009 
0.000000 0.000000 0.000000 0.000000 
0.000000 0.000000 0.000000 0.000000 
0.000000 0.000000 0.000000 0.000000 
0.000000 0.000000 0.000000 0.000000 
0.000000 0.000000 0.000000 0.000000 
0.000000 0.000000 0.000000 0.000000 
0.000000 0.000000 0.000000 0.000000 
0.026406 0.000009 0.000000 0.000000 
-0.004771 0.000019 0.001152 0.000018 
0.002276 0.000019 0.000119 0.000019 
0.006375 0.000021 0.000394 0.000021 
-0.000212 0.000024 0.004929 0.000024 
0.000000 0.000000 0.000000 0.000000 
0.000000 0.000000 0.000000 0.000000 
0.000000 0.000000 0.000000 0.000000 
0.000000 0.000000 0.000000 0.000000 
0.000000 0.000000 0.000000 0.000000 
0.000000 0.000000 0.000000 0.000000 
-0.005340 0.000033 0.000000 0.000000 
0.001199 0.000068 -0.005559 0.000067 
0.000529 0.000069 -0.012944 0.000069 
-0.004874 0.000073 0.002736 0.000073 
-0.017749 0.000079 0.008805 0.000078 
-0.006091 0.000089 0.006925 0.000089 
0.000000 0.000000 0.000000 0.000000 
0.000000 0.000000 0.000000 0.000000 
0.000000 0.000000 0.000000 0.000000 
0.000000 0.000000 0.000000 0.000000 
0.000000 0.000000 0.000000 0.000000 
-0.026922 0.000148 0.000000 0.000000 
0.029227 0.000303 0.010424 0.000300 
0.031491 0.000307 0.051145 0.000307 
-0.001641 0.000317 -0.019665 0.000318 
0.009104 0.000334 -0.006461 0.000334 
-0.014129 0.000360 -0.023537 0.000360 
0.015315 0.000404 -0.001646 0.000400 
0.000000 0.000000 0.000000 0.000000 
0.000000 0.000000 0.000000 0.000000 
0.000000 0.000000 0.000000 0.000000 
0.000000 0.000000 0.000000 0.000000 
-0.021276 0.000774 0.000000 0.000000 
-0.038929 0.001578 0.037829 0.001556 
-0.082832 0.001597 0.113411 0.001602 
-0.089560 0.001624 -0.005230 0.001636 
-0.091366 0.001689 0.010987 0.001698 
0.048907 0.001781 0.029570 0.001785 
-0.059501 0.001927 0.015059 0.001901 
-0.052867 0.002107 0.003364 0.002115 
0.000000 0.000000 0.000000 0.000000 
0.000000 0.000000 0.000000 0.000000 
0.000000 0.000000 0.000000 0.000000 
-0.097399 0.004568 0.000000 0.000000 
-0.078439 0.009259 -0.020533 0.009139 
0.167854 0.009320 -0.031229 0.009421 
0.041604 0.009464 0.060573 0.009602 
0.129398 0.009736 -0.050275 0.009791 
0.126835 0.010108 -0.069290 0.010240 
-0.139153 0.010763 -0.011715 0.010616 
0.066294 0.011448 0.093256 0.011401 
0.086857 0.012364 0.046112 0.012598 
0.000000 0.000000 0.000000 0.000000 
0.000000 0.000000 0.000000 0.000000 
-0.204318 0.029683 0.000000 0.000000 
0.311697 0.060104 -0.010887 0.059137 
0.075823 0.060286 -0.514355 0.060747 
-0.050016 0.061208 0.248450 0.061719 
-0.021931 0.062004 0.087518 0.063283 
0.207634 0.064106 0.197823 0.064769 
-0.126658 0.067387 0.290109 0.066881 
-0.208749 0.070456 0.056549 0.070259 
-0.050067 0.074794 0.309853 0.075009 
-0.052615 0.080893 -0.277024 0.081373 
0.000000 0.000000 0.000000 0.000000 
-0.108080 0.208542 0.000000 0.000000 
-0.891178 0.421018 0.010728 0.417454 
0.061938 0.420255 0.505215 0.426774 
-0.105424 0.427477 0.601205 0.432055 
0.447970 0.433082 -0.179559 0.439417 
-0.244887 0.443552 -0.887545 0.449212 
0.121201 0.462210 1.137021 0.457448 
0.042779 0.477470 0.210066 0.479494 
-0.138803 0.500651 -1.297142 0.499616 
-0.291743 0.532214 0.409373 0.529070 
-0.308194 0.573103 -0.622041 0.567690 
-0.034277 0.000008 0.000000 0.000000 
0.000000 0.000000 0.000000 0.000000 
0.000000 0.000000 0.000000 0.000000 
0.000000 0.000000 0.000000 0.000000 
0.000000 0.000000 0.000000 0.000000 
0.000000 0.000000 0.000000 0.000000 
0.000000 0.000000 0.000000 0.000000 
0.000000 0.000000 0.000000 0.000000 
0.000000 0.000000 0.000000 0.000000 
0.000000 0.000000 0.000000 0.000000 
0.000000 0.000000 0.000000 0.000000 
-0.002200 0.000001 0.000000 0.000000 
-0.001145 0.000002 -0.000972 0.000002 
0.000000 0.000000 0.000000 0.000000 
0.000000 0.000000 0.000000 0.000000 
0.000000 0.000000 0.000000 0.000000 
0.000000 0.000000 0.000000 0.000000 
0.000000 0.000000 0.000000 0.000000 
0.000000 0.000000 0.000000 0.000000 
0.000000 0.000000 0.000000 0.000000 
0.000000 0.000000 0.000000 0.000000 
0.000000 0.000000 0.000000 0.000000 
0.000945 0.000001 0.000000 0.000000 
0.002170 0.000001 -0.000552 0.000001 
0.001889 0.000001 0.000323 0.000001 
0.000000 0.000000 0.000000 0.000000 
0.000000 0.000000 0.000000 0.000000 
0.000000 0.000000 0.000000 0.000000 
0.000000 0.000000 0.000000 0.000000 
0.000000 0.000000 0.000000 0.000000 
0.000000 0.000000 0.000000 0.000000 
0.000000 0.000000 0.000000 0.000000 
0.000000 0.000000 0.000000 0.000000 
0.000612 0.000001 0.000000 0.000000 
-0.000121 0.000002 0.002671 0.000002 
-0.000351 0.000002 -0.000302 0.000002 
0.000126 0.000002 0.001260 0.000002 
0.000000 0.000000 0.000000 0.000000 
0.000000 0.000000 0.000000 0.000000 
0.000000 0.000000 0.000000 0.000000 
0.000000 0.000000 0.000000 0.000000 
0.000000 0.000000 0.000000 0.000000 
0.000000 0.000000 0.000000 0.000000 
0.000000 0.000000 0.000000 0.000000 
0.005833 0.000002 0.000000 0.000000 
-0.000214 0.000004 0.000240 0.000004 
-0.003325 0.000004 0.002988 0.000004 
-0.000166 0.000005 0.000629 0.000005 
-0.005551 0.000006 0.000536 0.000006 
0.000000 0.000000 0.000000 0.000000 
0.000000 0.000000 0.000000 0.000000 
0.000000 0.000000 0.000000 0.000000 
0.000000 0.000000 0.000000 0.000000 
0.000000 0.000000 0.000000 0.000000 
0.000000 0.000000 0.000000 0.000000 
0.000677 0.000007 0.000000 0.000000 
-0.006285 0.000014 0.002265 0.000014 
0.000012 0.000014 -0.006823 0.000014 
0.007520 0.000015 0.001717 0.000015 
0.000031 0.000016 0.004645 0.000016 
-0.001104 0.000018 -0.003014 0.000018 
0.000000 0.000000 0.000000 0.000000 
0.000000 0.000000 0.000000 0.000000 
0.000000 0.000000 0.000000 0.000000 
0.000000 0.000000 0.000000 0.000000 
0.000000 0.000000 0.000000 0.000000 
-0.002999 0.000027 0.000000 0.000000 
-0.001115 0.000055 -0.002795 0.000054 
-0.008813 0.000056 -0.011131 0.000056 
0.001926 0.000057 -0.010290 0.000058 
-0.000630 0.000060 -0.005934 0.000060 
-0.006133 0.000065 0.001402 0.000065 
-0.002453 0.000073 -0.003311 0.000072 
0.000000 0.000000 0.000000 0.000000 
0.000000 0.000000 0.000000 0.000000 
0.000000 0.000000 0.000000 0.000000 
0.000000 0.000000 0.000000 0.000000 
0.009305 0.000127 0.000000 0.000000 
0.001106 0.000259 -0.012809 0.000256 
0.003209 0.000262 -0.018335 0.000262 
0.002805 0.000267 0.001815 0.000268 
0.015027 0.000277 0.003240 0.000278 
-0.030972 0.000293 -0.014957 0.000291 
0.015461 0.000316 -0.004028 0.000312 
0.000892 0.000345 0.006310 0.000347 
0.000000 0.000000 0.000000 0.000000 
0.000000 0.000000 0.000000 0.000000 
0.000000 0.000000 0.000000 0.000000 
0.020501 0.000684 0.000000 0.000000 
0.007185 0.001384 -0.001799 0.001371 
-0.049629 0.001396 0.020105 0.001411 
0.024011 0.001420 -0.035930 0.001436 
0.019835 0.001464 0.003140 0.001460 
0.002127 0.001519 0.040092 0.001526 
-0.027951 0.001612 0.039188 0.001593 
-0.007167 0.001720 0.037526 0.001708 
-0.000203 0.001851 -0.023348 0.001891 
0.000000 0.000000 0.000000 0.000000 
0.000000 0.000000 0.000000 0.000000 
-0.048727 0.004084 0.000000 0.000000 
-0.000998 0.008254 0.065964 0.008151 
0.183264 0.008300 0.062532 0.008365 
0.008946 0.008448 -0.105985 0.008509 
-0.109745 0.008581 -0.166000 0.008676 
-0.184059 0.008842 0.020191 0.008890 
0.048260 0.009293 -0.086565 0.009210 
0.106116 0.009730 0.098186 0.009690 
-0.012061 0.010324 -0.040212 0.010370 
0.069215 0.011146 0.213503 0.011280 
0.000000 0.000000 0.000000 0.000000 
0.523789 0.026586 0.000000 0.000000 
0.396906 0.053539 0.145843 0.052981 
0.097043 0.053567 0.141763 0.054454 
-0.250091 0.054380 -0.106835 0.055145 
-0.342650 0.055606 0.217763 0.055880 
0.231572 0.056505 -0.015954 0.057084 
0.178716 0.058982 -0.148369 0.058187 
0.140922 0.060998 0.171235 0.061080 
0.107704 0.063723 0.295580 0.064119 
0.053841 0.068037 0.210760 0.067723 
-0.059512 0.073477 0.258414 0.072669 
0.001592 0.000005 0.000000 0.000000 
0.000000 0.000000 0.000000 0.000000 
0.000000 0.000000 0.000000 0.000000 
0.000000 0.000000 0.000000 0.000000 
0.000000 0.000000 0.000000 0.000000 
0.000000 0.000000 0.000000 0.000000 
0.000000 0.000000 0.000000 0.000000 
0.000000 0.000000 0.000000 0.000000 
0.000000 0.000000 0.000000 0.000000 
0.000000 0.000000 0.000000 0.000000 
0.000000 0.000000 0.000000 0.000000 
0.001029 0.000000 0.000000 0.000000 
0.000797 0.000001 0.001076 0.000001 
0.000000 0.000000 0.000000 0.000000 
0.000000 0.000000 0.000000 0.000000 
0.000000 0.000000 0.000000 0.000000 
0.000000 0.000000 0.000000 0.000000 
0.000000 0.000000 0.000000 0.000000 
0.000000 0.000000 0.000000 0.000000 
0.000000 0.000000 0.000000 0.000000 
0.000000 0.000000 0.000000 0.000000 
0.000000 0.000000 0.000000 0.000000 
0.002060 0.000000 0.000000 0.000000 
-0.000844 0.000000 -0.000342 0.000000 
0.000124 0.000001 0.000940 0.000001 
0.000000 0.000000 0.000000 0.000000 
0.000000 0.000000 0.000000 0.000000 
0.000000 0.000000 0.000000 0.000000 
0.000000 0.000000 0.000000 0.000000 
0.000000 0.000000 0.000000 0.000000 
0.000000 0.000000 0.000000 0.000000 
0.000000 0.000000 0.000000 0.000000 
0.000000 0.000000 0.000000 0.000000 
-0.000328 0.000000 0.000000 0.000000 
-0.000054 0.000001 -0.001119 0.000001 
0.000577 0.000001 0.000514 0.000001 
-0.000176 0.000001 0.000350 0.000001 
0.000000 0.000000 0.000000 0.000000 
0.000000 0.000000 0.000000 0.000000 
0.000000 0.000000 0.000000 0.000000 
0.000000 0.000000 0.000000 0.000000 
0.000000 0.000000 0.000000 0.000000 
0.000000 0.000000 0.000000 0.000000 
0.000000 0.000000 0.000000 0.000000 
0.003032 0.000001 0.000000 0.000000 
0.000775 0.000001 -0.001211 0.000001 
0.000259 0.000001 0.001533 0.000001 
-0.000232 0.000001 0.000635 0.000001 
0.002809 0.000001 0.001072 0.000001 
0.000000 0.000000 0.000000 0.000000 
0.000000 0.000000 0.000000 0.000000 
0.000000 0.000000 0.000000 0.000000 
0.000000 0.000000 0.000000 0.000000 
0.000000 0.000000 0.000000 0.000000 
0.000000 0.000000 0.000000 0.000000 
0.000147 0.000001 0.000000 0.000000 
0.001943 0.000003 0.000508 0.000003 
-0.000336 0.000003 0.001426 0.000003 
-0.002012 0.000003 0.001957 0.000003 
-0.000627 0.000004 0.000845 0.000004 
0.000692 0.000004 -0.001520 0.000004 
0.000000 0.000000 0.000000 0.000000 
0.000000 0.000000 0.000000 0.000000 
0.000000 0.000000 0.000000 0.000000 
0.000000 0.000000 0.000000 0.000000 
0.000000 0.000000 0.000000 0.000000 
-0.001045 0.000005 0.000000 0.000000 
-0.000535 0.000011 -0.000348 0.000011 
0.002213 0.000011 0.005799 0.000011 
-0.000342 0.000012 0.003985 0.000012 
-0.002202 0.000012 0.002092 0.000012 
0.000719 0.000013 -0.001891 0.000013 
-0.010153 0.000015 -0.004119 0.000015 
0.000000 0.000000 0.000000 0.000000 
0.000000 0.000000 0.000000 0.000000 
0.000000 0.000000 0.000000 0.000000 
0.000000 0.000000 0.000000 0.000000 
-0.004097 0.000023 0.000000 0.000000 
0.004089 0.000048 -0.010212 0.000047 
0.004634 0.000048 0.010745 0.000048 
0.004748 0.000049 -0.000707 0.000049 
0.011276 0.000051 -0.001763 0.000051 
0.001227 0.000053 -0.002171 0.000053 
0.006135 0.000058 0.002700 0.000057 
-0.008400 0.000063 0.004343 0.000063 
0.000000 0.000000 0.000000 0.000000 
0.000000 0.000000 0.000000 0.000000 
0.000000 0.000000 0.000000 0.000000 
0.006227 0.000114 0.000000 0.000000 
-0.018668 0.000233 -0.040405 0.000230 
0.015599 0.000234 -0.036356 0.000236 
-0.020957 0.000237 -0.009871 0.000239 
-0.029807 0.000246 -0.004753 0.000245 
-0.018897 0.000255 -0.030980 0.000255 
0.001908 0.000270 -0.004980 0.000266 
-0.002951 0.000287 0.005703 0.000285 
-0.002123 0.000310 -0.007518 0.000314 
0.000000 0.000000 0.000000 0.000000 
0.000000 0.000000 0.000000 0.000000 
0.005662 0.000633 0.000000 0.000000 
-0.070984 0.001272 0.025171 0.001258 
-0.039439 0.001285 0.010641 0.001299 
-0.039350 0.001303 0.038870 0.001311 
-0.025369 0.001327 0.044570 0.001339 
0.061915 0.001371 -0.016244 0.001371 
-0.024736 0.001436 -0.025614 0.001424 
0.027688 0.001500 -0.033040 0.001498 
0.087769 0.001594 -0.013369 0.001597 
0.031409 0.001716 0.001122 0.001739 
0.000000 0.000000 0.000000 0.000000 
-0.236356 0.003818 0.000000 0.000000 
0.079177 0.007655 -0.011046 0.007571 
-0.052947 0.007673 0.010657 0.007812 
-0.027386 0.007823 0.054597 0.007913 
0.095579 0.007965 -0.028063 0.007974 
0.011347 0.008128 0.083212 0.008176 
0.070038 0.008461 -0.029994 0.008332 
-0.051067 0.008767 0.042416 0.008780 
-0.032285 0.009133 -0.189209 0.009190 
-0.078012 0.009757 -0.048864 0.009709 
0.146803 0.010499 -0.059874 0.010449 
0.026472 0.000003 0.000000 0.000000 
0.000000 0.000000 0.000000 0.000000 
0.000000 0.000000 0.000000 0.000000 
0.000000 0.000000 0.000000 0.000000 
0.000000 0.000000 0.000000 0.000000 
0.000000 0.000000 0.000000 0.000000 
0.000000 0.000000 0.000000 0.000000 
0.000000 0.000000 0.000000 0.000000 
0.000000 0.000000 0.000000 0.000000 
0.000000 0.000000 0.000000 0.000000 
0.000000 0.000000 0.000000 0.000000 
-0.000280 0.000000 0.000000 0.000000 
0.000148 0.000000 -0.000400 0.000000 
0.000000 0.000000 0.000000 0.000000 
0.000000 0.000000 0.000000 0.000000 
0.000000 0.000000 0.000000 0.000000 
0.000000 0.000000 0.000000 0.000000 
0.000000 0.000000 0.000000 0.000000 
0.000000 0.000000 0.000000 0.000000 
0.000000 0.000000 0.000000 0.000000 
0.000000 0.000000 0.000000 0.000000 
0.000000 0.000000 0.000000 0.000000 
0.002039 0.000000 0.000000 0.000000 
0.000735 0.000000 0.000120 0.000000 
-0.000639 0.000000 -0.000193 0.000000 
0.000000 0.000000 0.000000 0.000000 
0.000000 0.000000 0.000000 0.000000 
0.000000 0.000000 0.000000 0.000000 
0.000000 0.000000 0.000000 0.000000 
0.000000 0.000000 0.000000 0.000000 
0.000000 0.000000 0.000000 0.000000 
0.000000 0.000000 0.000000 0.000000 
0.000000 0.000000 0.000000 0.000000 
0.000298 0.000000 0.000000 0.000000 
0.000067 0.000000 -0.000227 0.000000 
0.000006 0.000000 -0.000072 0.000000 
0.000272 0.000000 -0.000484 0.000000 
0.000000 0.000000 0.000000 0.000000 
0.000000 0.000000 0.000000 0.000000 
0.000000 0.000000 0.000000 0.000000 
0.000000 0.000000 0.000000 0.000000 
0.000000 0.000000 0.000000 0.000000 
0.000000 0.000000 0.000000 0.000000 
0.000000 0.000000 0.000000 0.000000 
0.000648 0.000000 0.000000 0.000000 
0.000156 0.000000 -0.000138 0.000000 
0.000442 0.000000 -0.000213 0.000000 
-0.000261 0.000000 -0.001007 0.000000 
-0.001304 0.000000 -0.000340 0.000000 
0.000000 0.000000 0.000000 0.000000 
0.000000 0.000000 0.000000 0.000000 
0.000000 0.000000 0.000000 0.000000 
0.000000 0.000000 0.000000 0.000000 
0.000000 0.000000 0.000000 0.000000 
0.000000 0.000000 0.000000 0.000000 
0.000286 0.000000 0.000000 0.000000 
0.001292 0.000001 -0.000520 0.000001 
-0.001451 0.000001 -0.000003 0.000001 
-0.000420 0.000001 -0.000240 0.000001 
-0.000053 0.000001 0.001667 0.000001 
0.000151 0.000001 0.000017 0.000001 
0.000000 0.000000 0.000000 0.000000 
0.000000 0.000000 0.000000 0.000000 
0.000000 0.000000 0.000000 0.000000 
0.000000 0.000000 0.000000 0.000000 
0.000000 0.000000 0.000000 0.000000 
0.000186 0.000001 0.000000 0.000000 
0.000107 0.000002 -0.001067 0.000002 
0.001256 0.000003 0.001713 0.000002 
0.000815 0.000003 -0.000032 0.000003 
0.003154 0.000003 0.000906 0.000003 
0.001029 0.000003 -0.003100 0.000003 
-0.000394 0.000003 -0.001757 0.000003 
0.000000 0.000000 0.000000 0.000000 
0.000000 0.000000 0.000000 0.000000 
0.000000 0.000000 0.000000 0.000000 
0.000000 0.000000 0.000000 0.000000 
-0.002056 0.000005 0.000000 0.000000 
-0.000445 0.000010 0.005411 0.000009 
-0.000935 0.000010 0.000081 0.000010 
0.001263 0.000010 -0.003427 0.000010 
-0.003148 0.000010 -0.002800 0.000010 
0.002569 0.000011 0.000121 0.000011 
0.000311 0.000012 -0.001961 0.000012 
0.002027 0.000013 -0.000662 0.000013 
0.000000 0.000000 0.000000 0.000000 
0.000000 0.000000 0.000000 0.000000 
0.000000 0.000000 0.000000 0.000000 
0.002820 0.000021 0.000000 0.000000 
0.003778 0.000043 0.008574 0.000042 
-0.002797 0.000043 0.002890 0.000043 
0.000071 0.000044 -0.001843 0.000044 
0.004752 0.000046 0.007383 0.000045 
0.010743 0.000047 0.013712 0.000047 
0.010006 0.000050 0.002022 0.000049 
0.007409 0.000053 -0.013814 0.000053 
-0.000874 0.000057 -0.002958 0.000058 
0.000000 0.000000 0.000000 0.000000 
0.000000 0.000000 0.000000 0.000000 
0.006568 0.000108 0.000000 0.000000 
0.005791 0.000218 -0.006820 0.000217 
0.013051 0.000219 -0.005675 0.000221 
0.002083 0.000222 0.011841 0.000224 
0.011723 0.000226 -0.013976 0.000229 
-0.010339 0.000235 0.009608 0.000234 
-0.003434 0.000244 0.006936 0.000242 
0.001792 0.000255 0.025172 0.000256 
0.019279 0.000272 -0.019729 0.000272 
-0.005745 0.000291 0.005100 0.000297 
0.000000 0.000000 0.000000 0.000000 
0.014642 0.000607 0.000000 0.000000 
-0.050842 0.001216 0.022939 0.001208 
-0.032478 0.001227 -0.039772 0.001243 
0.003269 0.001240 -0.010453 0.001254 
0.024337 0.001266 -0.010920 0.001267 
0.058797 0.001291 0.024027 0.001298 
-0.017745 0.001341 -0.050871 0.001328 
0.057649 0.001382 -0.031097 0.001391 
0.023058 0.001450 -0.004141 0.001458 
0.050233 0.001538 0.070015 0.001540 
-0.027996 0.001658 -0.002315 0.001650 
0.022043 0.000002 0.000000 0.000000 
0.000000 0.000000 0.000000 0.000000 
0.000000 0.000000 0.000000 0.000000 
0.000000 0.000000 0.000000 0.000000 
0.000000 0.000000 0.000000 0.000000 
0.000000 0.000000 0.000000 0.000000 
0.000000 0.000000 0.000000 0.000000 
0.000000 0.000000 0.000000 0.000000 
0.000000 0.000000 0.000000 0.000000 
0.000000 0.000000 0.000000 0.000000 
0.000000 0.000000 0.000000 0.000000 
0.000297 0.000000 0.000000 0.000000 
-0.000525 0.000000 -0.000080 0.000000 
0.000000 0.000000 0.000000 0.000000 
0.000000 0.000000 0.000000 0.000000 
0.000000 0.000000 0.000000 0.000000 
0.000000 0.000000 0.000000 0.000000 
0.000000 0.000000 0.000000 0.000000 
0.000000 0.000000 0.000000 0.000000 
0.000000 0.000000 0.000000 0.000000 
0.000000 0.000000 0.000000 0.000000 
0.000000 0.000000 0.000000 0.000000 
0.001580 0.000000 0.000000 0.000000 
0.000357 0.000000 -0.000373 0.000000 
0.000160 0.000000 0.000217 0.000000 
0.000000 0.000000 0.000000 0.000000 
0.000000 0.000000 0.000000 0.000000 
0.000000 0.000000 0.000000 0.000000 
0.000000 0.000000 0.000000 0.000000 
0.000000 0.000000 0.000000 0.000000 
0.000000 0.000000 0.000000 0.000000 
0.000000 0.000000 0.000000 0.000000 
0.000000 0.000000 0.000000 0.000000 
-0.000215 0.000000 0.000000 0.000000 
0.000051 0.000000 -0.000264 0.000000 
0.000053 0.000000 -0.000063 0.000000 
0.000195 0.000000 0.000025 0.000000 
0.000000 0.000000 0.000000 0.000000 
0.000000 0.000000 0.000000 0.000000 
0.000000 0.000000 0.000000 0.000000 
0.000000 0.000000 0.000000 0.000000 
0.000000 0.000000 0.000000 0.000000 
0.000000 0.000000 0.000000 0.000000 
0.000000 0.000000 0.000000 0.000000 
0.000326 0.000000 0.000000 0.000000 
-0.000514 0.000000 0.000081 0.000000 
0.000621 0.000000 0.000169 0.000000 
-0.000238 0.000000 0.000532 0.000000 
0.000403 0.000000 -0.000293 0.000000 
0.000000 0.000000 0.000000 0.000000 
0.000000 0.000000 0.000000 0.000000 
0.000000 0.000000 0.000000 0.000000 
0.000000 0.000000 0.000000 0.000000 
0.000000 0.000000 0.000000 0.000000 
0.000000 0.000000 0.000000 0.000000 
-0.000099 0.000000 0.000000 0.000000 
0.000276 0.000000 0.000239 0.000000 
0.000783 0.000000 -0.000547 0.000000 
-0.000754 0.000000 0.000985 0.000000 
0.001012 0.000000 0.000047 0.000000 
0.000432 0.000000 0.000032 0.000000 
0.000000 0.000000 0.000000 0.000000 
0.000000 0.000000 0.000000 0.000000 
0.000000 0.000000 0.000000 0.000000 
0.000000 0.000000 0.000000 0.000000 
0.000000 0.000000 0.000000 0.000000 
-0.001293 0.000000 0.000000 0.000000 
0.000605 0.000001 0.000502 0.000001 
-0.000400 0.000001 -0.000494 0.000001 
-0.000331 0.000001 0.001080 0.000001 
0.000375 0.000001 -0.001309 0.000001 
-0.001764 0.000001 0.000832 0.000001 
0.000535 0.000001 0.000653 0.000001 
0.000000 0.000000 0.000000 0.000000 
0.000000 0.000000 0.000000 0.000000 
0.000000 0.000000 0.000000 0.000000 
0.000000 0.000000 0.000000 0.000000 
0.000437 0.000001 0.000000 0.000000 
-0.000346 0.000002 0.001293 0.000002 
-0.001794 0.000002 -0.000122 0.000002 
-0.001419 0.000002 -0.001156 0.000002 
0.001238 0.000002 0.002994 0.000002 
-0.000719 0.000002 0.000386 0.000002 
-0.001097 0.000003 0.000957 0.000003 
-0.002315 0.000003 -0.001298 0.000003 
0.000000 0.000000 0.000000 0.000000 
0.000000 0.000000 0.000000 0.000000 
0.000000 0.000000 0.000000 0.000000 
-0.001217 0.000004 0.000000 0.000000 
-0.002290 0.000009 0.002612 0.000008 
0.001556 0.000009 0.000253 0.000009 
0.003095 0.000009 -0.000971 0.000009 
-0.001818 0.000009 0.000300 0.000009 
-0.000803 0.000009 0.003969 0.000010 
0.002904 0.000010 -0.000663 0.000010 
-0.002380 0.000011 0.000508 0.000011 
0.004978 0.000012 -0.004151 0.000012 
0.000000 0.000000 0.000000 0.000000 
0.000000 0.000000 0.000000 0.000000 
0.003733 0.000020 0.000000 0.000000 
-0.008493 0.000040 -0.017675 0.000040 
-0.002159 0.000041 0.000321 0.000041 
0.009881 0.000041 0.003056 0.000041 
-0.005121 0.000042 -0.004330 0.000042 
-0.003948 0.000044 -0.011718 0.000044 
0.001993 0.000045 -0.003414 0.000045 
0.007068 0.000048 0.008283 0.000047 
-0.000736 0.000051 -0.003730 0.000051 
0.008099 0.000054 -0.006202 0.000055 
0.000000 0.000000 0.000000 0.000000 
0.007234 0.000105 0.000000 0.000000 
-0.002267 0.000211 -0.001861 0.000209 
-0.008961 0.000212 0.004237 0.000214 
-0.028363 0.000214 0.010196 0.000216 
-0.014128 0.000219 -0.009615 0.000218 
-0.003403 0.000223 0.008086 0.000224 
0.000322 0.000232 0.019026 0.000230 
-0.032986 0.000238 0.007156 0.000239 
-0.019212 0.000250 -0.000620 0.000252 
-0.023778 0.000266 -0.019697 0.000267 
-0.014500 0.000285 0.001958 0.000287 
