130.298295 0.062005 0.000000 0.000000 
0.000000 0.000000 0.000000 0.000000 
0.000000 0.000000 0.000000 0.000000 
0.000000 0.000000 0.000000 0.000000 
0.000000 0.000000 0.000000 0.000000 
0.000000 0.000000 0.000000 0.000000 
0.000000 0.000000 0.000000 0.000000 
0.000000 0.000000 0.000000 0.000000 
0.000000 0.000000 0.000000 0.000000 
0.000000 0.000000 0.000000 0.000000 
0.000000 0.000000 0.000000 0.000000 
0.130130 0.052955 0.000000 0.000000 
-0.059994 0.074393 0.060011 0.074065 
0.000000 0.000000 0.000000 0.000000 
0.000000 0.000000 0.000000 0.000000 
0.000000 0.000000 0.000000 0.000000 
0.000000 0.000000 0.000000 0.000000 
0.000000 0.000000 0.000000 0.000000 
0.000000 0.000000 0.000000 0.000000 
0.000000 0.000000 0.000000 0.000000 
0.000000 0.000000 0.000000 0.000000 
0.000000 0.000000 0.000000 0.000000 
54.277723 0.166675 0.000000 0.000000 
0.566309 0.288637 -0.603941 0.287770 
0.506180 0.226206 -0.889750 0.224413 
0.000000 0.000000 0.000000 0.000000 
0.000000 0.000000 0.000000 0.000000 
0.000000 0.000000 0.000000 0.000000 
0.000000 0.000000 0.000000 0.000000 
0.000000 0.000000 0.000000 0.000000 
0.000000 0.000000 0.000000 0.000000 
0.000000 0.000000 0.000000 0.000000 
0.000000 0.000000 0.000000 0.000000 
-1.956392 0.877021 0.000000 0.000000 
-0.375126 1.647520 3.000760 1.636201 
1.478163 1.415174 1.461983 1.407795 
-0.275408 1.173179 0.579909 1.169204 
0.000000 0.000000 0.000000 0.000000 
0.000000 0.000000 0.000000 0.000000 
0.000000 0.000000 0.000000 0.000000 
0.000000 0.000000 0.000000 0.000000 
0.000000 0.000000 0.000000 0.000000 
0.000000 0.000000 0.000000 0.000000 
0.000000 0.000000 0.000000 0.000000 
61.268283 6.059074 0.000000 0.000000 
-1.579982 11.739926 -1.243832 11.662886 
1.384765 10.650661 -1.593770 10.603234 
-1.878912 9.238219 -0.940663 9.356352 
4.490447 8.026317 -0.291266 7.987293 
0.000000 0.000000 0.000000 0.000000 
0.000000 0.000000 0.000000 0.000000 
0.000000 0.000000 0.000000 0.000000 
0.000000 0.000000 0.000000 0.000000 
0.000000 0.000000 0.000000 0.000000 
0.000000 0.000000 0.000000 0.000000 
-10.235238 49.156332 0.000000 0.000000 
0.524611 97.546385 9.392582 96.481595 
-8.780708 90.657952 1.684725 90.157716 
-1.766593 81.895780 -8.607538 82.711668 
9.352013 73.343951 -4.566358 73.025462 
1.443246 64.639621 7.454497 64.660621 
0.000000 0.000000 0.000000 0.000000 
0.000000 0.000000 0.000000 0.000000 
0.000000 0.000000 0.000000 0.000000 
0.000000 0.000000 0.000000 0.000000 
0.000000 0.000000 0.000000 0.000000 
78.780003 446.770223 0.000000 0.000000 
-86.407307 894.524344 11.027959 882.166485 
29.899700 848.022214 -13.063884 845.151167 
-6.529673 782.100305 1.318440 788.199976 
3.469905 721.387165 -34.452457 718.645788 
-39.549806 647.316366 34.333156 650.198181 
18.549115 583.718830 -2.800825 583.876100 
0.000000 0.000000 0.000000 0.000000 
0.000000 0.000000 0.000000 0.000000 
0.000000 0.000000 0.000000 0.000000 
0.000000 0.000000 0.000000 0.000000 
14.464833 4395.687076 0.000000 0.000000 
-115.353029 8790.038299 51.796605 8760.896695 
-163.666852 8467.308304 -97.151748 8496.131376 
-96.817071 7943.700630 -97.228134 8051.778939 
199.372656 7412.575811 89.999709 7471.203664 
-14.142568 6843.634611 -69.041165 6903.655473 
22.575706 6260.618143 -30.846744 6259.505807 
108.400151 5719.828315 37.902050 5706.044035 
0.000000 0.000000 0.000000 0.000000 
0.000000 0.000000 0.000000 0.000000 
0.000000 0.000000 0.000000 0.000000 
26.669522 45980.839880 0.000000 0.000000 
-351.506619 91880.444268 -698.030889 91579.800220 
30.824012 89436.641232 -141.941466 89970.815284 
-229.389634 84999.084316 119.212286 86082.692231 
63.962617 80349.536556 -410.189858 80903.749413 
12.092437 75253.532391 -277.881208 75497.081377 
-1010.637664 69769.052446 -547.053230 70349.239824 
290.162297 64272.707024 -112.181523 64465.411032 
173.204721 59707.182603 -81.043657 59082.960391 
0.000000 0.000000 0.000000 0.000000 
0.000000 0.000000 0.000000 0.000000 
-568.397799 503989.417067 0.000000 0.000000 
-484.734075 1009927.263808 -731.410542 997615.747217 
76.891759 984000.506206 174.593899 994719.080571 
391.704862 948726.632358 -1102.690693 956946.159559 
549.453900 904019.969920 647.164381 908321.742936 
-1001.048920 855630.172463 -588.018818 856449.484940 
2071.513098 799982.366709 1228.743751 807971.890418 
-745.227222 747127.430894 406.652735 755509.008131 
1041.346361 697218.495982 -935.162674 693549.176856 
1611.301044 645011.751087 -187.383226 649763.558380 
0.000000 0.000000 0.000000 0.000000 
-4938.233023 5726889.002645 0.000000 0.000000 
-4814.289660 11482552.488162 -512.291732 11342679.609957 
4377.933004 11250347.497010 -3791.029862 11317815.824670 
-2462.636509 10917144.169423 6221.984784 11029649.993913 
2162.380889 10485826.972401 3758.097207 10524705.719521 
3667.789112 10010780.856586 -3733.712226 9998860.272096 
-2522.757535 9425507.881531 -4119.664326 9526370.641644 
-6164.995097 8867851.512001 -2014.356941 9007905.680109 
2096.494721 8389874.686185 3107.946249 8392065.293640 
-1937.962201 7788899.378625 -1339.295030 7840673.048652 
-366.755362 7304039.626506 -109.928881 7353962.696144 
10.498380 0.003240 0.000000 0.000000 
0.000000 0.000000 0.000000 0.000000 
0.000000 0.000000 0.000000 0.000000 
0.000000 0.000000 0.000000 0.000000 
0.000000 0.000000 0.000000 0.000000 
0.000000 0.000000 0.000000 0.000000 
0.000000 0.000000 0.000000 0.000000 
0.000000 0.000000 0.000000 0.000000 
0.000000 0.000000 0.000000 0.000000 
0.000000 0.000000 0.000000 0.000000 
0.000000 0.000000 0.000000 0.000000 
0.036098 0.003246 0.000000 0.000000 
0.065669 0.004619 -0.092521 0.004617 
0.000000 0.000000 0.000000 0.000000 
0.000000 0.000000 0.000000 0.000000 
0.000000 0.000000 0.000000 0.000000 
0.000000 0.000000 0.000000 0.000000 
0.000000 0.000000 0.000000 0.000000 
0.000000 0.000000 0.000000 0.000000 
0.000000 0.000000 0.000000 0.000000 
0.000000 0.000000 0.000000 0.000000 
0.000000 0.000000 0.000000 0.000000 
9.348957 0.008785 0.000000 0.000000 
-0.289872 0.015091 -0.021387 0.015173 
-0.034907 0.012055 0.243723 0.011953 
0.000000 0.000000 0.000000 0.000000 
0.000000 0.000000 0.000000 0.000000 
0.000000 0.000000 0.000000 0.000000 
0.000000 0.000000 0.000000 0.000000 
0.000000 0.000000 0.000000 0.000000 
0.000000 0.000000 0.000000 0.000000 
0.000000 0.000000 0.000000 0.000000 
0.000000 0.000000 0.000000 0.000000 
-0.029514 0.039157 0.000000 0.000000 
0.430485 0.072663 -0.107497 0.072771 
0.105003 0.063038 0.073962 0.062743 
-0.015583 0.052607 -0.393293 0.052796 
0.000000 0.000000 0.000000 0.000000 
0.000000 0.000000 0.000000 0.000000 
0.000000 0.000000 0.000000 0.000000 
0.000000 0.000000 0.000000 0.000000 
0.000000 0.000000 0.000000 0.000000 
0.000000 0.000000 0.000000 0.000000 
0.000000 0.000000 0.000000 0.000000 
12.894412 0.232050 0.000000 0.000000 
-0.365291 0.444010 -0.933236 0.446023 
1.381640 0.407210 0.283838 0.402213 
0.626904 0.355549 -0.759369 0.357002 
-0.336368 0.310391 0.407150 0.307522 
0.000000 0.000000 0.000000 0.000000 
0.000000 0.000000 0.000000 0.000000 
0.000000 0.000000 0.000000 0.000000 
0.000000 0.000000 0.000000 0.000000 
0.000000 0.000000 0.000000 0.000000 
0.000000 0.000000 0.000000 0.000000 
-0.311499 1.643674 0.000000 0.000000 
0.646017 3.222013 -5.638405 3.213873 
1.758337 3.020434 3.382807 2.986029 
1.360330 2.736811 0.134439 2.745512 
0.325501 2.458635 -2.755133 2.442379 
-1.076105 2.175112 -2.764037 2.178067 
0.000000 0.000000 0.000000 0.000000 
0.000000 0.000000 0.000000 0.000000 
0.000000 0.000000 0.000000 0.000000 
0.000000 0.000000 0.000000 0.000000 
0.000000 0.000000 0.000000 0.000000 
23.735594 13.221808 0.000000 0.000000 
-4.608067 26.163433 7.332349 26.054521 
-0.770422 25.059593 2.797446 24.684714 
-1.208126 23.045279 2.747953 23.248065 
-3.141595 21.352681 -5.001491 21.179548 
-7.535673 19.257016 -1.813463 19.257017 
3.012507 17.441446 1.967260 17.379347 
0.000000 0.000000 0.000000 0.000000 
0.000000 0.000000 0.000000 0.000000 
0.000000 0.000000 0.000000 0.000000 
0.000000 0.000000 0.000000 0.000000 
-14.199183 116.440646 0.000000 0.000000 
-4.081693 231.071989 -27.779111 231.944354 
-2.540101 224.686733 -7.441435 221.765560 
-3.897302 209.910607 11.747309 212.356094 
9.171949 196.582897 -29.154253 197.458619 
7.001275 182.216214 -7.665197 182.135422 
-1.894756 166.751735 6.870125 166.771683 
-5.530405 152.431577 -6.819844 153.214400 
0.000000 0.000000 0.000000 0.000000 
0.000000 0.000000 0.000000 0.000000 
0.000000 0.000000 0.000000 0.000000 
21.883951 1103.338770 0.000000 0.000000 
44.157643 2187.651959 12.477114 2193.255627 
-2.857497 2151.947564 7.883617 2130.139440 
64.108266 2031.573241 -42.654661 2051.802203 
31.747083 1928.026211 7.818738 1936.948321 
-90.966245 1819.397713 37.016731 1799.291646 
-45.281239 1682.594053 -11.494769 1683.427907 
-12.453225 1556.556795 57.062953 1553.070715 
-23.288761 1437.238653 7.991807 1442.643078 
0.000000 0.000000 0.000000 0.000000 
0.000000 0.000000 0.000000 0.000000 
86.615049 11028.017198 0.000000 0.000000 
134.611674 21954.018054 99.307891 21896.679773 
-148.189345 21613.009212 -152.216766 21493.949261 
-229.183485 20729.117952 -49.224198 20874.827649 
-98.353058 19786.131363 34.462910 19798.101939 
137.656341 18895.699672 55.844712 18671.091916 
-175.745606 17577.845783 115.790116 17702.398346 
166.420398 16495.385387 -11.056668 16504.670893 
154.659042 15303.257152 137.998302 15421.209705 
115.899058 14355.786040 207.286927 14336.990337 
0.000000 0.000000 0.000000 0.000000 
167.616866 115398.199073 0.000000 0.000000 
-336.970186 229115.686842 -222.590489 229114.226920 
160.392181 227546.164294 47.485625 225545.984728 
1103.590302 218900.587102 -375.861599 221535.452649 
221.787074 211483.056534 212.432852 211265.987339 
-484.974426 202307.374489 -474.237239 200559.222524 
169.824078 190113.970926 744.677036 193191.121650 
133.753887 180104.530345 132.271954 180882.116525 
759.481980 169286.665696 -127.770409 170126.670326 
-479.693026 158835.830825 -191.295988 159262.632564 
-223.022033 148924.065871 447.453017 150136.725674 
-0.053717 0.000501 0.000000 0.000000 
0.000000 0.000000 0.000000 0.000000 
0.000000 0.000000 0.000000 0.000000 
0.000000 0.000000 0.000000 0.000000 
0.000000 0.000000 0.000000 0.000000 
0.000000 0.000000 0.000000 0.000000 
0.000000 0.000000 0.000000 0.000000 
0.000000 0.000000 0.000000 0.000000 
0.000000 0.000000 0.000000 0.000000 
0.000000 0.000000 0.000000 0.000000 
0.000000 0.000000 0.000000 0.000000 
-0.003318 0.000408 0.000000 0.000000 
0.009115 0.000582 -0.007218 0.000580 
0.000000 0.000000 0.000000 0.000000 
0.000000 0.000000 0.000000 0.000000 
0.000000 0.000000 0.000000 0.000000 
0.000000 0.000000 0.000000 0.000000 
0.000000 0.000000 0.000000 0.000000 
0.000000 0.000000 0.000000 0.000000 
0.000000 0.000000 0.000000 0.000000 
0.000000 0.000000 0.000000 0.000000 
0.000000 0.000000 0.000000 0.000000 
2.509285 0.000909 0.000000 0.000000 
-0.000870 0.001562 0.011871 0.001555 
-0.028305 0.001253 -0.036611 0.001239 
0.000000 0.000000 0.000000 0.000000 
0.000000 0.000000 0.000000 0.000000 
0.000000 0.000000 0.000000 0.000000 
0.000000 0.000000 0.000000 0.000000 
0.000000 0.000000 0.000000 0.000000 
0.000000 0.000000 0.000000 0.000000 
0.000000 0.000000 0.000000 0.000000 
0.000000 0.000000 0.000000 0.000000 
-0.025745 0.003411 0.000000 0.000000 
-0.015115 0.006322 0.047698 0.006254 
-0.114242 0.005453 0.003102 0.005442 
-0.077144 0.004583 0.129499 0.004598 
0.000000 0.000000 0.000000 0.000000 
0.000000 0.000000 0.000000 0.000000 
0.000000 0.000000 0.000000 0.000000 
0.000000 0.000000 0.000000 0.000000 
0.000000 0.000000 0.000000 0.000000 
0.000000 0.000000 0.000000 0.000000 
0.000000 0.000000 0.000000 0.000000 
3.240518 0.017341 0.000000 0.000000 
0.267967 0.033153 -0.113913 0.033033 
-0.301020 0.030047 0.166669 0.029954 
0.258188 0.026374 -0.057598 0.026643 
0.071920 0.023205 0.018426 0.022856 
0.000000 0.000000 0.000000 0.000000 
0.000000 0.000000 0.000000 0.000000 
0.000000 0.000000 0.000000 0.000000 
0.000000 0.000000 0.000000 0.000000 
0.000000 0.000000 0.000000 0.000000 
0.000000 0.000000 0.000000 0.000000 
-0.097008 0.107168 0.000000 0.000000 
-0.456170 0.210688 0.317832 0.208605 
-0.279719 0.194750 -0.850838 0.193996 
-0.789192 0.177365 -0.141184 0.178148 
-0.693886 0.159944 -0.477780 0.158630 
0.514253 0.141067 -0.109120 0.141679 
0.000000 0.000000 0.000000 0.000000 
0.000000 0.000000 0.000000 0.000000 
0.000000 0.000000 0.000000 0.000000 
0.000000 0.000000 0.000000 0.000000 
0.000000 0.000000 0.000000 0.000000 
5.866934 0.766993 0.000000 0.000000 
1.792506 1.512641 0.251816 1.498026 
-0.336982 1.437269 0.507900 1.427534 
0.198626 1.324452 -0.293165 1.329202 
-0.613089 1.229831 -0.400573 1.219740 
-0.135612 1.107314 1.061495 1.111129 
-1.063261 1.007275 0.865818 0.994460 
0.000000 0.000000 0.000000 0.000000 
0.000000 0.000000 0.000000 0.000000 
0.000000 0.000000 0.000000 0.000000 
0.000000 0.000000 0.000000 0.000000 
-2.080374 6.068353 0.000000 0.000000 
2.430553 12.000397 -2.379291 11.988680 
1.794227 11.546341 -2.855839 11.508607 
-3.417068 10.820628 -2.926780 10.967130 
-3.174503 10.162852 -0.695292 10.117518 
5.535311 9.415703 -5.200319 9.445038 
2.128066 8.656170 -1.616626 8.574955 
3.724730 7.818598 1.879412 7.939240 
0.000000 0.000000 0.000000 0.000000 
0.000000 0.000000 0.000000 0.000000 
0.000000 0.000000 0.000000 0.000000 
14.375667 52.038200 0.000000 0.000000 
-1.469646 103.342469 -13.642114 103.190298 
-5.183913 100.106132 -1.271793 100.028041 
6.030599 95.162118 -0.462419 96.037192 
28.406496 90.507312 2.140642 90.095279 
2.676334 84.945422 -7.122170 84.098490 
16.860479 79.398230 -5.937256 78.753408 
-5.084617 72.587304 8.442152 72.996140 
10.502879 67.349991 3.769074 67.276247 
0.000000 0.000000 0.000000 0.000000 
0.000000 0.000000 0.000000 0.000000 
7.810099 475.547515 0.000000 0.000000 
18.084804 948.962357 -51.628405 943.742916 
15.013372 921.965160 9.161367 923.502194 
24.746555 887.669790 -1.095042 889.086335 
-32.399214 850.268010 18.626624 845.154075 
5.761873 806.837592 34.391217 797.235021 
-0.221553 753.567502 -44.132657 755.509823 
-42.522156 705.864752 16.319814 713.053869 
4.531356 657.333274 -3.588827 657.541327 
-2.036140 613.526553 -50.327908 613.810036 
0.000000 0.000000 0.000000 0.000000 
65.678492 4585.492386 0.000000 0.000000 
220.144070 9139.566912 23.441956 9082.899030 
147.456905 8950.760406 -75.937876 8954.721804 
96.503909 8638.855484 95.707591 8670.095146 
41.048538 8354.942569 122.517782 8296.502480 
148.432576 7996.455923 -6.976518 7893.857262 
40.824128 7498.804799 26.272712 7571.448107 
-25.656976 7106.119319 17.407925 7135.688622 
59.116969 6743.827673 90.769630 6705.208974 
88.932771 6253.574985 75.724709 6282.823798 
-49.811709 5872.732178 12.594404 5922.104569 
-0.529426 0.000132 0.000000 0.000000 
0.000000 0.000000 0.000000 0.000000 
0.000000 0.000000 0.000000 0.000000 
0.000000 0.000000 0.000000 0.000000 
0.000000 0.000000 0.000000 0.000000 
0.000000 0.000000 0.000000 0.000000 
0.000000 0.000000 0.000000 0.000000 
0.000000 0.000000 0.000000 0.000000 
0.000000 0.000000 0.000000 0.000000 
0.000000 0.000000 0.000000 0.000000 
0.000000 0.000000 0.000000 0.000000 
-0.005845 0.000076 0.000000 0.000000 
-0.011737 0.000109 0.014765 0.000109 
0.000000 0.000000 0.000000 0.000000 
0.000000 0.000000 0.000000 0.000000 
0.000000 0.000000 0.000000 0.000000 
0.000000 0.000000 0.000000 0.000000 
0.000000 0.000000 0.000000 0.000000 
0.000000 0.000000 0.000000 0.000000 
0.000000 0.000000 0.000000 0.000000 
0.000000 0.000000 0.000000 0.000000 
0.000000 0.000000 0.000000 0.000000 
0.673553 0.000137 0.000000 0.000000 
0.022023 0.000234 -0.048553 0.000234 
0.006082 0.000189 -0.005086 0.000188 
0.000000 0.000000 0.000000 0.000000 
0.000000 0.000000 0.000000 0.000000 
0.000000 0.000000 0.000000 0.000000 
0.000000 0.000000 0.000000 0.000000 
0.000000 0.000000 0.000000 0.000000 
0.000000 0.000000 0.000000 0.000000 
0.000000 0.000000 0.000000 0.000000 
0.000000 0.000000 0.000000 0.000000 
0.009167 0.000429 0.000000 0.000000 
-0.019432 0.000793 0.002731 0.000790 
-0.055726 0.000688 0.018552 0.000686 
0.029518 0.000585 0.033153 0.000585 
0.000000 0.000000 0.000000 0.000000 
0.000000 0.000000 0.000000 0.000000 
0.000000 0.000000 0.000000 0.000000 
0.000000 0.000000 0.000000 0.000000 
0.000000 0.000000 0.000000 0.000000 
0.000000 0.000000 0.000000 0.000000 
0.000000 0.000000 0.000000 0.000000 
0.865283 0.001873 0.000000 0.000000 
0.087818 0.003590 0.059624 0.003586 
-0.057353 0.003252 -0.018415 0.003244 
0.098193 0.002879 -0.046389 0.002886 
-0.037589 0.002535 0.041983 0.002529 
0.000000 0.000000 0.000000 0.000000 
0.000000 0.000000 0.000000 0.000000 
0.000000 0.000000 0.000000 0.000000 
0.000000 0.000000 0.000000 0.000000 
0.000000 0.000000 0.000000 0.000000 
0.000000 0.000000 0.000000 0.000000 
0.055548 0.010142 0.000000 0.000000 
0.185932 0.019966 0.189268 0.019876 
0.286907 0.018540 0.158723 0.018423 
0.150442 0.016839 0.091816 0.016927 
0.104789 0.015220 -0.141100 0.015191 
0.166312 0.013545 -0.050147 0.013665 
0.000000 0.000000 0.000000 0.000000 
0.000000 0.000000 0.000000 0.000000 
0.000000 0.000000 0.000000 0.000000 
0.000000 0.000000 0.000000 0.000000 
0.000000 0.000000 0.000000 0.000000 
1.086450 0.064415 0.000000 0.000000 
0.161721 0.127638 -0.347351 0.127181 
-0.507543 0.121515 -0.386174 0.120720 
0.848458 0.112024 -0.170779 0.112512 
-0.428863 0.103574 0.040629 0.103495 
0.263216 0.093722 0.168910 0.094669 
0.075985 0.085644 0.152704 0.085134 
0.000000 0.000000 0.000000 0.000000 
0.000000 0.000000 0.000000 0.000000 
0.000000 0.000000 0.000000 0.000000 
0.000000 0.000000 0.000000 0.000000 
-0.723151 0.458999 0.000000 0.000000 
0.434067 0.912687 -0.738248 0.911397 
0.279515 0.879901 1.973489 0.878649 
-0.652214 0.823332 -0.502251 0.833822 
-1.778879 0.773496 -0.422400 0.771966 
-1.169871 0.716461 -0.690060 0.718635 
0.422240 0.659291 -1.303833 0.656673 
0.887078 0.601306 -1.019795 0.603948 
0.000000 0.000000 0.000000 0.000000 
0.000000 0.000000 0.000000 0.000000 
0.000000 0.000000 0.000000 0.000000 
1.985732 3.587076 0.000000 0.000000 
-5.252128 7.102707 -2.716860 7.124712 
2.240934 6.958732 3.986145 6.930558 
1.677972 6.584584 -2.788908 6.646860 
-2.135015 6.250681 1.571724 6.232131 
-0.903733 5.884625 3.097822 5.830222 
2.542380 5.490219 -0.609157 5.442404 
-1.061278 5.045527 0.499254 5.048026 
0.167280 4.643728 -0.716606 4.679739 
0.000000 0.000000 0.000000 0.000000 
0.000000 0.000000 0.000000 0.000000 
1.564795 30.030225 0.000000 0.000000 
-0.612369 59.723261 1.357474 59.783625 
1.533541 58.391406 4.033413 58.612809 
-7.144435 56.378529 -7.471760 56.613056 
-14.152873 53.853065 -2.277722 53.411849 
-2.544354 51.065729 -10.434487 50.593279 
0.658554 47.984335 14.066128 47.870886 
-3.027581 44.637940 0.493359 45.182890 
0.662948 41.561234 -4.350906 41.876772 
-13.262617 38.998206 -10.565398 38.637010 
0.000000 0.000000 0.000000 0.000000 
24.412959 267.522489 0.000000 0.000000 
-34.410198 529.115668 -13.429680 531.332993 
-21.241671 522.921493 33.206942 523.883107 
2.014116 505.453369 -40.226073 508.262227 
-26.689134 489.991305 27.408177 485.405200 
7.647453 465.107998 -21.999358 460.964684 
3.272082 440.640190 30.199554 441.734293 
-43.080221 416.382678 -23.524985 418.121658 
-7.761249 391.878858 -15.558584 393.154686 
-9.575304 368.011534 -12.485117 365.275529 
-22.779600 341.154335 9.771324 345.480474 
-0.593713 0.000047 0.000000 0.000000 
0.000000 0.000000 0.000000 0.000000 
0.000000 0.000000 0.000000 0.000000 
0.000000 0.000000 0.000000 0.000000 
0.000000 0.000000 0.000000 0.000000 
0.000000 0.000000 0.000000 0.000000 
0.000000 0.000000 0.000000 0.000000 
0.000000 0.000000 0.000000 0.000000 
0.000000 0.000000 0.000000 0.000000 
0.000000 0.000000 0.000000 0.000000 
0.000000 0.000000 0.000000 0.000000 
0.001968 0.000019 0.000000 0.000000 
0.006413 0.000027 0.008266 0.000027 
0.000000 0.000000 0.000000 0.000000 
0.000000 0.000000 0.000000 0.000000 
0.000000 0.000000 0.000000 0.000000 
0.000000 0.000000 0.000000 0.000000 
0.000000 0.000000 0.000000 0.000000 
0.000000 0.000000 0.000000 0.000000 
0.000000 0.000000 0.000000 0.000000 
0.000000 0.000000 0.000000 0.000000 
0.000000 0.000000 0.000000 0.000000 
0.231286 0.000027 0.000000 0.000000 
-0.009833 0.000046 0.004356 0.000046 
0.006925 0.000036 -0.013028 0.000036 
0.000000 0.000000 0.000000 0.000000 
0.000000 0.000000 0.000000 0.000000 
0.000000 0.000000 0.000000 0.000000 
0.000000 0.000000 0.000000 0.000000 
0.000000 0.000000 0.000000 0.000000 
0.000000 0.000000 0.000000 0.000000 
0.000000 0.000000 0.000000 0.000000 
0.000000 0.000000 0.000000 0.000000 
0.001460 0.000070 0.000000 0.000000 
-0.015453 0.000129 0.008183 0.000129 
-0.014496 0.000111 0.016411 0.000112 
-0.008071 0.000095 -0.005358 0.000095 
0.000000 0.000000 0.000000 0.000000 
0.000000 0.000000 0.000000 0.000000 
0.000000 0.000000 0.000000 0.000000 
0.000000 0.000000 0.000000 0.000000 
0.000000 0.000000 0.000000 0.000000 
0.000000 0.000000 0.000000 0.000000 
0.000000 0.000000 0.000000 0.000000 
0.340109 0.000263 0.000000 0.000000 
-0.009763 0.000501 -0.042025 0.000501 
0.041606 0.000453 -0.012367 0.000454 
0.007689 0.000405 0.039062 0.000402 
0.023346 0.000356 0.004240 0.000356 
0.000000 0.000000 0.000000 0.000000 
0.000000 0.000000 0.000000 0.000000 
0.000000 0.000000 0.000000 0.000000 
0.000000 0.000000 0.000000 0.000000 
0.000000 0.000000 0.000000 0.000000 
0.000000 0.000000 0.000000 0.000000 
-0.004556 0.001252 0.000000 0.000000 
-0.018216 0.002458 -0.064897 0.002436 
-0.019831 0.002264 0.036577 0.002259 
-0.019413 0.002077 0.053006 0.002067 
-0.030131 0.001877 0.000479 0.001875 
-0.026009 0.001687 -0.030836 0.001694 
0.000000 0.000000 0.000000 0.000000 
0.000000 0.000000 0.000000 0.000000 
0.000000 0.000000 0.000000 0.000000 
0.000000 0.000000 0.000000 0.000000 
0.000000 0.000000 0.000000 0.000000 
0.587092 0.007112 0.000000 0.000000 
-0.085077 0.014010 -0.045027 0.013861 
0.229640 0.013277 0.209174 0.013244 
0.008166 0.012248 0.030362 0.012246 
-0.220810 0.011342 0.013511 0.011359 
0.005436 0.010361 0.069977 0.010403 
-0.026139 0.009529 0.017458 0.009456 
0.000000 0.000000 0.000000 0.000000 
0.000000 0.000000 0.000000 0.000000 
0.000000 0.000000 0.000000 0.000000 
0.000000 0.000000 0.000000 0.000000 
-0.024861 0.045540 0.000000 0.000000 
-0.081764 0.090825 -0.297164 0.090056 
-0.033424 0.086673 -0.285827 0.086523 
0.063374 0.081625 -0.156243 0.082269 
-0.133088 0.076023 -0.149401 0.076075 
0.109302 0.070926 0.753082 0.071194 
-0.020922 0.065486 0.113684 0.065416 
0.132790 0.060764 -0.324566 0.060190 
0.000000 0.000000 0.000000 0.000000 
0.000000 0.000000 0.000000 0.000000 
0.000000 0.000000 0.000000 0.000000 
1.190396 0.323230 0.000000 0.000000 
-1.083503 0.645021 0.406605 0.642564 
-0.320460 0.624761 -1.418711 0.623050 
0.227666 0.593845 0.183429 0.596010 
-1.718635 0.562528 1.409420 0.561953 
-0.035573 0.528025 -0.521688 0.522110 
-0.851537 0.496095 1.760826 0.490566 
-0.909730 0.457023 -0.671243 0.456666 
1.236530 0.424353 0.145046 0.426800 
0.000000 0.000000 0.000000 0.000000 
0.000000 0.000000 0.000000 0.000000 
-1.529828 2.491578 0.000000 0.000000 
1.390757 4.960522 -3.902715 4.925883 
1.696901 4.842224 -1.483123 4.860584 
-0.298212 4.660252 2.264246 4.643411 
0.778396 4.448436 2.307915 4.433334 
3.136571 4.215254 0.909336 4.179795 
2.695900 3.960590 -1.227790 3.931659 
2.336174 3.696527 -0.286628 3.743614 
-0.842414 3.441985 2.730893 3.481307 
-0.409443 3.254311 -2.003535 3.237704 
0.000000 0.000000 0.000000 0.000000 
-1.055050 20.524590 0.000000 0.000000 
6.242375 40.487849 4.764036 40.456778 
3.132253 40.053182 -5.487472 40.170110 
10.842624 38.783979 4.711470 38.644267 
-6.904818 37.281710 3.558760 37.064459 
-1.353916 35.593783 -3.988262 35.342381 
3.853300 33.655499 -7.252289 33.582550 
-4.667623 31.716501 -3.047375 31.834219 
-4.555789 29.890702 -0.966204 30.149789 
1.051520 28.167881 10.101285 27.967206 
-5.064775 26.504987 -18.413643 26.419221 
-0.266393 0.000020 0.000000 0.000000 
0.000000 0.000000 0.000000 0.000000 
0.000000 0.000000 0.000000 0.000000 
0.000000 0.000000 0.000000 0.000000 
0.000000 0.000000 0.000000 0.000000 
0.000000 0.000000 0.000000 0.000000 
0.000000 0.000000 0.000000 0.000000 
0.000000 0.000000 0.000000 0.000000 
0.000000 0.000000 0.000000 0.000000 
0.000000 0.000000 0.000000 0.000000 
0.000000 0.000000 0.000000 0.000000 
-0.003454 0.000006 0.000000 0.000000 
-0.003127 0.000008 -0.001371 0.000008 
0.000000 0.000000 0.000000 0.000000 
0.000000 0.000000 0.000000 0.000000 
0.000000 0.000000 0.000000 0.000000 
0.000000 0.000000 0.000000 0.000000 
0.000000 0.000000 0.000000 0.000000 
0.000000 0.000000 0.000000 0.000000 
0.000000 0.000000 0.000000 0.000000 
0.000000 0.000000 0.000000 0.000000 
0.000000 0.000000 0.000000 0.000000 
0.067478 0.000006 0.000000 0.000000 
-0.003828 0.000011 0.000613 0.000011 
0.000320 0.000009 -0.000767 0.000009 
0.000000 0.000000 0.000000 0.000000 
0.000000 0.000000 0.000000 0.000000 
0.000000 0.000000 0.000000 0.000000 
0.000000 0.000000 0.000000 0.000000 
0.000000 0.000000 0.000000 0.000000 
0.000000 0.000000 0.000000 0.000000 
0.000000 0.000000 0.000000 0.000000 
0.000000 0.000000 0.000000 0.000000 
-0.003705 0.000014 0.000000 0.000000 
-0.006139 0.000026 0.000998 0.000026 
-0.001894 0.000022 0.002451 0.000022 
0.002708 0.000019 0.001356 0.000019 
0.000000 0.000000 0.000000 0.000000 
0.000000 0.000000 0.000000 0.000000 
0.000000 0.000000 0.000000 0.000000 
0.000000 0.000000 0.000000 0.000000 
0.000000 0.000000 0.000000 0.000000 
0.000000 0.000000 0.000000 0.000000 
0.000000 0.000000 0.000000 0.000000 
0.117786 0.000045 0.000000 0.000000 
-0.010927 0.000085 -0.019625 0.000086 
0.007443 0.000078 -0.007529 0.000078 
-0.000968 0.000069 0.002006 0.000069 
0.007462 0.000060 0.004646 0.000060 
0.000000 0.000000 0.000000 0.000000 
0.000000 0.000000 0.000000 0.000000 
0.000000 0.000000 0.000000 0.000000 
0.000000 0.000000 0.000000 0.000000 
0.000000 0.000000 0.000000 0.000000 
0.000000 0.000000 0.000000 0.000000 
0.008564 0.000187 0.000000 0.000000 
-0.008115 0.000367 0.005461 0.000366 
-0.004435 0.000340 -0.008940 0.000339 
-0.004376 0.000312 -0.013795 0.000310 
0.027616 0.000281 -0.011303 0.000282 
-0.007088 0.000252 0.002353 0.000253 
0.000000 0.000000 0.000000 0.000000 
0.000000 0.000000 0.000000 0.000000 
0.000000 0.000000 0.000000 0.000000 
0.000000 0.000000 0.000000 0.000000 
0.000000 0.000000 0.000000 0.000000 
0.167221 0.000947 0.000000 0.000000 
0.039432 0.001870 -0.010260 0.001864 
-0.026041 0.001772 -0.004892 0.001768 
-0.063898 0.001642 0.041342 0.001637 
0.030421 0.001521 0.021351 0.001526 
0.030360 0.001390 -0.043770 0.001402 
-0.009170 0.001278 0.014015 0.001269 
0.000000 0.000000 0.000000 0.000000 
0.000000 0.000000 0.000000 0.000000 
0.000000 0.000000 0.000000 0.000000 
0.000000 0.000000 0.000000 0.000000 
-0.021666 0.005503 0.000000 0.000000 
-0.019349 0.010923 -0.073832 0.010919 
-0.022810 0.010462 0.240068 0.010482 
-0.130052 0.009835 -0.063651 0.009916 
0.125647 0.009190 0.064309 0.009220 
-0.030579 0.008620 -0.236620 0.008646 
-0.045254 0.007995 0.096286 0.007963 
0.034157 0.007359 -0.038714 0.007371 
0.000000 0.000000 0.000000 0.000000 
0.000000 0.000000 0.000000 0.000000 
0.000000 0.000000 0.000000 0.000000 
0.314750 0.035724 0.000000 0.000000 
-0.060117 0.070976 0.168598 0.070803 
-0.020927 0.068922 -0.111002 0.068743 
-0.168257 0.065420 0.285050 0.065504 
0.054875 0.061918 -0.237106 0.061852 
-0.686907 0.058304 -0.501102 0.057670 
0.029645 0.055018 -0.186871 0.054478 
0.277497 0.050825 -0.262643 0.050966 
-0.085950 0.047166 0.104630 0.047648 
0.000000 0.000000 0.000000 0.000000 
0.000000 0.000000 0.000000 0.000000 
0.481023 0.252808 0.000000 0.000000 
-0.163622 0.503491 -0.039610 0.500462 
0.031556 0.490404 0.267617 0.492128 
-0.213923 0.472436 -0.615177 0.469981 
-0.277073 0.449219 1.073652 0.449429 
0.764095 0.427544 0.418440 0.422657 
-0.701358 0.401110 0.579198 0.399947 
-0.005653 0.378580 0.269740 0.381326 
1.096748 0.353025 -0.317525 0.356350 
-0.117511 0.333878 0.501196 0.331697 
0.000000 0.000000 0.000000 0.000000 
1.299930 1.925575 0.000000 0.000000 
1.798742 3.823077 -1.996943 3.796071 
-2.724887 3.760068 -3.782078 3.762424 
-0.152408 3.641812 4.021099 3.613300 
0.408724 3.484925 -1.950250 3.482118 
1.492577 3.345234 -1.273007 3.305882 
-2.290293 3.152441 -2.236905 3.145367 
2.594621 2.978603 1.404158 2.991157 
-0.058067 2.823581 1.846788 2.855345 
-0.331982 2.668465 -0.347020 2.650565 
0.463679 2.516598 2.798114 2.504609 
-0.143320 0.000010 0.000000 0.000000 
0.000000 0.000000 0.000000 0.000000 
0.000000 0.000000 0.000000 0.000000 
0.000000 0.000000 0.000000 0.000000 
0.000000 0.000000 0.000000 0.000000 
0.000000 0.000000 0.000000 0.000000 
0.000000 0.000000 0.000000 0.000000 
0.000000 0.000000 0.000000 0.000000 
0.000000 0.000000 0.000000 0.000000 
0.000000 0.000000 0.000000 0.000000 
0.000000 0.000000 0.000000 0.000000 
0.000605 0.000002 0.000000 0.000000 
-0.001908 0.000003 0.000852 0.000003 
0.000000 0.000000 0.000000 0.000000 
0.000000 0.000000 0.000000 0.000000 
0.000000 0.000000 0.000000 0.000000 
0.000000 0.000000 0.000000 0.000000 
0.000000 0.000000 0.000000 0.000000 
0.000000 0.000000 0.000000 0.000000 
0.000000 0.000000 0.000000 0.000000 
0.000000 0.000000 0.000000 0.000000 
0.000000 0.000000 0.000000 0.000000 
0.018940 0.000002 0.000000 0.000000 
0.003174 0.000003 0.003150 0.000003 
-0.002294 0.000002 -0.000271 0.000002 
0.000000 0.000000 0.000000 0.000000 
0.000000 0.000000 0.000000 0.000000 
0.000000 0.000000 0.000000 0.000000 
0.000000 0.000000 0.000000 0.000000 
0.000000 0.000000 0.000000 0.000000 
0.000000 0.000000 0.000000 0.000000 
0.000000 0.000000 0.000000 0.000000 
0.000000 0.000000 0.000000 0.000000 
0.003300 0.000003 0.000000 0.000000 
0.005227 0.000006 -0.000714 0.000006 
0.002905 0.000005 -0.000180 0.000005 
-0.001620 0.000004 -0.000656 0.000004 
0.000000 0.000000 0.000000 0.000000 
0.000000 0.000000 0.000000 0.000000 
0.000000 0.000000 0.000000 0.000000 
0.000000 0.000000 0.000000 0.000000 
0.000000 0.000000 0.000000 0.000000 
0.000000 0.000000 0.000000 0.000000 
0.000000 0.000000 0.000000 0.000000 
0.045007 0.000009 0.000000 0.000000 
-0.006649 0.000017 0.004397 0.000017 
-0.002067 0.000015 -0.000123 0.000015 
-0.002220 0.000014 0.006602 0.000014 
-0.006844 0.000012 -0.001379 0.000012 
0.000000 0.000000 0.000000 0.000000 
0.000000 0.000000 0.000000 0.000000 
0.000000 0.000000 0.000000 0.000000 
0.000000 0.000000 0.000000 0.000000 
0.000000 0.000000 0.000000 0.000000 
0.000000 0.000000 0.000000 0.000000 
0.000888 0.000033 0.000000 0.000000 
0.009348 0.000064 0.000653 0.000064 
0.012863 0.000060 -0.001463 0.000060 
0.002025 0.000054 0.001946 0.000054 
0.011368 0.000049 0.002595 0.000049 
0.001689 0.000044 -0.016447 0.000044 
0.000000 0.000000 0.000000 0.000000 
0.000000 0.000000 0.000000 0.000000 
0.000000 0.000000 0.000000 0.000000 
0.000000 0.000000 0.000000 0.000000 
0.000000 0.000000 0.000000 0.000000 
0.051111 0.000149 0.000000 0.000000 
-0.014723 0.000293 0.005404 0.000293 
-0.005621 0.000279 -0.020545 0.000277 
-0.005254 0.000257 0.040975 0.000257 
0.003934 0.000238 0.013675 0.000238 
-0.019417 0.000216 0.011483 0.000219 
0.008400 0.000200 -0.000280 0.000198 
0.000000 0.000000 0.000000 0.000000 
0.000000 0.000000 0.000000 0.000000 
0.000000 0.000000 0.000000 0.000000 
0.000000 0.000000 0.000000 0.000000 
0.021016 0.000780 0.000000 0.000000 
0.061119 0.001545 -0.039784 0.001552 
-0.023923 0.001489 -0.015568 0.001485 
-0.002446 0.001395 0.109247 0.001406 
0.065121 0.001308 -0.008522 0.001308 
0.029271 0.001219 -0.012118 0.001231 
0.035450 0.001134 0.012924 0.001125 
-0.003332 0.001039 -0.017141 0.001050 
0.000000 0.000000 0.000000 0.000000 
0.000000 0.000000 0.000000 0.000000 
0.000000 0.000000 0.000000 0.000000 
0.016158 0.004634 0.000000 0.000000 
0.006056 0.009155 -0.105638 0.009157 
-0.038984 0.008937 0.048265 0.008949 
0.045471 0.008451 0.028868 0.008484 
-0.048688 0.008004 0.079923 0.008033 
-0.037125 0.007579 0.104878 0.007502 
0.108574 0.007144 0.002690 0.007071 
0.042312 0.006590 0.077185 0.006622 
-0.096126 0.006143 -0.102466 0.006188 
0.000000 0.000000 0.000000 0.000000 
0.000000 0.000000 0.000000 0.000000 
0.097395 0.030188 0.000000 0.000000 
-0.361536 0.059859 0.047253 0.059565 
-0.256763 0.058414 0.487798 0.058845 
0.015228 0.056376 0.346317 0.056113 
0.210489 0.053181 -0.404686 0.053555 
0.001543 0.051026 -0.012281 0.050589 
0.002376 0.048100 -0.117753 0.047805 
-0.286500 0.045359 -0.190994 0.045515 
-0.052048 0.042305 0.016806 0.042682 
-0.139352 0.040138 0.078609 0.039732 
0.000000 0.000000 0.000000 0.000000 
-0.266570 0.212452 0.000000 0.000000 
-0.103683 0.421870 0.655969 0.420455 
-1.163349 0.413736 0.238165 0.415092 
1.618101 0.402339 0.070543 0.401048 
0.524670 0.383114 0.367219 0.383340 
-0.828458 0.369264 0.462364 0.363380 
-0.397784 0.349265 0.531035 0.348700 
-0.959272 0.330652 -0.778396 0.330475 
-0.370984 0.312356 -0.564700 0.316805 
-0.715414 0.296551 0.087115 0.294653 
-0.850614 0.278703 0.833581 0.280048 
-0.054550 0.000005 0.000000 0.000000 
0.000000 0.000000 0.000000 0.000000 
0.000000 0.000000 0.000000 0.000000 
0.000000 0.000000 0.000000 0.000000 
0.000000 0.000000 0.000000 0.000000 
0.000000 0.000000 0.000000 0.000000 
0.000000 0.000000 0.000000 0.000000 
0.000000 0.000000 0.000000 0.000000 
0.000000 0.000000 0.000000 0.000000 
0.000000 0.000000 0.000000 0.000000 
0.000000 0.000000 0.000000 0.000000 
0.000188 0.000001 0.000000 0.000000 
0.002143 0.000001 -0.001296 0.000001 
0.000000 0.000000 0.000000 0.000000 
0.000000 0.000000 0.000000 0.000000 
0.000000 0.000000 0.000000 0.000000 
0.000000 0.000000 0.000000 0.000000 
0.000000 0.000000 0.000000 0.000000 
0.000000 0.000000 0.000000 0.000000 
0.000000 0.000000 0.000000 0.000000 
0.000000 0.000000 0.000000 0.000000 
0.000000 0.000000 0.000000 0.000000 
-0.001323 0.000001 0.000000 0.000000 
-0.000720 0.000001 0.001067 0.000001 
0.001085 0.000001 -0.000775 0.000001 
0.000000 0.000000 0.000000 0.000000 
0.000000 0.000000 0.000000 0.000000 
0.000000 0.000000 0.000000 0.000000 
0.000000 0.000000 0.000000 0.000000 
0.000000 0.000000 0.000000 0.000000 
0.000000 0.000000 0.000000 0.000000 
0.000000 0.000000 0.000000 0.000000 
0.000000 0.000000 0.000000 0.000000 
-0.000311 0.000001 0.000000 0.000000 
-0.000541 0.000002 0.003433 0.000002 
0.001011 0.000001 -0.000055 0.000001 
-0.002474 0.000001 -0.000736 0.000001 
0.000000 0.000000 0.000000 0.000000 
0.000000 0.000000 0.000000 0.000000 
0.000000 0.000000 0.000000 0.000000 
0.000000 0.000000 0.000000 0.000000 
0.000000 0.000000 0.000000 0.000000 
0.000000 0.000000 0.000000 0.000000 
0.000000 0.000000 0.000000 0.000000 
0.015104 0.000002 0.000000 0.000000 
0.002748 0.000004 -0.002665 0.000004 
0.000134 0.000004 -0.006050 0.000003 
0.000564 0.000003 -0.000187 0.000003 
-0.002624 0.000003 0.000700 0.000003 
0.000000 0.000000 0.000000 0.000000 
0.000000 0.000000 0.000000 0.000000 
0.000000 0.000000 0.000000 0.000000 
0.000000 0.000000 0.000000 0.000000 
0.000000 0.000000 0.000000 0.000000 
0.000000 0.000000 0.000000 0.000000 
-0.002313 0.000007 0.000000 0.000000 
0.001988 0.000013 0.003521 0.000013 
0.002548 0.000012 -0.003470 0.000012 
0.002139 0.000011 -0.003194 0.000011 
-0.001663 0.000010 0.001940 0.000010 
0.001236 0.000009 0.004285 0.000009 
0.000000 0.000000 0.000000 0.000000 
0.000000 0.000000 0.000000 0.000000 
0.000000 0.000000 0.000000 0.000000 
0.000000 0.000000 0.000000 0.000000 
0.000000 0.000000 0.000000 0.000000 
0.011945 0.000027 0.000000 0.000000 
0.009776 0.000052 -0.004882 0.000052 
0.018313 0.000050 -0.000053 0.000050 
0.006018 0.000046 -0.005011 0.000046 
-0.007697 0.000042 0.004610 0.000043 
-0.006909 0.000038 0.001764 0.000039 
-0.000152 0.000036 0.000362 0.000035 
0.000000 0.000000 0.000000 0.000000 
0.000000 0.000000 0.000000 0.000000 
0.000000 0.000000 0.000000 0.000000 
0.000000 0.000000 0.000000 0.000000 
0.017915 0.000127 0.000000 0.000000 
-0.013065 0.000250 0.006017 0.000252 
0.003989 0.000242 -0.025043 0.000240 
0.013516 0.000226 -0.007025 0.000228 
0.004193 0.000211 -0.002669 0.000212 
0.007387 0.000197 0.011262 0.000199 
-0.007374 0.000184 -0.001261 0.000181 
-0.018060 0.000168 0.007108 0.000170 
0.000000 0.000000 0.000000 0.000000 
0.000000 0.000000 0.000000 0.000000 
0.000000 0.000000 0.000000 0.000000 
0.018810 0.000688 0.000000 0.000000 
0.025106 0.001354 -0.041449 0.001364 
0.027149 0.001324 0.006077 0.001325 
-0.020026 0.001259 0.042262 0.001262 
0.036201 0.001188 -0.023985 0.001191 
-0.014019 0.001121 -0.016796 0.001114 
-0.048788 0.001062 0.001383 0.001049 
0.009933 0.000976 0.007949 0.000981 
0.075849 0.000916 0.044063 0.000912 
0.000000 0.000000 0.000000 0.000000 
0.000000 0.000000 0.000000 0.000000 
0.011034 0.004121 0.000000 0.000000 
0.059530 0.008196 0.056717 0.008179 
0.277844 0.007985 0.058168 0.008023 
-0.085003 0.007741 -0.032729 0.007702 
-0.128616 0.007315 -0.032169 0.007321 
0.155584 0.006967 -0.166933 0.006942 
-0.052930 0.006599 0.079088 0.006561 
0.027041 0.006214 0.073447 0.006281 
-0.019585 0.005812 0.059965 0.005842 
0.185340 0.005509 0.107907 0.005457 
0.000000 0.000000 0.000000 0.000000 
0.117227 0.026952 0.000000 0.000000 
-0.177434 0.053516 0.094670 0.053454 
0.043672 0.052537 0.131295 0.052779 
-0.112202 0.051189 -0.329598 0.050867 
0.046320 0.048900 0.220844 0.048872 
-0.034592 0.046828 -0.322487 0.046187 
0.139532 0.044544 0.072745 0.044383 
-0.198901 0.042120 0.453337 0.042349 
-0.029985 0.040179 -0.124835 0.040301 
0.049479 0.037621 0.340523 0.037853 
-0.225290 0.035597 -0.447796 0.035830 
0.003282 0.000003 0.000000 0.000000 
0.000000 0.000000 0.000000 0.000000 
0.000000 0.000000 0.000000 0.000000 
0.000000 0.000000 0.000000 0.000000 
0.000000 0.000000 0.000000 0.000000 
0.000000 0.000000 0.000000 0.000000 
0.000000 0.000000 0.000000 0.000000 
0.000000 0.000000 0.000000 0.000000 
0.000000 0.000000 0.000000 0.000000 
0.000000 0.000000 0.000000 0.000000 
0.000000 0.000000 0.000000 0.000000 
-0.000322 0.000000 0.000000 0.000000 
0.000335 0.000000 0.000704 0.000000 
0.000000 0.000000 0.000000 0.000000 
0.000000 0.000000 0.000000 0.000000 
0.000000 0.000000 0.000000 0.000000 
0.000000 0.000000 0.000000 0.000000 
0.000000 0.000000 0.000000 0.000000 
0.000000 0.000000 0.000000 0.000000 
0.000000 0.000000 0.000000 0.000000 
0.000000 0.000000 0.000000 0.000000 
0.000000 0.000000 0.000000 0.000000 
-0.002488 0.000000 0.000000 0.000000 
-0.000587 0.000000 -0.000309 0.000000 
0.000071 0.000000 0.000169 0.000000 
0.000000 0.000000 0.000000 0.000000 
0.000000 0.000000 0.000000 0.000000 
0.000000 0.000000 0.000000 0.000000 
0.000000 0.000000 0.000000 0.000000 
0.000000 0.000000 0.000000 0.000000 
0.000000 0.000000 0.000000 0.000000 
0.000000 0.000000 0.000000 0.000000 
0.000000 0.000000 0.000000 0.000000 
-0.000441 0.000000 0.000000 0.000000 
-0.000854 0.000000 -0.001357 0.000000 
0.000893 0.000000 -0.000083 0.000000 
0.000864 0.000000 0.000196 0.000000 
0.000000 0.000000 0.000000 0.000000 
0.000000 0.000000 0.000000 0.000000 
0.000000 0.000000 0.000000 0.000000 
0.000000 0.000000 0.000000 0.000000 
0.000000 0.000000 0.000000 0.000000 
0.000000 0.000000 0.000000 0.000000 
0.000000 0.000000 0.000000 0.000000 
0.006110 0.000001 0.000000 0.000000 
-0.000612 0.000001 0.001582 0.000001 
0.000631 0.000001 0.000739 0.000001 
0.000181 0.000001 -0.001061 0.000001 
-0.001546 0.000001 0.000514 0.000001 
0.000000 0.000000 0.000000 0.000000 
0.000000 0.000000 0.000000 0.000000 
0.000000 0.000000 0.000000 0.000000 
0.000000 0.000000 0.000000 0.000000 
0.000000 0.000000 0.000000 0.000000 
0.000000 0.000000 0.000000 0.000000 
-0.000772 0.000001 0.000000 0.000000 
-0.001932 0.000003 0.001476 0.000003 
-0.001632 0.000003 0.000731 0.000003 
-0.003153 0.000002 0.000894 0.000002 
-0.002013 0.000002 -0.002385 0.000002 
-0.001405 0.000002 -0.000185 0.000002 
0.000000 0.000000 0.000000 0.000000 
0.000000 0.000000 0.000000 0.000000 
0.000000 0.000000 0.000000 0.000000 
0.000000 0.000000 0.000000 0.000000 
0.000000 0.000000 0.000000 0.000000 
0.010837 0.000005 0.000000 0.000000 
-0.000696 0.000010 0.000589 0.000010 
0.000212 0.000010 0.001610 0.000010 
0.000928 0.000009 0.001624 0.000009 
-0.003116 0.000008 -0.007372 0.000008 
0.003477 0.000008 -0.001831 0.000008 
0.001415 0.000007 -0.001992 0.000007 
0.000000 0.000000 0.000000 0.000000 
0.000000 0.000000 0.000000 0.000000 
0.000000 0.000000 0.000000 0.000000 
0.000000 0.000000 0.000000 0.000000 
-0.003252 0.000023 0.000000 0.000000 
-0.004148 0.000046 0.002095 0.000046 
0.003012 0.000044 -0.004100 0.000043 
-0.003726 0.000041 -0.002467 0.000042 
0.000619 0.000038 0.008010 0.000038 
0.005246 0.000035 0.004112 0.000036 
-0.000656 0.000033 0.004352 0.000033 
-0.004213 0.000030 -0.006585 0.000030 
0.000000 0.000000 0.000000 0.000000 
0.000000 0.000000 0.000000 0.000000 
0.000000 0.000000 0.000000 0.000000 
0.023696 0.000114 0.000000 0.000000 
-0.003297 0.000225 -0.013930 0.000227 
0.001723 0.000219 -0.011810 0.000220 
-0.011207 0.000208 -0.014110 0.000209 
-0.015170 0.000197 -0.022152 0.000198 
0.012680 0.000185 0.005976 0.000184 
0.022143 0.000175 0.034379 0.000172 
-0.012320 0.000162 -0.009713 0.000161 
-0.001584 0.000151 -0.008585 0.000151 
0.000000 0.000000 0.000000 0.000000 
0.000000 0.000000 0.000000 0.000000 
-0.004729 0.000632 0.000000 0.000000 
0.032687 0.001251 -0.015074 0.001252 
-0.001752 0.001222 -0.060081 0.001225 
0.040409 0.001178 -0.018436 0.001179 
0.000662 0.001117 0.028322 0.001122 
0.003076 0.001061 0.010484 0.001061 
-0.023413 0.001003 0.072165 0.000999 
0.076698 0.000945 0.006061 0.000955 
0.042965 0.000883 -0.008720 0.000889 
-0.058458 0.000844 0.000893 0.000826 
0.000000 0.000000 0.000000 0.000000 
0.039409 0.003835 0.000000 0.000000 
-0.012505 0.007577 0.087271 0.007593 
0.182599 0.007454 -0.073950 0.007486 
-0.046966 0.007255 -0.018101 0.007211 
-0.015829 0.006934 -0.122918 0.006954 
0.056018 0.006621 -0.193658 0.006590 
0.101839 0.006304 0.009146 0.006296 
0.038750 0.005970 -0.032694 0.005991 
0.033952 0.005694 -0.039274 0.005711 
0.008121 0.005333 0.021380 0.005344 
0.011111 0.005048 0.032069 0.005085 
0.027289 0.000002 0.000000 0.000000 
0.000000 0.000000 0.000000 0.000000 
0.000000 0.000000 0.000000 0.000000 
0.000000 0.000000 0.000000 0.000000 
0.000000 0.000000 0.000000 0.000000 
0.000000 0.000000 0.000000 0.000000 
0.000000 0.000000 0.000000 0.000000 
0.000000 0.000000 0.000000 0.000000 
0.000000 0.000000 0.000000 0.000000 
0.000000 0.000000 0.000000 0.000000 
0.000000 0.000000 0.000000 0.000000 
0.000695 0.000000 0.000000 0.000000 
-0.000634 0.000000 -0.000634 0.000000 
0.000000 0.000000 0.000000 0.000000 
0.000000 0.000000 0.000000 0.000000 
0.000000 0.000000 0.000000 0.000000 
0.000000 0.000000 0.000000 0.000000 
0.000000 0.000000 0.000000 0.000000 
0.000000 0.000000 0.000000 0.000000 
0.000000 0.000000 0.000000 0.000000 
0.000000 0.000000 0.000000 0.000000 
0.000000 0.000000 0.000000 0.000000 
-0.004160 0.000000 0.000000 0.000000 
0.000297 0.000000 -0.000506 0.000000 
-0.000166 0.000000 0.000588 0.000000 
0.000000 0.000000 0.000000 0.000000 
0.000000 0.000000 0.000000 0.000000 
0.000000 0.000000 0.000000 0.000000 
0.000000 0.000000 0.000000 0.000000 
0.000000 0.000000 0.000000 0.000000 
0.000000 0.000000 0.000000 0.000000 
0.000000 0.000000 0.000000 0.000000 
0.000000 0.000000 0.000000 0.000000 
0.000159 0.000000 0.000000 0.000000 
0.000455 0.000000 -0.000314 0.000000 
-0.000474 0.000000 0.000386 0.000000 
-0.000062 0.000000 -0.000201 0.000000 
0.000000 0.000000 0.000000 0.000000 
0.000000 0.000000 0.000000 0.000000 
0.000000 0.000000 0.000000 0.000000 
0.000000 0.000000 0.000000 0.000000 
0.000000 0.000000 0.000000 0.000000 
0.000000 0.000000 0.000000 0.000000 
0.000000 0.000000 0.000000 0.000000 
0.002201 0.000000 0.000000 0.000000 
0.000203 0.000000 -0.000143 0.000000 
-0.000664 0.000000 -0.000021 0.000000 
-0.000599 0.000000 -0.000166 0.000000 
0.000648 0.000000 -0.000733 0.000000 
0.000000 0.000000 0.000000 0.000000 
0.000000 0.000000 0.000000 0.000000 
0.000000 0.000000 0.000000 0.000000 
0.000000 0.000000 0.000000 0.000000 
0.000000 0.000000 0.000000 0.000000 
0.000000 0.000000 0.000000 0.000000 
0.000853 0.000000 0.000000 0.000000 
-0.000418 0.000001 0.000760 0.000001 
0.000775 0.000001 -0.000428 0.000001 
-0.000209 0.000001 0.000387 0.000001 
0.001121 0.000001 0.001275 0.000001 
-0.000802 0.000000 -0.000317 0.000000 
0.000000 0.000000 0.000000 0.000000 
0.000000 0.000000 0.000000 0.000000 
0.000000 0.000000 0.000000 0.000000 
0.000000 0.000000 0.000000 0.000000 
0.000000 0.000000 0.000000 0.000000 
0.005204 0.000001 0.000000 0.000000 
0.002589 0.000002 -0.000156 0.000002 
-0.001569 0.000002 0.000266 0.000002 
0.001313 0.000002 -0.001293 0.000002 
0.000334 0.000002 0.000508 0.000002 
-0.001897 0.000002 -0.001275 0.000002 
-0.000364 0.000002 0.001866 0.000002 
0.000000 0.000000 0.000000 0.000000 
0.000000 0.000000 0.000000 0.000000 
0.000000 0.000000 0.000000 0.000000 
0.000000 0.000000 0.000000 0.000000 
0.001716 0.000005 0.000000 0.000000 
0.000677 0.000009 -0.001866 0.000009 
0.003135 0.000009 -0.005263 0.000009 
-0.001560 0.000008 -0.002252 0.000008 
-0.001708 0.000008 0.002095 0.000008 
-0.001080 0.000007 -0.002812 0.000007 
-0.000974 0.000007 -0.000781 0.000007 
0.001478 0.000006 0.002308 0.000006 
0.000000 0.000000 0.000000 0.000000 
0.000000 0.000000 0.000000 0.000000 
0.000000 0.000000 0.000000 0.000000 
0.001100 0.000021 0.000000 0.000000 
0.008530 0.000042 -0.001334 0.000042 
0.008106 0.000041 -0.008155 0.000040 
-0.002000 0.000038 0.000748 0.000039 
0.003549 0.000036 0.004803 0.000036 
0.003871 0.000034 -0.003176 0.000034 
-0.002553 0.000032 -0.002002 0.000032 
0.013869 0.000030 -0.011153 0.000030 
-0.005774 0.000028 -0.002133 0.000028 
0.000000 0.000000 0.000000 0.000000 
0.000000 0.000000 0.000000 0.000000 
0.011518 0.000108 0.000000 0.000000 
-0.020866 0.000213 -0.009072 0.000213 
-0.017183 0.000208 0.000672 0.000209 
0.020976 0.000200 -0.000718 0.000201 
0.016784 0.000189 0.023972 0.000191 
-0.020638 0.000180 0.015529 0.000180 
0.002899 0.000170 -0.005052 0.000170 
-0.007210 0.000160 -0.009248 0.000161 
0.011116 0.000150 -0.008352 0.000151 
0.015421 0.000142 0.006324 0.000141 
0.000000 0.000000 0.000000 0.000000 
0.029824 0.000609 0.000000 0.000000 
0.060256 0.001195 -0.071997 0.001198 
0.068390 0.001179 0.007911 0.001184 
0.028881 0.001141 0.010583 0.001143 
-0.027135 0.001093 0.017310 0.001097 
0.047416 0.001040 0.032775 0.001040 
0.003428 0.000993 0.043818 0.000988 
-0.039869 0.000942 -0.038444 0.000940 
0.000701 0.000895 0.003782 0.000894 
-0.023489 0.000842 0.003935 0.000838 
0.013212 0.000797 0.020718 0.000792 
0.029698 0.000001 0.000000 0.000000 
0.000000 0.000000 0.000000 0.000000 
0.000000 0.000000 0.000000 0.000000 
0.000000 0.000000 0.000000 0.000000 
0.000000 0.000000 0.000000 0.000000 
0.000000 0.000000 0.000000 0.000000 
0.000000 0.000000 0.000000 0.000000 
0.000000 0.000000 0.000000 0.000000 
0.000000 0.000000 0.000000 0.000000 
0.000000 0.000000 0.000000 0.000000 
0.000000 0.000000 0.000000 0.000000 
0.000033 0.000000 0.000000 0.000000 
0.000181 0.000000 -0.000108 0.000000 
0.000000 0.000000 0.000000 0.000000 
0.000000 0.000000 0.000000 0.000000 
0.000000 0.000000 0.000000 0.000000 
0.000000 0.000000 0.000000 0.000000 
0.000000 0.000000 0.000000 0.000000 
0.000000 0.000000 0.000000 0.000000 
0.000000 0.000000 0.000000 0.000000 
0.000000 0.000000 0.000000 0.000000 
0.000000 0.000000 0.000000 0.000000 
-0.003061 0.000000 0.000000 0.000000 
-0.000272 0.000000 0.000482 0.000000 
-0.000196 0.000000 -0.000065 0.000000 
0.000000 0.000000 0.000000 0.000000 
0.000000 0.000000 0.000000 0.000000 
0.000000 0.000000 0.000000 0.000000 
0.000000 0.000000 0.000000 0.000000 
0.000000 0.000000 0.000000 0.000000 
0.000000 0.000000 0.000000 0.000000 
0.000000 0.000000 0.000000 0.000000 
0.000000 0.000000 0.000000 0.000000 
0.000189 0.000000 0.000000 0.000000 
0.000081 0.000000 0.000041 0.000000 
-0.000029 0.000000 -0.000263 0.000000 
-0.000159 0.000000 0.000347 0.000000 
0.000000 0.000000 0.000000 0.000000 
0.000000 0.000000 0.000000 0.000000 
0.000000 0.000000 0.000000 0.000000 
0.000000 0.000000 0.000000 0.000000 
0.000000 0.000000 0.000000 0.000000 
0.000000 0.000000 0.000000 0.000000 
0.000000 0.000000 0.000000 0.000000 
0.000787 0.000000 0.000000 0.000000 
-0.000369 0.000000 0.000215 0.000000 
-0.000262 0.000000 -0.000278 0.000000 
0.000165 0.000000 -0.000424 0.000000 
-0.000144 0.000000 0.000179 0.000000 
0.000000 0.000000 0.000000 0.000000 
0.000000 0.000000 0.000000 0.000000 
0.000000 0.000000 0.000000 0.000000 
0.000000 0.000000 0.000000 0.000000 
0.000000 0.000000 0.000000 0.000000 
0.000000 0.000000 0.000000 0.000000 
0.000183 0.000000 0.000000 0.000000 
0.000935 0.000000 0.000231 0.000000 
0.000067 0.000000 -0.000295 0.000000 
0.000469 0.000000 0.000107 0.000000 
-0.000457 0.000000 0.000024 0.000000 
0.000655 0.000000 0.000120 0.000000 
0.000000 0.000000 0.000000 0.000000 
0.000000 0.000000 0.000000 0.000000 
0.000000 0.000000 0.000000 0.000000 
0.000000 0.000000 0.000000 0.000000 
0.000000 0.000000 0.000000 0.000000 
0.000546 0.000000 0.000000 0.000000 
0.000737 0.000001 0.000250 0.000001 
0.000063 0.000001 -0.001580 0.000001 
0.000239 0.000000 0.000068 0.000000 
0.001177 0.000000 0.000926 0.000000 
0.000681 0.000000 0.001143 0.000000 
-0.001225 0.000000 -0.000404 0.000000 
0.000000 0.000000 0.000000 0.000000 
0.000000 0.000000 0.000000 0.000000 
0.000000 0.000000 0.000000 0.000000 
0.000000 0.000000 0.000000 0.000000 
0.001604 0.000001 0.000000 0.000000 
0.000031 0.000002 -0.001646 0.000002 
-0.000132 0.000002 -0.000854 0.000002 
0.000828 0.000002 -0.002417 0.000002 
0.000770 0.000002 0.000615 0.000002 
-0.000175 0.000002 0.000718 0.000002 
-0.000823 0.000001 0.002290 0.000001 
0.000244 0.000001 -0.000391 0.000001 
0.000000 0.000000 0.000000 0.000000 
0.000000 0.000000 0.000000 0.000000 
0.000000 0.000000 0.000000 0.000000 
0.000037 0.000004 0.000000 0.000000 
0.001955 0.000008 0.004109 0.000008 
0.000418 0.000008 0.001302 0.000008 
-0.001309 0.000008 0.002730 0.000008 
0.001587 0.000007 0.000080 0.000007 
-0.000691 0.000007 -0.000437 0.000007 
-0.000325 0.000006 -0.002556 0.000006 
-0.002004 0.000006 -0.000259 0.000006 
0.002787 0.000006 0.000031 0.000006 
0.000000 0.000000 0.000000 0.000000 
0.000000 0.000000 0.000000 0.000000 
0.001022 0.000020 0.000000 0.000000 
-0.000741 0.000039 0.005160 0.000040 
0.002014 0.000039 0.014972 0.000038 
0.002991 0.000037 -0.008461 0.000037 
0.006846 0.000035 -0.004628 0.000035 
0.009674 0.000033 -0.000885 0.000033 
-0.000449 0.000032 0.001238 0.000031 
0.001857 0.000030 -0.005631 0.000030 
-0.007472 0.000028 0.002706 0.000028 
0.002550 0.000026 0.002012 0.000026 
0.000000 0.000000 0.000000 0.000000 
0.000485 0.000104 0.000000 0.000000 
-0.001437 0.000205 -0.001923 0.000207 
-0.002561 0.000203 -0.030439 0.000204 
-0.001863 0.000196 0.003003 0.000196 
0.009614 0.000188 -0.023436 0.000189 
-0.006668 0.000179 0.005881 0.000179 
0.010213 0.000171 0.013140 0.000171 
-0.024775 0.000162 0.034154 0.000162 
-0.033384 0.000153 -0.005935 0.000154 
0.006942 0.000144 -0.014727 0.000145 
-0.003626 0.000137 -0.014100 0.000137 
