147.188732 0.074243 0.000000 0.000000 
0.000000 0.000000 0.000000 0.000000 
0.000000 0.000000 0.000000 0.000000 
0.000000 0.000000 0.000000 0.000000 
0.000000 0.000000 0.000000 0.000000 
0.000000 0.000000 0.000000 0.000000 
0.000000 0.000000 0.000000 0.000000 
0.000000 0.000000 0.000000 0.000000 
0.000000 0.000000 0.000000 0.000000 
0.000000 0.000000 0.000000 0.000000 
0.000000 0.000000 0.000000 0.000000 
-0.332708 0.050242 0.000000 0.000000 
-0.835274 0.099893 -0.256387 0.100888 
0.000000 0.000000 0.000000 0.000000 
0.000000 0.000000 0.000000 0.000000 
0.000000 0.000000 0.000000 0.000000 
0.000000 0.000000 0.000000 0.000000 
0.000000 0.000000 0.000000 0.000000 
0.000000 0.000000 0.000000 0.000000 
0.000000 0.000000 0.000000 0.000000 
0.000000 0.000000 0.000000 0.000000 
0.000000 0.000000 0.000000 0.000000 
0.301435 0.160902 0.000000 0.000000 
-0.256542 0.321931 -0.557379 0.324136 
-1.553676 0.322725 -1.036401 0.321006 
0.000000 0.000000 0.000000 0.000000 
0.000000 0.000000 0.000000 0.000000 
0.000000 0.000000 0.000000 0.000000 
0.000000 0.000000 0.000000 0.000000 
0.000000 0.000000 0.000000 0.000000 
0.000000 0.000000 0.000000 0.000000 
0.000000 0.000000 0.000000 0.000000 
0.000000 0.000000 0.000000 0.000000 
-1.798247 0.862333 0.000000 0.000000 
0.882840 1.721822 0.499724 1.742931 
-0.157371 1.733548 0.447454 1.726148 
-0.400814 1.717884 -1.305362 1.731815 
0.000000 0.000000 0.000000 0.000000 
0.000000 0.000000 0.000000 0.000000 
0.000000 0.000000 0.000000 0.000000 
0.000000 0.000000 0.000000 0.000000 
0.000000 0.000000 0.000000 0.000000 
0.000000 0.000000 0.000000 0.000000 
0.000000 0.000000 0.000000 0.000000 
-1.830250 6.010780 0.000000 0.000000 
-7.383620 12.029046 -2.137533 12.116650 
-0.946170 12.100921 7.522761 12.044387 
-0.034017 12.001661 -4.963802 12.087413 
3.262318 12.036450 4.007279 12.005452 
0.000000 0.000000 0.000000 0.000000 
0.000000 0.000000 0.000000 0.000000 
0.000000 0.000000 0.000000 0.000000 
0.000000 0.000000 0.000000 0.000000 
0.000000 0.000000 0.000000 0.000000 
0.000000 0.000000 0.000000 0.000000 
-11.710409 49.275444 0.000000 0.000000 
-11.316089 98.129736 -4.103067 99.062787 
-0.077401 99.221617 -6.880817 98.623948 
-25.598644 98.308595 -10.705425 98.991385 
10.723238 98.530402 16.178904 98.447134 
-17.106349 97.976914 2.682893 98.732855 
0.000000 0.000000 0.000000 0.000000 
0.000000 0.000000 0.000000 0.000000 
0.000000 0.000000 0.000000 0.000000 
0.000000 0.000000 0.000000 0.000000 
0.000000 0.000000 0.000000 0.000000 
-15.349235 450.109697 0.000000 0.000000 
-17.470064 895.087133 13.929868 900.341699 
-58.671876 903.819775 -10.679349 899.763231 
69.659181 899.790306 39.791864 902.343063 
7.480480 897.207344 42.876073 899.789854 
-44.009846 897.249145 -61.945735 898.211702 
-54.134504 893.892146 -12.169861 899.694410 
0.000000 0.000000 0.000000 0.000000 
0.000000 0.000000 0.000000 0.000000 
0.000000 0.000000 0.000000 0.000000 
0.000000 0.000000 0.000000 0.000000 
-26.178536 4436.381134 0.000000 0.000000 
22.537267 8844.102953 32.289192 8867.163503 
-121.091276 8908.787124 -101.237388 8838.474282 
6.171870 8891.495603 -3.625753 8900.164115 
105.359785 8862.269492 47.420788 8876.273151 
-24.085139 8830.368358 179.510212 8874.024346 
5.324128 8813.304073 161.758751 8885.037155 
-54.156553 8881.761432 -64.344035 8800.523512 
0.000000 0.000000 0.000000 0.000000 
0.000000 0.000000 0.000000 0.000000 
0.000000 0.000000 0.000000 0.000000 
-133.753749 46519.320871 0.000000 0.000000 
34.268947 92082.189703 -519.182791 92722.792884 
202.612385 93266.125040 -53.002782 92515.031971 
3.201029 92740.225854 639.445904 93006.975584 
87.502098 93222.121513 446.375677 92740.588978 
-207.271082 92576.015119 -403.306473 92664.811382 
-156.164834 92301.045413 93.883069 92799.806934 
-156.450879 93086.961700 -428.226379 91993.271143 
129.132697 92603.305740 81.884518 92315.456598 
0.000000 0.000000 0.000000 0.000000 
0.000000 0.000000 0.000000 0.000000 
418.891985 508273.852991 0.000000 0.000000 
621.427438 1011130.844768 -805.449373 1018396.651230 
-267.095022 1017231.702971 155.565040 1010132.273287 
385.990072 1015823.566913 -2190.768592 1023181.743193 
561.160140 1013847.992971 695.640944 1019051.972969 
781.163432 1015793.082811 951.783202 1019387.683473 
855.881656 1013626.921399 -1780.527989 1012790.133417 
1063.740242 1019609.715072 717.205077 1007641.054456 
1198.556738 1017077.185525 976.059160 1009944.423509 
928.789703 1008381.254437 -829.163720 1016835.029581 
0.000000 0.000000 0.000000 0.000000 
906.293446 5756919.673605 0.000000 0.000000 
-7428.367224 11523884.646563 2069.240923 11616804.197003 
-976.872410 11537442.031285 -603.046368 11454840.330239 
4470.572208 11553555.343852 -3263.608477 11600301.107706 
2286.367872 11578115.701425 1114.258250 11576614.929700 
1267.244910 11505627.548538 1083.088291 11585248.315257 
-512.820263 11519595.254794 -5473.134076 11595338.361546 
1277.143222 11562749.595370 3242.411832 11449881.420110 
-1312.606099 11549053.497158 -1239.295783 11497530.141571 
-1998.028434 11524649.443590 3457.110787 11515270.488100 
-4788.824907 11421613.333416 5423.056519 11596831.315922 
7.666455 0.004048 0.000000 0.000000 
0.000000 0.000000 0.000000 0.000000 
0.000000 0.000000 0.000000 0.000000 
0.000000 0.000000 0.000000 0.000000 
0.000000 0.000000 0.000000 0.000000 
0.000000 0.000000 0.000000 0.000000 
0.000000 0.000000 0.000000 0.000000 
0.000000 0.000000 0.000000 0.000000 
0.000000 0.000000 0.000000 0.000000 
0.000000 0.000000 0.000000 0.000000 
0.000000 0.000000 0.000000 0.000000 
0.106856 0.003099 0.000000 0.000000 
0.182900 0.006192 0.155702 0.006258 
0.000000 0.000000 0.000000 0.000000 
0.000000 0.000000 0.000000 0.000000 
0.000000 0.000000 0.000000 0.000000 
0.000000 0.000000 0.000000 0.000000 
0.000000 0.000000 0.000000 0.000000 
0.000000 0.000000 0.000000 0.000000 
0.000000 0.000000 0.000000 0.000000 
0.000000 0.000000 0.000000 0.000000 
0.000000 0.000000 0.000000 0.000000 
0.147296 0.008391 0.000000 0.000000 
0.057723 0.016933 -0.150761 0.017032 
0.091143 0.016985 -0.048063 0.016861 
0.000000 0.000000 0.000000 0.000000 
0.000000 0.000000 0.000000 0.000000 
0.000000 0.000000 0.000000 0.000000 
0.000000 0.000000 0.000000 0.000000 
0.000000 0.000000 0.000000 0.000000 
0.000000 0.000000 0.000000 0.000000 
0.000000 0.000000 0.000000 0.000000 
0.000000 0.000000 0.000000 0.000000 
-0.147808 0.038062 0.000000 0.000000 
-0.334404 0.076179 -0.112854 0.076949 
0.300005 0.076927 0.211032 0.076769 
-0.139652 0.076454 -0.082543 0.076460 
0.000000 0.000000 0.000000 0.000000 
0.000000 0.000000 0.000000 0.000000 
0.000000 0.000000 0.000000 0.000000 
0.000000 0.000000 0.000000 0.000000 
0.000000 0.000000 0.000000 0.000000 
0.000000 0.000000 0.000000 0.000000 
0.000000 0.000000 0.000000 0.000000 
1.192795 0.228079 0.000000 0.000000 
-0.444331 0.456357 -0.584872 0.458447 
-0.986406 0.460346 -0.890283 0.458206 
-0.494026 0.457493 0.055937 0.460239 
-1.262201 0.458570 -0.584097 0.455008 
0.000000 0.000000 0.000000 0.000000 
0.000000 0.000000 0.000000 0.000000 
0.000000 0.000000 0.000000 0.000000 
0.000000 0.000000 0.000000 0.000000 
0.000000 0.000000 0.000000 0.000000 
0.000000 0.000000 0.000000 0.000000 
2.855601 1.634017 0.000000 0.000000 
-2.506829 3.243539 2.185353 3.279050 
0.450780 3.288624 -4.038302 3.270206 
1.665050 3.261857 2.229669 3.296591 
-1.987415 3.283621 -1.055453 3.258726 
0.462052 3.250931 0.924761 3.268912 
0.000000 0.000000 0.000000 0.000000 
0.000000 0.000000 0.000000 0.000000 
0.000000 0.000000 0.000000 0.000000 
0.000000 0.000000 0.000000 0.000000 
0.000000 0.000000 0.000000 0.000000 
5.703856 13.225202 0.000000 0.000000 
4.095702 26.168596 5.414560 26.496777 
-1.729421 26.569584 -1.224257 26.329067 
-7.421708 26.367887 -1.170571 26.646166 
-2.339881 26.438937 -7.739232 26.460809 
-8.464284 26.372190 0.923191 26.382699 
-0.441878 26.207904 -4.253589 26.424620 
0.000000 0.000000 0.000000 0.000000 
0.000000 0.000000 0.000000 0.000000 
0.000000 0.000000 0.000000 0.000000 
0.000000 0.000000 0.000000 0.000000 
0.539421 116.971080 0.000000 0.000000 
-10.479624 231.729371 18.427746 234.475556 
16.079911 234.883792 26.728843 231.746915 
-14.118070 233.915696 2.425261 234.920438 
4.879558 234.000879 -22.898291 234.154419 
-5.127164 233.693253 -6.372894 233.290827 
2.545015 231.632066 -12.302949 234.121131 
-2.454799 232.799869 21.748609 232.356171 
0.000000 0.000000 0.000000 0.000000 
0.000000 0.000000 0.000000 0.000000 
0.000000 0.000000 0.000000 0.000000 
10.935390 1107.915560 0.000000 0.000000 
-1.375882 2200.196961 -42.378310 2223.849992 
-45.238265 2223.457938 -42.881596 2192.375278 
-2.836013 2210.345386 53.351085 2224.872019 
-17.186131 2221.948848 -28.473256 2220.925257 
-40.247254 2209.304012 56.358630 2218.435377 
-8.266837 2195.614784 12.629928 2223.123759 
-11.410894 2213.648358 19.495162 2194.108987 
-26.492951 2210.932081 -4.278080 2195.327830 
0.000000 0.000000 0.000000 0.000000 
0.000000 0.000000 0.000000 0.000000 
-58.535357 11098.339036 0.000000 0.000000 
-23.051887 21989.180919 11.260212 22287.609916 
198.452209 22303.635346 -55.754542 21915.634890 
67.870356 22029.387303 163.370092 22258.046890 
110.741134 22173.895945 45.559228 22290.989535 
-166.175133 22176.229867 -11.240748 22231.211607 
-26.384180 22053.828946 -45.979906 22180.435047 
22.324810 22193.125997 -9.464791 21981.518134 
139.749111 22105.369784 26.619721 21963.951754 
161.242040 22004.198171 -17.209215 22088.060038 
0.000000 0.000000 0.000000 0.000000 
12.973625 115989.046324 0.000000 0.000000 
-27.739135 230085.456065 392.616518 233958.070926 
668.266341 232150.244452 -235.329355 230031.609654 
-499.998697 231119.846555 640.634811 232172.582181 
94.083479 231246.468637 174.805359 232977.313828 
214.299695 231819.575406 -592.508638 233464.304596 
572.123099 230780.763529 -48.936907 232939.567073 
508.630395 232027.295238 711.435314 230065.968498 
-954.807302 232161.481399 286.371334 229592.724738 
32.743108 230484.461576 281.370410 230189.614261 
10.868455 229704.415469 -410.443243 231573.807985 
-0.557110 0.000669 0.000000 0.000000 
0.000000 0.000000 0.000000 0.000000 
0.000000 0.000000 0.000000 0.000000 
0.000000 0.000000 0.000000 0.000000 
0.000000 0.000000 0.000000 0.000000 
0.000000 0.000000 0.000000 0.000000 
0.000000 0.000000 0.000000 0.000000 
0.000000 0.000000 0.000000 0.000000 
0.000000 0.000000 0.000000 0.000000 
0.000000 0.000000 0.000000 0.000000 
0.000000 0.000000 0.000000 0.000000 
0.008299 0.000400 0.000000 0.000000 
-0.038328 0.000799 -0.035556 0.000807 
0.000000 0.000000 0.000000 0.000000 
0.000000 0.000000 0.000000 0.000000 
0.000000 0.000000 0.000000 0.000000 
0.000000 0.000000 0.000000 0.000000 
0.000000 0.000000 0.000000 0.000000 
0.000000 0.000000 0.000000 0.000000 
0.000000 0.000000 0.000000 0.000000 
0.000000 0.000000 0.000000 0.000000 
0.000000 0.000000 0.000000 0.000000 
-0.038711 0.000870 0.000000 0.000000 
0.010478 0.001759 0.003007 0.001766 
-0.033862 0.001762 -0.004921 0.001759 
0.000000 0.000000 0.000000 0.000000 
0.000000 0.000000 0.000000 0.000000 
0.000000 0.000000 0.000000 0.000000 
0.000000 0.000000 0.000000 0.000000 
0.000000 0.000000 0.000000 0.000000 
0.000000 0.000000 0.000000 0.000000 
0.000000 0.000000 0.000000 0.000000 
0.000000 0.000000 0.000000 0.000000 
0.007945 0.003293 0.000000 0.000000 
0.000340 0.006598 -0.088901 0.006627 
-0.105313 0.006669 0.053502 0.006671 
-0.107712 0.006665 0.011450 0.006617 
0.000000 0.000000 0.000000 0.000000 
0.000000 0.000000 0.000000 0.000000 
0.000000 0.000000 0.000000 0.000000 
0.000000 0.000000 0.000000 0.000000 
0.000000 0.000000 0.000000 0.000000 
0.000000 0.000000 0.000000 0.000000 
0.000000 0.000000 0.000000 0.000000 
-0.219560 0.016856 0.000000 0.000000 
-0.246525 0.033918 -0.029972 0.033833 
0.036749 0.034065 0.041556 0.033971 
0.160228 0.034176 0.005853 0.034178 
0.160955 0.034099 -0.090898 0.033863 
0.000000 0.000000 0.000000 0.000000 
0.000000 0.000000 0.000000 0.000000 
0.000000 0.000000 0.000000 0.000000 
0.000000 0.000000 0.000000 0.000000 
0.000000 0.000000 0.000000 0.000000 
0.000000 0.000000 0.000000 0.000000 
0.247809 0.105379 0.000000 0.000000 
0.450073 0.211100 0.418478 0.210821 
0.025605 0.212459 -0.070864 0.211988 
0.072779 0.212128 -0.452462 0.213076 
-0.437116 0.214102 0.650078 0.212168 
-0.213392 0.211634 -0.530955 0.211974 
0.000000 0.000000 0.000000 0.000000 
0.000000 0.000000 0.000000 0.000000 
0.000000 0.000000 0.000000 0.000000 
0.000000 0.000000 0.000000 0.000000 
0.000000 0.000000 0.000000 0.000000 
0.569845 0.753509 0.000000 0.000000 
2.696233 1.514925 0.489308 1.515766 
-0.325496 1.520349 0.570615 1.511746 
0.074026 1.518396 -0.743111 1.529994 
-1.780485 1.527942 -0.524668 1.520013 
0.807543 1.532679 1.227043 1.519564 
0.904930 1.511946 0.229187 1.520779 
0.000000 0.000000 0.000000 0.000000 
0.000000 0.000000 0.000000 0.000000 
0.000000 0.000000 0.000000 0.000000 
0.000000 0.000000 0.000000 0.000000 
-3.158735 5.997325 0.000000 0.000000 
6.116276 12.011044 -2.185158 12.014093 
2.167567 12.108498 -7.325615 12.004837 
2.262787 12.036127 0.754986 12.099402 
-1.874378 12.145379 3.455444 12.082335 
-7.536734 12.157115 4.205096 12.040567 
-3.530753 12.046546 -3.222475 12.172134 
-1.708843 12.001989 -3.056598 12.062135 
0.000000 0.000000 0.000000 0.000000 
0.000000 0.000000 0.000000 0.000000 
0.000000 0.000000 0.000000 0.000000 
3.719264 51.590859 0.000000 0.000000 
18.900538 103.228026 20.051946 103.391014 
10.086002 104.122743 -3.015413 102.967867 
-10.625307 103.647816 -20.330768 103.956047 
-1.320797 104.354712 -4.297649 103.452569 
14.827718 104.369327 1.182687 103.896970 
-7.787441 103.744165 4.560498 104.167357 
3.831906 104.298971 -2.188654 103.745218 
12.477847 103.491553 0.702520 103.242873 
0.000000 0.000000 0.000000 0.000000 
0.000000 0.000000 0.000000 0.000000 
-26.520078 472.471449 0.000000 0.000000 
16.065682 946.925290 -45.153590 946.958986 
54.523671 953.225206 7.956356 941.604579 
16.503489 948.228190 22.043293 952.185656 
20.191283 951.587105 26.972561 951.375813 
-23.864554 953.344222 -26.474445 950.968939 
-0.170430 954.818168 94.386871 951.156242 
-22.152482 952.753296 -25.307180 949.959666 
-28.048345 953.633906 32.371359 950.113428 
15.600787 944.451238 17.518284 947.567724 
0.000000 0.000000 0.000000 0.000000 
86.770335 4548.269111 0.000000 0.000000 
52.495070 9131.325952 64.197004 9170.107610 
-93.349943 9157.396186 95.820311 9087.642451 
123.817670 9146.082764 125.215158 9170.932895 
-13.228523 9182.094806 23.912142 9159.562723 
-45.744378 9176.817161 203.367110 9180.520449 
-122.604294 9159.257704 28.460561 9200.554532 
123.585197 9199.743728 159.262551 9159.418723 
86.193808 9179.908858 -26.613370 9152.864035 
22.320927 9147.645936 -67.794899 9193.735329 
-43.714978 9111.740904 166.838466 9120.168249 
-0.621898 0.000181 0.000000 0.000000 
0.000000 0.000000 0.000000 0.000000 
0.000000 0.000000 0.000000 0.000000 
0.000000 0.000000 0.000000 0.000000 
0.000000 0.000000 0.000000 0.000000 
0.000000 0.000000 0.000000 0.000000 
0.000000 0.000000 0.000000 0.000000 
0.000000 0.000000 0.000000 0.000000 
0.000000 0.000000 0.000000 0.000000 
0.000000 0.000000 0.000000 0.000000 
0.000000 0.000000 0.000000 0.000000 
0.013026 0.000078 0.000000 0.000000 
0.009537 0.000155 0.030860 0.000157 
0.000000 0.000000 0.000000 0.000000 
0.000000 0.000000 0.000000 0.000000 
0.000000 0.000000 0.000000 0.000000 
0.000000 0.000000 0.000000 0.000000 
0.000000 0.000000 0.000000 0.000000 
0.000000 0.000000 0.000000 0.000000 
0.000000 0.000000 0.000000 0.000000 
0.000000 0.000000 0.000000 0.000000 
0.000000 0.000000 0.000000 0.000000 
0.002352 0.000134 0.000000 0.000000 
-0.019852 0.000269 -0.012834 0.000271 
0.000191 0.000270 -0.004547 0.000269 
0.000000 0.000000 0.000000 0.000000 
0.000000 0.000000 0.000000 0.000000 
0.000000 0.000000 0.000000 0.000000 
0.000000 0.000000 0.000000 0.000000 
0.000000 0.000000 0.000000 0.000000 
0.000000 0.000000 0.000000 0.000000 
0.000000 0.000000 0.000000 0.000000 
0.000000 0.000000 0.000000 0.000000 
-0.047538 0.000418 0.000000 0.000000 
-0.008589 0.000837 -0.006877 0.000841 
0.010334 0.000844 0.016544 0.000843 
-0.025522 0.000842 -0.026344 0.000839 
0.000000 0.000000 0.000000 0.000000 
0.000000 0.000000 0.000000 0.000000 
0.000000 0.000000 0.000000 0.000000 
0.000000 0.000000 0.000000 0.000000 
0.000000 0.000000 0.000000 0.000000 
0.000000 0.000000 0.000000 0.000000 
0.000000 0.000000 0.000000 0.000000 
0.076214 0.001832 0.000000 0.000000 
0.083299 0.003661 -0.026563 0.003673 
-0.021723 0.003699 -0.039890 0.003675 
-0.060214 0.003698 0.047724 0.003691 
0.045836 0.003681 0.044417 0.003678 
0.000000 0.000000 0.000000 0.000000 
0.000000 0.000000 0.000000 0.000000 
0.000000 0.000000 0.000000 0.000000 
0.000000 0.000000 0.000000 0.000000 
0.000000 0.000000 0.000000 0.000000 
0.000000 0.000000 0.000000 0.000000 
-0.012463 0.010017 0.000000 0.000000 
-0.113455 0.019875 -0.005341 0.020010 
0.165044 0.020128 0.187017 0.020081 
-0.158446 0.020152 0.144867 0.020095 
0.158649 0.020120 0.000756 0.020145 
-0.007713 0.019974 0.280612 0.020137 
0.000000 0.000000 0.000000 0.000000 
0.000000 0.000000 0.000000 0.000000 
0.000000 0.000000 0.000000 0.000000 
0.000000 0.000000 0.000000 0.000000 
0.000000 0.000000 0.000000 0.000000 
0.320731 0.063544 0.000000 0.000000 
0.306684 0.127052 -0.260940 0.127704 
-0.273597 0.127465 0.364196 0.127328 
0.516869 0.128308 -0.048942 0.128310 
0.178079 0.127996 -0.568155 0.128189 
-0.013894 0.128846 0.212059 0.127244 
-0.713859 0.127570 -0.191356 0.127625 
0.000000 0.000000 0.000000 0.000000 
0.000000 0.000000 0.000000 0.000000 
0.000000 0.000000 0.000000 0.000000 
0.000000 0.000000 0.000000 0.000000 
0.495757 0.454110 0.000000 0.000000 
-0.161262 0.907192 -0.483974 0.911337 
-2.272907 0.913137 -0.253971 0.908437 
0.393271 0.912334 -2.652853 0.914138 
-0.563314 0.919295 -1.874171 0.914991 
1.066135 0.918904 0.370975 0.910930 
-1.139903 0.910335 -0.318533 0.917518 
-0.978934 0.912356 0.667324 0.909857 
0.000000 0.000000 0.000000 0.000000 
0.000000 0.000000 0.000000 0.000000 
0.000000 0.000000 0.000000 0.000000 
-0.090604 3.548756 0.000000 0.000000 
5.050053 7.073020 2.726664 7.128246 
-3.072022 7.148215 2.555271 7.079889 
-1.205405 7.121119 0.603905 7.137947 
-3.091971 7.179415 7.382421 7.116901 
-3.401230 7.178394 -0.603793 7.151211 
4.514780 7.124724 -1.487038 7.167812 
3.910263 7.141700 3.464735 7.127417 
-2.686406 7.138376 0.066124 7.091589 
0.000000 0.000000 0.000000 0.000000 
0.000000 0.000000 0.000000 0.000000 
-0.959426 29.805003 0.000000 0.000000 
1.421078 59.350241 4.687003 59.716021 
-11.559344 60.089758 1.510102 59.349432 
13.542175 59.730857 -3.278852 59.812043 
-7.603849 60.039431 8.278858 59.834852 
-0.767003 60.049587 -0.704922 60.024559 
-3.743894 60.141049 -9.477718 60.080529 
2.781659 59.996113 11.502258 59.904906 
-1.560337 59.953211 12.453299 59.719391 
6.990999 59.582458 -6.323477 59.781452 
0.000000 0.000000 0.000000 0.000000 
29.136480 265.303410 0.000000 0.000000 
-9.228753 527.250795 23.018633 531.602102 
-26.892667 532.171467 -15.327694 530.489998 
-13.460993 529.400475 31.260723 534.013385 
-16.325011 532.476709 9.753231 532.884933 
-7.306957 534.478827 7.159455 533.267949 
32.242845 533.038875 62.357997 535.670719 
-25.958869 535.856467 15.719931 533.350819 
11.019225 534.535202 -4.556221 531.844499 
-46.794351 531.215248 27.154365 533.136933 
-17.701366 531.502180 -44.216964 530.052673 
-0.485110 0.000064 0.000000 0.000000 
0.000000 0.000000 0.000000 0.000000 
0.000000 0.000000 0.000000 0.000000 
0.000000 0.000000 0.000000 0.000000 
0.000000 0.000000 0.000000 0.000000 
0.000000 0.000000 0.000000 0.000000 
0.000000 0.000000 0.000000 0.000000 
0.000000 0.000000 0.000000 0.000000 
0.000000 0.000000 0.000000 0.000000 
0.000000 0.000000 0.000000 0.000000 
0.000000 0.000000 0.000000 0.000000 
-0.001376 0.000020 0.000000 0.000000 
-0.004957 0.000040 -0.017364 0.000040 
0.000000 0.000000 0.000000 0.000000 
0.000000 0.000000 0.000000 0.000000 
0.000000 0.000000 0.000000 0.000000 
0.000000 0.000000 0.000000 0.000000 
0.000000 0.000000 0.000000 0.000000 
0.000000 0.000000 0.000000 0.000000 
0.000000 0.000000 0.000000 0.000000 
0.000000 0.000000 0.000000 0.000000 
0.000000 0.000000 0.000000 0.000000 
-0.000868 0.000027 0.000000 0.000000 
-0.005284 0.000054 0.010517 0.000054 
0.003868 0.000054 -0.005370 0.000054 
0.000000 0.000000 0.000000 0.000000 
0.000000 0.000000 0.000000 0.000000 
0.000000 0.000000 0.000000 0.000000 
0.000000 0.000000 0.000000 0.000000 
0.000000 0.000000 0.000000 0.000000 
0.000000 0.000000 0.000000 0.000000 
0.000000 0.000000 0.000000 0.000000 
0.000000 0.000000 0.000000 0.000000 
0.012604 0.000069 0.000000 0.000000 
0.002565 0.000139 0.009825 0.000139 
0.003292 0.000140 -0.008773 0.000140 
-0.002629 0.000139 -0.001178 0.000139 
0.000000 0.000000 0.000000 0.000000 
0.000000 0.000000 0.000000 0.000000 
0.000000 0.000000 0.000000 0.000000 
0.000000 0.000000 0.000000 0.000000 
0.000000 0.000000 0.000000 0.000000 
0.000000 0.000000 0.000000 0.000000 
0.000000 0.000000 0.000000 0.000000 
-0.010916 0.000259 0.000000 0.000000 
0.004414 0.000519 0.002301 0.000515 
0.003142 0.000523 0.008919 0.000518 
0.017109 0.000524 0.001205 0.000522 
-0.016938 0.000521 -0.012756 0.000519 
0.000000 0.000000 0.000000 0.000000 
0.000000 0.000000 0.000000 0.000000 
0.000000 0.000000 0.000000 0.000000 
0.000000 0.000000 0.000000 0.000000 
0.000000 0.000000 0.000000 0.000000 
0.000000 0.000000 0.000000 0.000000 
0.029146 0.001237 0.000000 0.000000 
0.032617 0.002464 -0.051306 0.002457 
0.002775 0.002494 -0.021085 0.002467 
-0.030304 0.002483 0.046940 0.002483 
-0.058900 0.002487 0.106435 0.002503 
-0.012914 0.002478 0.029258 0.002479 
0.000000 0.000000 0.000000 0.000000 
0.000000 0.000000 0.000000 0.000000 
0.000000 0.000000 0.000000 0.000000 
0.000000 0.000000 0.000000 0.000000 
0.000000 0.000000 0.000000 0.000000 
0.066961 0.006968 0.000000 0.000000 
0.054509 0.014025 -0.008618 0.013990 
0.038560 0.014019 -0.200214 0.013914 
0.054271 0.014142 -0.101104 0.014064 
-0.027844 0.013993 0.214520 0.014101 
-0.059657 0.014199 -0.061317 0.014042 
0.223229 0.014067 0.142929 0.013977 
0.000000 0.000000 0.000000 0.000000 
0.000000 0.000000 0.000000 0.000000 
0.000000 0.000000 0.000000 0.000000 
0.000000 0.000000 0.000000 0.000000 
-0.172617 0.044862 0.000000 0.000000 
-0.040446 0.089999 -0.077668 0.090130 
0.098783 0.090327 -0.151583 0.089755 
0.060543 0.090403 0.072110 0.090230 
0.159812 0.090599 0.248891 0.090973 
0.218099 0.090498 0.031345 0.090156 
0.250162 0.090662 -0.015817 0.090865 
0.322294 0.090597 -0.262377 0.089743 
0.000000 0.000000 0.000000 0.000000 
0.000000 0.000000 0.000000 0.000000 
0.000000 0.000000 0.000000 0.000000 
-0.397688 0.319789 0.000000 0.000000 
-0.704003 0.636200 -0.084293 0.641302 
0.668523 0.643760 -0.180291 0.637497 
-0.835621 0.642850 -0.301817 0.639691 
0.118850 0.643794 0.120416 0.643320 
-0.042621 0.646849 1.294749 0.642508 
0.397120 0.639264 0.244529 0.644443 
-0.225181 0.646428 0.120472 0.641914 
0.406813 0.641108 -0.175514 0.640058 
0.000000 0.000000 0.000000 0.000000 
0.000000 0.000000 0.000000 0.000000 
-0.374021 2.465890 0.000000 0.000000 
0.266102 4.885220 4.965357 4.941519 
2.263381 4.948397 1.611886 4.905795 
3.149132 4.945102 -1.000766 4.925903 
-1.691706 4.933469 -0.411422 4.958811 
-3.326329 4.965795 0.258106 4.946772 
0.671453 4.964115 -0.825680 4.953390 
2.281844 4.957691 -4.400247 4.922549 
0.975218 4.949730 -2.476770 4.950799 
-2.386697 4.912297 -1.165694 4.945761 
0.000000 0.000000 0.000000 0.000000 
0.739773 20.213564 0.000000 0.000000 
-7.045180 40.271209 11.377645 40.740574 
8.197335 40.339429 -7.103833 40.366129 
16.390390 40.494550 13.601824 40.696688 
-1.112629 40.455465 -0.900709 40.695059 
1.832021 40.749664 7.021073 40.645270 
-0.126896 40.629551 -3.173315 40.819085 
14.699714 40.911720 3.978668 40.562270 
4.005285 40.673229 0.109749 40.503386 
-4.676729 40.566487 -0.111154 40.662706 
4.656443 40.381627 1.580011 40.604077 
-0.244934 0.000027 0.000000 0.000000 
0.000000 0.000000 0.000000 0.000000 
0.000000 0.000000 0.000000 0.000000 
0.000000 0.000000 0.000000 0.000000 
0.000000 0.000000 0.000000 0.000000 
0.000000 0.000000 0.000000 0.000000 
0.000000 0.000000 0.000000 0.000000 
0.000000 0.000000 0.000000 0.000000 
0.000000 0.000000 0.000000 0.000000 
0.000000 0.000000 0.000000 0.000000 
0.000000 0.000000 0.000000 0.000000 
-0.001613 0.000006 0.000000 0.000000 
0.003310 0.000012 0.004139 0.000012 
0.000000 0.000000 0.000000 0.000000 
0.000000 0.000000 0.000000 0.000000 
0.000000 0.000000 0.000000 0.000000 
0.000000 0.000000 0.000000 0.000000 
0.000000 0.000000 0.000000 0.000000 
0.000000 0.000000 0.000000 0.000000 
0.000000 0.000000 0.000000 0.000000 
0.000000 0.000000 0.000000 0.000000 
0.000000 0.000000 0.000000 0.000000 
-0.002321 0.000007 0.000000 0.000000 
0.005565 0.000013 -0.007700 0.000013 
0.004745 0.000013 -0.004275 0.000013 
0.000000 0.000000 0.000000 0.000000 
0.000000 0.000000 0.000000 0.000000 
0.000000 0.000000 0.000000 0.000000 
0.000000 0.000000 0.000000 0.000000 
0.000000 0.000000 0.000000 0.000000 
0.000000 0.000000 0.000000 0.000000 
0.000000 0.000000 0.000000 0.000000 
0.000000 0.000000 0.000000 0.000000 
-0.004473 0.000014 0.000000 0.000000 
-0.008249 0.000028 -0.004471 0.000028 
0.004062 0.000028 0.000692 0.000028 
-0.009291 0.000028 -0.000232 0.000028 
0.000000 0.000000 0.000000 0.000000 
0.000000 0.000000 0.000000 0.000000 
0.000000 0.000000 0.000000 0.000000 
0.000000 0.000000 0.000000 0.000000 
0.000000 0.000000 0.000000 0.000000 
0.000000 0.000000 0.000000 0.000000 
0.000000 0.000000 0.000000 0.000000 
-0.004726 0.000045 0.000000 0.000000 
0.009691 0.000089 0.008130 0.000089 
0.002565 0.000090 0.021497 0.000089 
0.007779 0.000090 -0.003632 0.000090 
0.004196 0.000090 0.005330 0.000089 
0.000000 0.000000 0.000000 0.000000 
0.000000 0.000000 0.000000 0.000000 
0.000000 0.000000 0.000000 0.000000 
0.000000 0.000000 0.000000 0.000000 
0.000000 0.000000 0.000000 0.000000 
0.000000 0.000000 0.000000 0.000000 
-0.018483 0.000186 0.000000 0.000000 
0.002536 0.000372 0.058509 0.000370 
0.001571 0.000375 -0.004126 0.000370 
0.026104 0.000375 -0.004935 0.000376 
-0.008449 0.000375 -0.005815 0.000375 
-0.005904 0.000373 -0.004888 0.000374 
0.000000 0.000000 0.000000 0.000000 
0.000000 0.000000 0.000000 0.000000 
0.000000 0.000000 0.000000 0.000000 
0.000000 0.000000 0.000000 0.000000 
0.000000 0.000000 0.000000 0.000000 
-0.052089 0.000934 0.000000 0.000000 
0.042006 0.001890 0.050811 0.001871 
-0.041179 0.001881 -0.010339 0.001856 
0.027123 0.001894 -0.058585 0.001886 
-0.022416 0.001886 -0.013489 0.001896 
0.008201 0.001907 -0.006568 0.001882 
0.026518 0.001887 0.005233 0.001876 
0.000000 0.000000 0.000000 0.000000 
0.000000 0.000000 0.000000 0.000000 
0.000000 0.000000 0.000000 0.000000 
0.000000 0.000000 0.000000 0.000000 
0.052390 0.005401 0.000000 0.000000 
-0.065043 0.010981 -0.021745 0.010896 
0.088264 0.010944 -0.209558 0.010802 
0.055169 0.010950 -0.019015 0.010895 
0.026779 0.010957 0.078987 0.011047 
-0.050150 0.010964 0.025608 0.010953 
0.029422 0.010983 -0.043806 0.011040 
0.176666 0.010967 -0.003400 0.010869 
0.000000 0.000000 0.000000 0.000000 
0.000000 0.000000 0.000000 0.000000 
0.000000 0.000000 0.000000 0.000000 
-0.000332 0.035110 0.000000 0.000000 
-0.206698 0.070596 -0.515111 0.070515 
-0.388177 0.071432 -0.001199 0.070179 
-0.080982 0.070762 -0.242525 0.070403 
0.093929 0.070991 -0.242183 0.071281 
0.376105 0.071228 -0.059877 0.071166 
0.219794 0.070678 0.242686 0.071117 
0.462255 0.071671 -0.213324 0.071045 
0.275924 0.070383 0.097885 0.070993 
0.000000 0.000000 0.000000 0.000000 
0.000000 0.000000 0.000000 0.000000 
0.030561 0.248673 0.000000 0.000000 
0.562365 0.498272 -1.094823 0.498279 
-0.108804 0.503250 -0.378748 0.497775 
0.255185 0.501156 -1.104648 0.499807 
1.333007 0.500228 0.061606 0.502387 
-0.608106 0.503889 0.373749 0.503472 
-0.380160 0.503535 0.392521 0.501375 
-1.268272 0.504500 0.059129 0.497520 
0.646892 0.503082 0.955514 0.505678 
-0.483011 0.499815 -0.229343 0.499515 
0.000000 0.000000 0.000000 0.000000 
-0.566156 1.886997 0.000000 0.000000 
-1.707324 3.781513 -3.262377 3.805621 
-0.925629 3.787994 -3.239549 3.792284 
2.447804 3.806131 -1.645938 3.817779 
2.442265 3.798917 2.263863 3.813013 
-0.680471 3.829243 1.690687 3.812696 
-1.291237 3.818330 0.482665 3.825629 
-0.678881 3.837074 1.698160 3.788648 
-1.729756 3.802938 -2.157160 3.807561 
0.896121 3.813552 -1.660544 3.842913 
1.835898 3.780583 0.035496 3.811601 
-0.124186 0.000013 0.000000 0.000000 
0.000000 0.000000 0.000000 0.000000 
0.000000 0.000000 0.000000 0.000000 
0.000000 0.000000 0.000000 0.000000 
0.000000 0.000000 0.000000 0.000000 
0.000000 0.000000 0.000000 0.000000 
0.000000 0.000000 0.000000 0.000000 
0.000000 0.000000 0.000000 0.000000 
0.000000 0.000000 0.000000 0.000000 
0.000000 0.000000 0.000000 0.000000 
0.000000 0.000000 0.000000 0.000000 
0.000265 0.000002 0.000000 0.000000 
-0.003620 0.000004 -0.001182 0.000004 
0.000000 0.000000 0.000000 0.000000 
0.000000 0.000000 0.000000 0.000000 
0.000000 0.000000 0.000000 0.000000 
0.000000 0.000000 0.000000 0.000000 
0.000000 0.000000 0.000000 0.000000 
0.000000 0.000000 0.000000 0.000000 
0.000000 0.000000 0.000000 0.000000 
0.000000 0.000000 0.000000 0.000000 
0.000000 0.000000 0.000000 0.000000 
0.001920 0.000002 0.000000 0.000000 
-0.003222 0.000004 0.000016 0.000004 
-0.002429 0.000004 0.001109 0.000004 
0.000000 0.000000 0.000000 0.000000 
0.000000 0.000000 0.000000 0.000000 
0.000000 0.000000 0.000000 0.000000 
0.000000 0.000000 0.000000 0.000000 
0.000000 0.000000 0.000000 0.000000 
0.000000 0.000000 0.000000 0.000000 
0.000000 0.000000 0.000000 0.000000 
0.000000 0.000000 0.000000 0.000000 
0.001734 0.000003 0.000000 0.000000 
0.002381 0.000007 -0.000407 0.000007 
-0.002093 0.000007 0.000100 0.000007 
0.005516 0.000007 -0.004442 0.000007 
0.000000 0.000000 0.000000 0.000000 
0.000000 0.000000 0.000000 0.000000 
0.000000 0.000000 0.000000 0.000000 
0.000000 0.000000 0.000000 0.000000 
0.000000 0.000000 0.000000 0.000000 
0.000000 0.000000 0.000000 0.000000 
0.000000 0.000000 0.000000 0.000000 
0.000287 0.000009 0.000000 0.000000 
0.002653 0.000018 0.002892 0.000018 
-0.000644 0.000018 -0.006036 0.000018 
-0.004168 0.000018 0.003863 0.000018 
0.003862 0.000018 -0.000969 0.000018 
0.000000 0.000000 0.000000 0.000000 
0.000000 0.000000 0.000000 0.000000 
0.000000 0.000000 0.000000 0.000000 
0.000000 0.000000 0.000000 0.000000 
0.000000 0.000000 0.000000 0.000000 
0.000000 0.000000 0.000000 0.000000 
0.011404 0.000033 0.000000 0.000000 
-0.006460 0.000066 -0.009206 0.000066 
-0.004866 0.000066 -0.007855 0.000066 
0.007474 0.000066 -0.010032 0.000067 
0.003556 0.000066 0.001024 0.000066 
-0.012287 0.000066 -0.003150 0.000066 
0.000000 0.000000 0.000000 0.000000 
0.000000 0.000000 0.000000 0.000000 
0.000000 0.000000 0.000000 0.000000 
0.000000 0.000000 0.000000 0.000000 
0.000000 0.000000 0.000000 0.000000 
-0.002952 0.000148 0.000000 0.000000 
-0.008635 0.000297 -0.009516 0.000296 
0.003765 0.000296 0.029179 0.000292 
-0.015742 0.000297 -0.001576 0.000297 
0.008871 0.000298 0.010133 0.000299 
-0.020661 0.000299 -0.032419 0.000296 
-0.009889 0.000298 0.010914 0.000295 
0.000000 0.000000 0.000000 0.000000 
0.000000 0.000000 0.000000 0.000000 
0.000000 0.000000 0.000000 0.000000 
0.000000 0.000000 0.000000 0.000000 
-0.003669 0.000771 0.000000 0.000000 
-0.038870 0.001565 -0.033407 0.001544 
-0.050466 0.001555 0.061131 0.001532 
0.035640 0.001554 -0.017219 0.001541 
-0.022806 0.001559 0.068458 0.001571 
-0.004149 0.001564 -0.006647 0.001564 
-0.033193 0.001556 -0.050723 0.001566 
0.050852 0.001555 0.060561 0.001552 
0.000000 0.000000 0.000000 0.000000 
0.000000 0.000000 0.000000 0.000000 
0.000000 0.000000 0.000000 0.000000 
0.061395 0.004569 0.000000 0.000000 
0.013400 0.009181 0.036802 0.009135 
-0.072406 0.009264 -0.048228 0.009092 
-0.053372 0.009146 -0.051124 0.009085 
0.084426 0.009187 -0.072454 0.009244 
-0.030788 0.009263 0.025119 0.009257 
0.100333 0.009212 -0.035437 0.009255 
-0.004223 0.009255 0.069700 0.009224 
-0.157019 0.009176 -0.107185 0.009174 
0.000000 0.000000 0.000000 0.000000 
0.000000 0.000000 0.000000 0.000000 
0.164454 0.029691 0.000000 0.000000 
-0.083820 0.059961 -0.073657 0.059388 
0.077057 0.060247 -0.064758 0.059153 
0.054418 0.059900 0.221347 0.059361 
-0.323901 0.059284 0.105087 0.059875 
-0.102273 0.060281 0.572114 0.060275 
0.071177 0.060037 0.089865 0.060304 
-0.116276 0.060369 -0.726528 0.059733 
-0.062115 0.060096 0.071829 0.060337 
0.101378 0.059511 -0.018896 0.059797 
0.000000 0.000000 0.000000 0.000000 
0.622428 0.208739 0.000000 0.000000 
0.353030 0.421337 -1.445278 0.419993 
-0.643820 0.420843 1.043422 0.419712 
-0.278115 0.421573 -0.368029 0.419648 
-0.299235 0.419277 -0.119497 0.421467 
0.131448 0.421720 -0.636719 0.421546 
1.204404 0.423374 1.005260 0.426668 
0.291353 0.425575 -0.390594 0.419554 
-1.039858 0.423531 1.260185 0.422165 
0.475074 0.423161 0.854538 0.425663 
-0.965118 0.419951 -0.574711 0.419279 
-0.037431 0.000007 0.000000 0.000000 
0.000000 0.000000 0.000000 0.000000 
0.000000 0.000000 0.000000 0.000000 
0.000000 0.000000 0.000000 0.000000 
0.000000 0.000000 0.000000 0.000000 
0.000000 0.000000 0.000000 0.000000 
0.000000 0.000000 0.000000 0.000000 
0.000000 0.000000 0.000000 0.000000 
0.000000 0.000000 0.000000 0.000000 
0.000000 0.000000 0.000000 0.000000 
0.000000 0.000000 0.000000 0.000000 
0.000434 0.000001 0.000000 0.000000 
0.001783 0.000002 0.000572 0.000002 
0.000000 0.000000 0.000000 0.000000 
0.000000 0.000000 0.000000 0.000000 
0.000000 0.000000 0.000000 0.000000 
0.000000 0.000000 0.000000 0.000000 
0.000000 0.000000 0.000000 0.000000 
0.000000 0.000000 0.000000 0.000000 
0.000000 0.000000 0.000000 0.000000 
0.000000 0.000000 0.000000 0.000000 
0.000000 0.000000 0.000000 0.000000 
-0.000603 0.000001 0.000000 0.000000 
0.000919 0.000001 -0.000181 0.000001 
-0.001265 0.000001 -0.000259 0.000001 
0.000000 0.000000 0.000000 0.000000 
0.000000 0.000000 0.000000 0.000000 
0.000000 0.000000 0.000000 0.000000 
0.000000 0.000000 0.000000 0.000000 
0.000000 0.000000 0.000000 0.000000 
0.000000 0.000000 0.000000 0.000000 
0.000000 0.000000 0.000000 0.000000 
0.000000 0.000000 0.000000 0.000000 
0.001266 0.000001 0.000000 0.000000 
0.000487 0.000002 -0.000015 0.000002 
0.000220 0.000002 -0.000077 0.000002 
-0.001498 0.000002 0.001061 0.000002 
0.000000 0.000000 0.000000 0.000000 
0.000000 0.000000 0.000000 0.000000 
0.000000 0.000000 0.000000 0.000000 
0.000000 0.000000 0.000000 0.000000 
0.000000 0.000000 0.000000 0.000000 
0.000000 0.000000 0.000000 0.000000 
0.000000 0.000000 0.000000 0.000000 
-0.000681 0.000002 0.000000 0.000000 
-0.002748 0.000004 0.000666 0.000004 
-0.000943 0.000004 -0.001579 0.000004 
0.000596 0.000004 -0.002235 0.000004 
0.002698 0.000004 -0.002429 0.000004 
0.000000 0.000000 0.000000 0.000000 
0.000000 0.000000 0.000000 0.000000 
0.000000 0.000000 0.000000 0.000000 
0.000000 0.000000 0.000000 0.000000 
0.000000 0.000000 0.000000 0.000000 
0.000000 0.000000 0.000000 0.000000 
-0.000068 0.000007 0.000000 0.000000 
0.003722 0.000013 0.002921 0.000013 
-0.002986 0.000013 0.009597 0.000013 
0.002964 0.000013 0.006238 0.000014 
-0.004812 0.000013 -0.001317 0.000013 
0.005272 0.000013 -0.000225 0.000013 
0.000000 0.000000 0.000000 0.000000 
0.000000 0.000000 0.000000 0.000000 
0.000000 0.000000 0.000000 0.000000 
0.000000 0.000000 0.000000 0.000000 
0.000000 0.000000 0.000000 0.000000 
0.003314 0.000027 0.000000 0.000000 
0.000077 0.000053 0.005355 0.000054 
-0.009881 0.000054 0.007098 0.000053 
0.007083 0.000054 -0.004522 0.000054 
0.000549 0.000054 -0.003714 0.000054 
0.001109 0.000054 0.007593 0.000054 
-0.007407 0.000054 -0.001168 0.000053 
0.000000 0.000000 0.000000 0.000000 
0.000000 0.000000 0.000000 0.000000 
0.000000 0.000000 0.000000 0.000000 
0.000000 0.000000 0.000000 0.000000 
0.007658 0.000126 0.000000 0.000000 
0.000331 0.000254 -0.023007 0.000252 
0.010195 0.000254 -0.001930 0.000250 
-0.017907 0.000252 0.001978 0.000252 
-0.001025 0.000254 -0.032434 0.000255 
-0.001108 0.000254 0.016385 0.000255 
0.016252 0.000254 0.010457 0.000254 
0.013031 0.000253 -0.001873 0.000253 
0.000000 0.000000 0.000000 0.000000 
0.000000 0.000000 0.000000 0.000000 
0.000000 0.000000 0.000000 0.000000 
-0.012857 0.000678 0.000000 0.000000 
0.007888 0.001365 -0.068040 0.001354 
0.023365 0.001372 0.002665 0.001349 
-0.032678 0.001357 0.087091 0.001357 
-0.093317 0.001363 0.048399 0.001369 
-0.005091 0.001375 0.006877 0.001376 
0.016880 0.001368 -0.099218 0.001371 
-0.022713 0.001373 0.002570 0.001364 
-0.075715 0.001367 0.007875 0.001363 
0.000000 0.000000 0.000000 0.000000 
0.000000 0.000000 0.000000 0.000000 
0.042894 0.004069 0.000000 0.000000 
-0.065300 0.008177 0.091445 0.008040 
0.084046 0.008232 -0.044064 0.008095 
-0.073856 0.008130 -0.132478 0.008109 
-0.102537 0.008106 0.075592 0.008184 
-0.094477 0.008210 -0.086991 0.008208 
0.015635 0.008234 -0.015927 0.008238 
0.023040 0.008227 -0.073974 0.008151 
0.089093 0.008180 -0.016718 0.008199 
0.116509 0.008144 0.064964 0.008193 
0.000000 0.000000 0.000000 0.000000 
-0.049834 0.026528 0.000000 0.000000 
-0.100072 0.053321 0.135333 0.052507 
-0.238529 0.053411 0.008004 0.053001 
0.214581 0.053078 0.414032 0.053151 
-0.280828 0.052826 0.020304 0.053215 
-0.078493 0.053517 0.308639 0.053220 
0.001250 0.053545 -0.505686 0.053828 
0.071232 0.054044 -0.177987 0.053331 
0.413476 0.053544 0.284815 0.053216 
-0.029521 0.053239 0.170438 0.053657 
-0.117681 0.053444 0.069430 0.053078 
-0.003589 0.000004 0.000000 0.000000 
0.000000 0.000000 0.000000 0.000000 
0.000000 0.000000 0.000000 0.000000 
0.000000 0.000000 0.000000 0.000000 
0.000000 0.000000 0.000000 0.000000 
0.000000 0.000000 0.000000 0.000000 
0.000000 0.000000 0.000000 0.000000 
0.000000 0.000000 0.000000 0.000000 
0.000000 0.000000 0.000000 0.000000 
0.000000 0.000000 0.000000 0.000000 
0.000000 0.000000 0.000000 0.000000 
-0.000209 0.000000 0.000000 0.000000 
0.000018 0.000001 -0.000676 0.000001 
0.000000 0.000000 0.000000 0.000000 
0.000000 0.000000 0.000000 0.000000 
0.000000 0.000000 0.000000 0.000000 
0.000000 0.000000 0.000000 0.000000 
0.000000 0.000000 0.000000 0.000000 
0.000000 0.000000 0.000000 0.000000 
0.000000 0.000000 0.000000 0.000000 
0.000000 0.000000 0.000000 0.000000 
0.000000 0.000000 0.000000 0.000000 
-0.000134 0.000000 0.000000 0.000000 
0.000611 0.000000 0.000415 0.000000 
0.000639 0.000000 0.000714 0.000000 
0.000000 0.000000 0.000000 0.000000 
0.000000 0.000000 0.000000 0.000000 
0.000000 0.000000 0.000000 0.000000 
0.000000 0.000000 0.000000 0.000000 
0.000000 0.000000 0.000000 0.000000 
0.000000 0.000000 0.000000 0.000000 
0.000000 0.000000 0.000000 0.000000 
0.000000 0.000000 0.000000 0.000000 
-0.000042 0.000000 0.000000 0.000000 
0.000055 0.000001 0.000514 0.000001 
0.001114 0.000001 -0.001076 0.000001 
0.000132 0.000001 -0.001575 0.000001 
0.000000 0.000000 0.000000 0.000000 
0.000000 0.000000 0.000000 0.000000 
0.000000 0.000000 0.000000 0.000000 
0.000000 0.000000 0.000000 0.000000 
0.000000 0.000000 0.000000 0.000000 
0.000000 0.000000 0.000000 0.000000 
0.000000 0.000000 0.000000 0.000000 
-0.000441 0.000001 0.000000 0.000000 
-0.000881 0.000001 -0.002215 0.000001 
0.000661 0.000001 -0.000467 0.000001 
0.001322 0.000001 0.000735 0.000001 
0.000501 0.000001 -0.000390 0.000001 
0.000000 0.000000 0.000000 0.000000 
0.000000 0.000000 0.000000 0.000000 
0.000000 0.000000 0.000000 0.000000 
0.000000 0.000000 0.000000 0.000000 
0.000000 0.000000 0.000000 0.000000 
0.000000 0.000000 0.000000 0.000000 
-0.002411 0.000002 0.000000 0.000000 
-0.001471 0.000003 -0.002978 0.000003 
-0.002065 0.000003 -0.001137 0.000003 
-0.000181 0.000003 0.002250 0.000003 
0.002385 0.000003 0.000099 0.000003 
0.002896 0.000003 -0.001804 0.000003 
0.000000 0.000000 0.000000 0.000000 
0.000000 0.000000 0.000000 0.000000 
0.000000 0.000000 0.000000 0.000000 
0.000000 0.000000 0.000000 0.000000 
0.000000 0.000000 0.000000 0.000000 
0.002075 0.000005 0.000000 0.000000 
-0.002481 0.000011 -0.003030 0.000011 
0.005165 0.000011 0.004355 0.000011 
0.000560 0.000011 -0.002966 0.000011 
-0.002301 0.000011 0.003927 0.000011 
0.003695 0.000011 0.001809 0.000011 
-0.003990 0.000011 0.002995 0.000011 
0.000000 0.000000 0.000000 0.000000 
0.000000 0.000000 0.000000 0.000000 
0.000000 0.000000 0.000000 0.000000 
0.000000 0.000000 0.000000 0.000000 
0.002672 0.000023 0.000000 0.000000 
0.012528 0.000046 0.006521 0.000047 
0.004998 0.000047 -0.013681 0.000046 
-0.003748 0.000046 0.013540 0.000046 
0.007765 0.000047 0.000289 0.000047 
0.013509 0.000047 -0.003285 0.000047 
-0.001793 0.000047 0.000133 0.000046 
-0.001036 0.000046 0.003698 0.000046 
0.000000 0.000000 0.000000 0.000000 
0.000000 0.000000 0.000000 0.000000 
0.000000 0.000000 0.000000 0.000000 
-0.005316 0.000114 0.000000 0.000000 
-0.023549 0.000228 0.009512 0.000228 
0.021725 0.000230 -0.013568 0.000227 
0.024323 0.000227 -0.003531 0.000227 
0.017376 0.000229 0.000908 0.000229 
-0.003250 0.000229 -0.002156 0.000230 
0.021532 0.000230 0.019051 0.000230 
-0.019305 0.000230 0.002521 0.000229 
-0.002976 0.000229 0.011525 0.000228 
0.000000 0.000000 0.000000 0.000000 
0.000000 0.000000 0.000000 0.000000 
0.014925 0.000629 0.000000 0.000000 
-0.003454 0.001258 -0.054767 0.001247 
-0.063036 0.001268 0.026366 0.001250 
-0.055693 0.001258 -0.030882 0.001253 
0.015642 0.001245 -0.008742 0.001264 
-0.013438 0.001269 0.036225 0.001266 
-0.035138 0.001264 -0.000815 0.001267 
-0.025744 0.001267 0.011537 0.001262 
0.004221 0.001265 -0.077212 0.001269 
0.017439 0.001253 -0.029709 0.001263 
0.000000 0.000000 0.000000 0.000000 
0.046253 0.003795 0.000000 0.000000 
0.034863 0.007635 -0.105739 0.007507 
-0.042362 0.007622 -0.153103 0.007551 
0.032904 0.007609 -0.119648 0.007617 
0.169234 0.007529 0.034451 0.007601 
-0.068838 0.007651 -0.105466 0.007581 
-0.151715 0.007643 0.144712 0.007706 
-0.073877 0.007679 -0.064622 0.007606 
-0.177306 0.007660 -0.001737 0.007613 
0.017333 0.007646 -0.037762 0.007663 
0.112662 0.007641 0.022584 0.007549 
0.034494 0.000002 0.000000 0.000000 
0.000000 0.000000 0.000000 0.000000 
0.000000 0.000000 0.000000 0.000000 
0.000000 0.000000 0.000000 0.000000 
0.000000 0.000000 0.000000 0.000000 
0.000000 0.000000 0.000000 0.000000 
0.000000 0.000000 0.000000 0.000000 
0.000000 0.000000 0.000000 0.000000 
0.000000 0.000000 0.000000 0.000000 
0.000000 0.000000 0.000000 0.000000 
0.000000 0.000000 0.000000 0.000000 
0.000261 0.000000 0.000000 0.000000 
-0.000018 0.000000 0.000455 0.000000 
0.000000 0.000000 0.000000 0.000000 
0.000000 0.000000 0.000000 0.000000 
0.000000 0.000000 0.000000 0.000000 
0.000000 0.000000 0.000000 0.000000 
0.000000 0.000000 0.000000 0.000000 
0.000000 0.000000 0.000000 0.000000 
0.000000 0.000000 0.000000 0.000000 
0.000000 0.000000 0.000000 0.000000 
0.000000 0.000000 0.000000 0.000000 
0.000103 0.000000 0.000000 0.000000 
-0.000491 0.000000 0.000062 0.000000 
0.000046 0.000000 0.000295 0.000000 
0.000000 0.000000 0.000000 0.000000 
0.000000 0.000000 0.000000 0.000000 
0.000000 0.000000 0.000000 0.000000 
0.000000 0.000000 0.000000 0.000000 
0.000000 0.000000 0.000000 0.000000 
0.000000 0.000000 0.000000 0.000000 
0.000000 0.000000 0.000000 0.000000 
0.000000 0.000000 0.000000 0.000000 
-0.000089 0.000000 0.000000 0.000000 
-0.000274 0.000000 0.000245 0.000000 
-0.000522 0.000000 -0.000609 0.000000 
0.000125 0.000000 0.000588 0.000000 
0.000000 0.000000 0.000000 0.000000 
0.000000 0.000000 0.000000 0.000000 
0.000000 0.000000 0.000000 0.000000 
0.000000 0.000000 0.000000 0.000000 
0.000000 0.000000 0.000000 0.000000 
0.000000 0.000000 0.000000 0.000000 
0.000000 0.000000 0.000000 0.000000 
0.000238 0.000000 0.000000 0.000000 
-0.000419 0.000000 -0.000282 0.000000 
-0.000490 0.000000 0.001128 0.000000 
0.000065 0.000000 -0.000253 0.000000 
-0.000324 0.000000 0.000328 0.000000 
0.000000 0.000000 0.000000 0.000000 
0.000000 0.000000 0.000000 0.000000 
0.000000 0.000000 0.000000 0.000000 
0.000000 0.000000 0.000000 0.000000 
0.000000 0.000000 0.000000 0.000000 
0.000000 0.000000 0.000000 0.000000 
0.000851 0.000000 0.000000 0.000000 
-0.000667 0.000001 0.001131 0.000001 
-0.000153 0.000001 -0.000879 0.000001 
-0.000382 0.000001 0.000035 0.000001 
0.000637 0.000001 0.001162 0.000001 
0.000565 0.000001 -0.000208 0.000001 
0.000000 0.000000 0.000000 0.000000 
0.000000 0.000000 0.000000 0.000000 
0.000000 0.000000 0.000000 0.000000 
0.000000 0.000000 0.000000 0.000000 
0.000000 0.000000 0.000000 0.000000 
-0.001019 0.000001 0.000000 0.000000 
-0.000098 0.000002 0.001039 0.000002 
0.001788 0.000002 -0.002778 0.000002 
-0.000339 0.000002 0.000808 0.000002 
0.000701 0.000002 -0.001283 0.000002 
-0.001012 0.000002 -0.003423 0.000002 
0.000939 0.000002 0.000606 0.000002 
0.000000 0.000000 0.000000 0.000000 
0.000000 0.000000 0.000000 0.000000 
0.000000 0.000000 0.000000 0.000000 
0.000000 0.000000 0.000000 0.000000 
-0.001064 0.000005 0.000000 0.000000 
-0.000815 0.000009 0.000058 0.000009 
-0.001362 0.000009 0.001742 0.000009 
0.002723 0.000009 0.001007 0.000009 
0.001295 0.000009 0.000976 0.000009 
-0.001408 0.000009 0.000615 0.000009 
-0.003255 0.000009 -0.000501 0.000009 
0.001552 0.000009 -0.000654 0.000009 
0.000000 0.000000 0.000000 0.000000 
0.000000 0.000000 0.000000 0.000000 
0.000000 0.000000 0.000000 0.000000 
-0.012453 0.000021 0.000000 0.000000 
0.017267 0.000042 -0.006799 0.000042 
-0.000960 0.000042 0.007846 0.000042 
0.008301 0.000042 0.003451 0.000042 
-0.000607 0.000042 0.008941 0.000042 
0.006336 0.000042 0.002561 0.000043 
-0.001128 0.000043 0.004755 0.000042 
0.002975 0.000042 0.003593 0.000042 
-0.006606 0.000042 0.006951 0.000042 
0.000000 0.000000 0.000000 0.000000 
0.000000 0.000000 0.000000 0.000000 
0.015716 0.000107 0.000000 0.000000 
-0.022997 0.000214 0.008259 0.000215 
0.007424 0.000215 0.000243 0.000213 
-0.007777 0.000214 0.013589 0.000213 
0.017130 0.000214 0.005430 0.000215 
0.007421 0.000215 -0.007350 0.000216 
-0.009479 0.000217 -0.004111 0.000216 
0.021922 0.000216 -0.003843 0.000215 
-0.018045 0.000215 0.005488 0.000216 
-0.006988 0.000214 0.005613 0.000216 
0.000000 0.000000 0.000000 0.000000 
-0.008575 0.000600 0.000000 0.000000 
0.072992 0.001204 0.025145 0.001196 
-0.043115 0.001209 0.011520 0.001198 
0.054565 0.001199 -0.030175 0.001200 
-0.029790 0.001197 -0.019023 0.001208 
0.009227 0.001204 -0.069532 0.001209 
0.039485 0.001214 -0.021552 0.001212 
0.039307 0.001215 0.025525 0.001210 
-0.033774 0.001213 0.039215 0.001207 
0.057248 0.001205 -0.049094 0.001216 
-0.016167 0.001208 -0.010335 0.001200 
0.022725 0.000001 0.000000 0.000000 
0.000000 0.000000 0.000000 0.000000 
0.000000 0.000000 0.000000 0.000000 
0.000000 0.000000 0.000000 0.000000 
0.000000 0.000000 0.000000 0.000000 
0.000000 0.000000 0.000000 0.000000 
0.000000 0.000000 0.000000 0.000000 
0.000000 0.000000 0.000000 0.000000 
0.000000 0.000000 0.000000 0.000000 
0.000000 0.000000 0.000000 0.000000 
0.000000 0.000000 0.000000 0.000000 
-0.000247 0.000000 0.000000 0.000000 
-0.000038 0.000000 -0.000446 0.000000 
0.000000 0.000000 0.000000 0.000000 
0.000000 0.000000 0.000000 0.000000 
0.000000 0.000000 0.000000 0.000000 
0.000000 0.000000 0.000000 0.000000 
0.000000 0.000000 0.000000 0.000000 
0.000000 0.000000 0.000000 0.000000 
0.000000 0.000000 0.000000 0.000000 
0.000000 0.000000 0.000000 0.000000 
0.000000 0.000000 0.000000 0.000000 
0.000118 0.000000 0.000000 0.000000 
0.000140 0.000000 0.000204 0.000000 
0.000166 0.000000 -0.000126 0.000000 
0.000000 0.000000 0.000000 0.000000 
0.000000 0.000000 0.000000 0.000000 
0.000000 0.000000 0.000000 0.000000 
0.000000 0.000000 0.000000 0.000000 
0.000000 0.000000 0.000000 0.000000 
0.000000 0.000000 0.000000 0.000000 
0.000000 0.000000 0.000000 0.000000 
0.000000 0.000000 0.000000 0.000000 
0.000096 0.000000 0.000000 0.000000 
0.000289 0.000000 -0.000322 0.000000 
0.000161 0.000000 0.000173 0.000000 
0.000021 0.000000 -0.000123 0.000000 
0.000000 0.000000 0.000000 0.000000 
0.000000 0.000000 0.000000 0.000000 
0.000000 0.000000 0.000000 0.000000 
0.000000 0.000000 0.000000 0.000000 
0.000000 0.000000 0.000000 0.000000 
0.000000 0.000000 0.000000 0.000000 
0.000000 0.000000 0.000000 0.000000 
0.000184 0.000000 0.000000 0.000000 
0.000004 0.000000 -0.000188 0.000000 
-0.000358 0.000000 -0.000224 0.000000 
-0.000118 0.000000 -0.000352 0.000000 
-0.000254 0.000000 -0.000062 0.000000 
0.000000 0.000000 0.000000 0.000000 
0.000000 0.000000 0.000000 0.000000 
0.000000 0.000000 0.000000 0.000000 
0.000000 0.000000 0.000000 0.000000 
0.000000 0.000000 0.000000 0.000000 
0.000000 0.000000 0.000000 0.000000 
-0.000107 0.000000 0.000000 0.000000 
-0.000239 0.000000 -0.000224 0.000000 
0.000164 0.000000 0.000094 0.000000 
-0.000605 0.000000 -0.000227 0.000000 
-0.000401 0.000000 -0.000349 0.000000 
0.000053 0.000000 -0.000016 0.000000 
0.000000 0.000000 0.000000 0.000000 
0.000000 0.000000 0.000000 0.000000 
0.000000 0.000000 0.000000 0.000000 
0.000000 0.000000 0.000000 0.000000 
0.000000 0.000000 0.000000 0.000000 
-0.000703 0.000000 0.000000 0.000000 
0.000122 0.000001 0.000966 0.000001 
-0.000074 0.000001 0.000057 0.000001 
-0.000012 0.000001 -0.000993 0.000001 
0.000150 0.000001 0.000178 0.000001 
-0.000581 0.000001 0.000858 0.000001 
-0.001356 0.000001 0.001154 0.000001 
0.000000 0.000000 0.000000 0.000000 
0.000000 0.000000 0.000000 0.000000 
0.000000 0.000000 0.000000 0.000000 
0.000000 0.000000 0.000000 0.000000 
-0.001173 0.000001 0.000000 0.000000 
-0.003085 0.000002 -0.000774 0.000002 
0.001250 0.000002 0.001536 0.000002 
-0.001093 0.000002 -0.000171 0.000002 
0.000812 0.000002 -0.001125 0.000002 
-0.001250 0.000002 0.000256 0.000002 
-0.001593 0.000002 -0.000765 0.000002 
-0.000646 0.000002 -0.000466 0.000002 
0.000000 0.000000 0.000000 0.000000 
0.000000 0.000000 0.000000 0.000000 
0.000000 0.000000 0.000000 0.000000 
0.005606 0.000004 0.000000 0.000000 
0.003333 0.000008 0.004771 0.000009 
-0.000677 0.000009 0.001026 0.000008 
0.001807 0.000008 0.000867 0.000008 
-0.000045 0.000009 -0.000527 0.000009 
-0.001957 0.000009 0.000219 0.000009 
-0.001268 0.000009 -0.001456 0.000009 
-0.001609 0.000009 -0.000427 0.000008 
0.003262 0.000009 -0.000830 0.000009 
0.000000 0.000000 0.000000 0.000000 
0.000000 0.000000 0.000000 0.000000 
-0.006260 0.000020 0.000000 0.000000 
0.008799 0.000040 -0.008770 0.000040 
0.000565 0.000040 -0.000691 0.000040 
-0.000691 0.000040 0.003280 0.000040 
-0.007688 0.000040 -0.000832 0.000040 
0.003683 0.000040 -0.012342 0.000040 
0.002198 0.000040 0.009557 0.000040 
0.001891 0.000040 -0.009859 0.000040 
0.014080 0.000040 0.004115 0.000040 
0.008928 0.000040 0.003041 0.000040 
0.000000 0.000000 0.000000 0.000000 
-0.009462 0.000104 0.000000 0.000000 
-0.008483 0.000207 -0.000730 0.000206 
0.021840 0.000208 0.007175 0.000208 
-0.013852 0.000206 -0.004697 0.000208 
0.005380 0.000207 0.008796 0.000208 
0.020505 0.000208 -0.006169 0.000209 
0.008191 0.000210 0.004625 0.000209 
0.006675 0.000211 0.016698 0.000209 
0.000872 0.000210 -0.018065 0.000209 
-0.033726 0.000208 -0.031454 0.000210 
-0.009833 0.000210 0.029306 0.000207 
