# MW x(kpc), MW y(kpc), MW z(kpc), MW vx(km/s), MW vy(km/s), MW vz(km/s) LMC x(kpc), LMC y(kpc), LMC z(kpc), LMC vx(km/s), LMC vy(km/s), LMC vz(km/s) 
-4.394495 2.050076 1.557547 -1.393459 3.003086 1.571048 24.330483 274.742972 58.548820 4.189220 -59.754143 -78.756799 
-4.498281 2.139476 1.590143 -4.928941 -0.116266 1.672928 24.442546 273.582157 56.991354 3.280700 -61.942163 -77.585719 
-4.530413 2.164922 1.623042 -3.262211 2.510976 1.854166 24.497616 272.359949 55.429480 4.701017 -63.330397 -75.767985 
-4.556353 2.218871 1.667224 -2.648155 5.007789 1.965753 24.577283 271.116270 53.884489 1.270104 -63.271896 -79.025841 
-4.641674 2.269926 1.713353 -2.724898 4.146857 2.126321 24.653032 269.783878 52.316406 4.175886 -62.588280 -78.254338 
-4.748970 2.364119 1.755582 -5.307867 0.801244 1.881378 24.727199 268.508190 50.760237 5.616943 -63.765850 -78.751044 
-4.795127 2.414090 1.794582 -5.082117 3.280313 1.998808 24.835381 267.210193 49.179588 6.618178 -68.784744 -78.327269 
-4.880466 2.427912 1.833333 -2.356991 1.768655 1.767576 24.915111 265.894523 47.574628 2.155680 -67.987133 -79.895597 
-4.945150 2.511314 1.883918 -4.310715 3.086071 1.881307 24.979703 264.487519 45.972818 2.098854 -68.678269 -79.257205 
-5.018924 2.549061 1.919089 -2.455258 2.773705 2.487446 25.025891 263.037393 44.368247 3.649259 -74.349326 -82.496314 
-5.071034 2.611355 1.968984 -2.236903 3.182853 2.182866 25.079179 261.593781 42.774758 4.284848 -74.224455 -82.482079 
-5.133787 2.707689 2.011274 -5.101853 2.833492 2.479695 25.126696 260.124202 41.185764 2.769530 -74.369015 -79.982827 
-5.220893 2.755780 2.064368 -4.035578 1.729824 2.448053 25.155748 258.579800 39.532680 2.344946 -76.652679 -80.092589 
-5.275838 2.822742 2.115968 -3.924404 2.804920 2.520560 25.220090 257.016506 37.895417 0.462100 -77.478814 -82.655433 
-5.328985 2.912263 2.161754 -5.341175 4.165550 2.388441 25.294736 255.467990 36.228502 4.588893 -80.956655 -82.256285 
-5.423063 2.979748 2.211187 -5.102761 3.442223 2.698915 25.331004 253.866889 34.584086 4.006438 -79.957792 -80.681805 
-5.541438 3.022266 2.258554 -2.879733 -0.006530 2.326851 25.354632 252.237384 32.974599 2.209293 -81.732660 -82.160472 
-5.547230 3.107247 2.308116 -3.064183 3.676061 2.339904 25.384478 250.557891 31.387628 -0.235891 -84.805492 -82.977210 
-5.601873 3.198721 2.358536 -3.976493 5.175023 2.106557 25.389112 248.829807 29.726484 3.424510 -86.791334 -81.010375 
-5.665125 3.252839 2.407463 -2.627243 5.962795 2.646726 25.418273 247.139394 28.083408 0.264558 -85.962090 -84.276926 
-5.729286 3.326699 2.455625 -1.434185 5.557248 2.157646 25.440904 245.374482 26.399016 1.480505 -89.533638 -83.039573 
-5.843455 3.483048 2.509511 -7.781471 2.972543 2.775740 25.473335 243.554067 24.743781 -0.179156 -92.946844 -85.043263 
-5.911981 3.538122 2.556535 -5.761041 3.465545 2.664213 25.479184 241.707235 23.069460 1.765864 -93.276145 -79.982059 
-5.973651 3.610005 2.609363 -3.676129 3.647608 2.857061 25.454094 239.829697 21.443133 0.419780 -93.762057 -82.244286 
-6.043267 3.721749 2.669076 -4.456857 4.165382 3.382022 25.442704 237.953730 19.819561 -0.094295 -96.827602 -81.689469 
-6.104882 3.805084 2.728355 -4.431721 5.877837 2.788815 25.430922 235.938760 18.120647 1.116747 -100.047602 -86.315505 
-6.174980 3.920928 2.778019 -5.150308 5.699994 2.860623 25.466626 233.946267 16.404341 -0.101138 -102.037885 -80.421064 
-6.285407 3.996368 2.847328 -3.570380 2.401624 2.783665 25.435689 231.985069 14.763226 -1.196535 -100.667835 -83.156613 
-6.312380 4.066464 2.910509 -1.523778 5.858461 3.428799 25.394693 229.882970 13.125791 -0.734246 -105.349932 -83.997078 
-6.356654 4.206067 2.974239 -4.237108 7.354314 3.200885 25.344261 227.745372 11.479647 -2.676113 -108.403976 -86.219628 
-6.425631 4.311500 3.035393 -2.929892 7.762175 3.095134 25.329055 225.577533 9.801083 -0.840204 -107.623129 -83.241116 
-6.518538 4.413573 3.105313 -1.992997 6.643275 3.525316 25.306556 223.388524 8.117413 -2.948609 -108.563669 -80.728103 
-6.589720 4.557398 3.168050 -3.423282 7.020031 2.721626 25.261190 221.205946 6.476234 -2.583906 -109.987893 -82.272196 
-6.645919 4.670701 3.238366 -2.927442 6.934103 3.561933 25.196863 218.944862 4.760285 -1.706860 -115.881588 -83.002322 
-6.773739 4.769629 3.300382 -0.702873 2.433616 3.510405 25.167913 216.646659 3.132945 -3.419304 -117.838438 -82.876405 
-6.817218 4.915638 3.364434 -1.955030 5.493363 3.325052 25.135664 214.274755 1.441380 -1.046307 -118.366662 -83.900791 
-6.874294 5.059276 3.429583 -2.340018 6.313019 3.329441 25.027402 211.908875 -0.178549 -3.574194 -121.083703 -85.433688 
-6.916023 5.231925 3.500739 -4.552087 8.127052 3.224913 24.940529 209.452365 -1.866394 -5.681882 -124.408070 -84.629335 
-6.987933 5.326860 3.554694 -1.353266 7.774165 3.056913 24.851850 206.953745 -3.488447 -5.282777 -124.922324 -80.677893 
-7.102289 5.464036 3.615040 -1.267426 3.690999 3.231438 24.746749 204.405996 -5.194116 -5.785886 -131.121042 -83.779072 
-7.098084 5.638246 3.683540 -3.231329 9.580518 2.993275 24.580871 201.833349 -6.845680 -4.247849 -134.918908 -80.674274 
-7.184494 5.801410 3.749524 -4.855190 8.007983 3.564263 24.498213 199.141431 -8.520514 -5.891471 -135.575976 -81.423771 
-7.268017 5.970679 3.810962 -6.211382 7.446011 2.980935 24.405837 196.412949 -10.154060 -7.807864 -135.965641 -82.178742 
-7.325123 6.036728 3.883237 -0.093119 8.838439 3.261510 24.258002 193.725190 -11.808856 -7.386397 -137.658542 -83.145693 
-7.421442 6.208324 3.944003 -1.490210 6.900895 2.830318 24.127369 190.911480 -13.404394 -7.214692 -142.147429 -81.046244 
-7.474511 6.407254 4.001963 -4.371555 7.752640 3.138805 23.985197 188.020907 -15.038269 -7.752296 -144.650810 -81.762936 
-7.539648 6.545566 4.065134 -2.175757 8.050715 3.272926 23.830676 185.062695 -16.689834 -8.713467 -146.968539 -83.538032 
-7.600681 6.723567 4.123793 -2.853845 8.074918 2.976333 23.666979 182.106833 -18.363720 -9.490203 -152.143507 -79.130959 
-7.613380 6.904560 4.192437 -2.587166 11.769017 3.178777 23.472999 179.063676 -19.954621 -12.026695 -154.979232 -79.736906 
-7.692375 7.092992 4.256742 -3.738301 10.798957 3.581107 23.245412 175.940573 -21.549115 -10.540051 -157.538238 -79.960565 
-7.773720 7.270646 4.329340 -1.351187 9.789444 3.427010 23.081145 172.731173 -23.106225 -10.835157 -159.818760 -80.455542 
-7.862747 7.445175 4.396807 -2.233256 7.999141 3.679175 22.839048 169.513765 -24.688686 -11.907732 -163.052188 -79.201406 
-7.906737 7.666689 4.475694 -4.707198 8.839204 3.673603 22.617690 166.264426 -26.323048 -10.161479 -165.227730 -76.045821 
-7.979892 7.825764 4.542613 -1.800000 8.983720 3.822976 22.339433 162.891459 -27.869703 -12.846952 -171.126211 -79.920599 
-7.999307 8.053849 4.615508 -4.201998 11.381798 3.292164 22.118735 159.458986 -29.388297 -14.023213 -173.243673 -76.325202 
-8.064289 8.253468 4.679594 -2.632710 11.591357 3.284056 21.813486 155.926196 -30.920979 -13.651826 -178.306128 -77.418509 
-8.126255 8.475673 4.741886 -3.879543 11.418834 3.441339 21.460020 152.401199 -32.449619 -16.932274 -183.134975 -75.562792 
-8.195647 8.691993 4.810075 -3.458698 12.073714 3.734500 21.171162 148.772357 -33.914981 -17.439804 -185.955222 -74.470082 
-8.257629 8.930153 4.878980 -3.932927 11.892428 2.969795 20.856684 145.010606 -35.374692 -17.622449 -188.551531 -72.775481 
-8.323146 9.136241 4.940924 -1.911851 12.441173 3.302541 20.525864 141.176926 -36.799271 -17.931959 -194.576030 -69.561996 
-8.383674 9.385107 5.002438 -3.507629 12.388065 3.469502 20.172967 137.281154 -38.228194 -19.182350 -196.160488 -68.928472 
-8.475482 9.633420 5.069201 -4.501619 9.745674 2.610433 19.807593 133.309896 -39.610852 -19.157667 -203.843655 -67.762147 
-8.505685 9.842876 5.124995 -2.667021 11.814770 2.924267 19.389424 129.155964 -40.937302 -19.232541 -204.636147 -68.238130 
-8.517595 10.062109 5.180163 -0.875903 15.510880 2.443693 18.940628 125.001785 -42.196893 -22.739899 -213.407298 -63.004406 
-8.618648 10.363256 5.227233 -4.180931 12.790919 2.429986 18.511309 120.721648 -43.439839 -22.516149 -216.136246 -59.418504 
-8.674088 10.593112 5.265071 -1.705540 11.957399 2.454248 18.022592 116.329022 -44.637278 -26.949080 -223.478881 -57.457345 
-8.661266 10.884027 5.308282 -1.820631 16.365083 1.809565 17.472971 111.871660 -45.816315 -25.285651 -226.733330 -58.102497 
-8.744693 11.149021 5.344757 -1.816423 14.445283 1.574843 16.953374 107.254694 -46.909177 -27.352926 -231.261919 -53.159560 
-8.812229 11.448455 5.369988 -3.499708 12.815970 1.050697 16.443266 102.581878 -47.890907 -28.715456 -239.582394 -47.828725 
-8.864693 11.730709 5.385152 -1.984632 13.262154 0.438166 15.863153 97.763768 -48.858080 -32.333439 -244.210115 -47.701435 
-8.877681 12.031743 5.398779 -2.014608 14.592164 0.010884 15.161894 92.789642 -49.731118 -32.583137 -249.543587 -41.573898 
-8.912017 12.347118 5.397876 -1.798012 15.780991 -0.344240 14.457885 87.739212 -50.553452 -33.785341 -254.719279 -38.373444 
-8.950895 12.639992 5.393101 0.049019 15.098405 -0.540732 13.796585 82.560085 -51.257805 -36.895803 -261.445688 -31.322793 
-8.979281 12.961895 5.376565 0.946857 15.374825 -1.135560 13.022977 77.260081 -51.792184 -37.741254 -269.693116 -27.349265 
-8.978645 13.336996 5.346933 -2.673064 17.375641 -1.580586 12.203659 71.821921 -52.253775 -40.273955 -277.034913 -19.603185 
-9.026694 13.674995 5.311604 -1.637760 15.577214 -2.024494 11.351956 66.186941 -52.600404 -44.142955 -281.150147 -11.518547 
-9.019039 14.031479 5.265454 -1.738783 17.687599 -2.761152 10.432514 60.464599 -52.738824 -46.425744 -289.374569 -1.867822 
-9.020081 14.358037 5.202966 0.475825 18.103526 -3.482258 9.465752 54.597717 -52.739308 -49.687270 -296.485443 5.714751 
-9.035683 14.761415 5.129062 -0.610290 19.396958 -4.407972 8.441467 48.596874 -52.443274 -53.771290 -302.524410 17.644357 
-9.024996 15.129571 5.040247 0.199030 20.401240 -5.318959 7.336768 42.505639 -52.002685 -59.359859 -309.594702 28.461489 
-9.032771 15.507306 4.917560 1.088666 20.465375 -6.850397 6.134978 36.237865 -51.279499 -60.223712 -313.817170 39.813608 
-9.042045 15.918013 4.781857 0.681372 19.724489 -7.419226 4.878481 29.919767 -50.275300 -67.293013 -318.611447 58.180185 
-9.052418 16.293426 4.619294 1.896400 17.913646 -9.153268 3.543586 23.492129 -48.946681 -70.239418 -319.856878 76.093294 
-9.003320 16.699256 4.415418 0.604330 20.213794 -10.869118 2.105304 17.059445 -47.241459 -74.214457 -321.937726 95.325983 
-8.974374 17.050576 4.186740 4.794765 20.312860 -12.266948 0.571926 10.603027 -45.145550 -78.082825 -320.239573 114.036359 
-8.949311 17.453220 3.921530 2.305479 19.435213 -14.255339 -1.026022 4.286601 -42.627015 -82.019703 -317.417861 133.889346 
-8.911537 17.852721 3.630467 0.780575 17.981257 -15.410768 -2.600932 -1.948509 -39.750161 -82.125089 -306.494915 153.108941 
-8.865031 18.179969 3.298051 1.930635 17.823178 -17.072719 -4.249704 -7.968981 -36.418261 -85.410192 -296.264061 175.297618 
-8.818318 18.506941 2.946307 2.783875 17.489437 -18.263079 -6.010945 -13.746035 -32.725433 -88.509392 -279.791582 193.773319 
-8.800502 18.817456 2.564499 1.356302 14.711457 -19.405437 -7.808066 -19.201804 -28.778147 -89.093635 -266.146859 208.318554 
-8.793882 19.067490 2.168633 2.223365 12.858778 -19.970490 -9.646556 -24.300450 -24.510366 -88.236680 -250.770692 219.250376 
-8.736304 19.333508 1.758743 0.793124 12.099211 -20.625108 -11.368350 -29.141836 -20.059626 -89.497898 -229.899994 227.019571 
-8.736026 19.537746 1.340319 1.774299 9.257557 -20.936894 -13.103857 -33.597084 -15.417948 -84.674218 -213.207842 235.518070 
-8.727140 19.724389 0.920255 1.903980 6.728614 -20.979903 -14.806316 -37.663405 -10.670432 -85.102017 -195.017394 239.758729 
-8.643550 19.871052 0.501171 3.224672 8.849217 -20.521610 -16.535053 -41.416172 -5.884312 -81.482022 -176.523819 240.972238 
-8.629243 20.041128 0.088240 0.766238 7.411529 -20.322848 -18.175225 -44.801714 -1.059902 -80.861151 -159.407359 242.138101 
-8.622816 20.161501 -0.315879 1.429719 5.526783 -19.571564 -19.767052 -47.860586 3.761791 -77.274358 -147.257845 238.648405 
-8.610745 20.279531 -0.699009 0.100990 5.713333 -18.859948 -21.260768 -50.659381 8.538374 -74.674435 -134.070328 236.917319 
-8.634698 20.376259 -1.072374 1.261709 2.754882 -18.278712 -22.726233 -53.268568 13.293734 -74.117758 -124.001734 237.920060 
-8.593804 20.448209 -1.426036 1.458582 4.865953 -17.458300 -24.163846 -55.615143 17.922296 -73.056879 -112.590574 233.476007 
-8.605297 20.537258 -1.768603 0.212592 4.341711 -16.697612 -25.588714 -57.796005 22.570116 -71.080645 -99.504536 229.294323 
-8.640008 20.610199 -2.090466 -1.121007 1.083022 -15.541897 -26.982602 -59.738641 27.101376 -68.316038 -93.535332 223.118868 
-8.652116 20.666712 -2.395658 -0.698225 1.459200 -15.024775 -28.278340 -61.547378 31.519350 -63.205538 -84.803508 221.041661 
-8.682301 20.736469 -2.685124 -1.990198 1.626067 -14.312342 -29.547123 -63.100593 35.980856 -60.564396 -76.486924 218.478291 
-8.675373 20.759315 -2.967718 -1.239624 3.266436 -13.939501 -30.803998 -64.487034 40.301633 -60.807530 -67.279619 218.209094 
-8.747718 20.806472 -3.228708 -1.782040 0.744691 -12.522546 -31.951090 -65.725078 44.512046 -57.003048 -57.991126 209.484726 
-8.775695 20.846079 -3.473651 -2.515313 -0.018493 -12.237406 -33.099663 -66.902188 48.662227 -53.910564 -52.139693 204.484343 
-8.800392 20.826488 -3.705820 0.417310 2.149996 -11.623658 -34.195503 -67.898374 52.698833 -53.648795 -47.339895 198.468225 
-8.843236 20.874052 -3.930135 -0.771626 0.347541 -11.288137 -35.297920 -68.732622 56.669306 -50.411485 -39.047167 195.711098 
-8.833994 20.900934 -4.131925 -2.732055 3.550559 -10.365698 -36.281483 -69.511606 60.562452 -52.000301 -36.578382 191.010556 
-8.912764 20.922748 -4.329545 -1.581741 2.269374 -9.394426 -37.295137 -70.227596 64.371536 -49.651240 -30.453027 188.195516 
-9.004629 20.949448 -4.502295 -2.426591 0.081070 -8.694067 -38.318133 -70.770457 68.072404 -47.878598 -23.983001 185.259247 
-9.028910 20.963139 -4.669967 -1.754994 2.943123 -8.447671 -39.249851 -71.231285 71.737296 -48.214703 -21.567179 180.606768 
-9.103070 20.988937 -4.831323 -3.614081 0.942831 -7.969372 -40.121329 -71.628294 75.293612 -45.790282 -19.364854 176.625847 
-9.149624 20.989460 -4.979998 -3.019811 1.488625 -7.694753 -41.025649 -71.976264 78.802821 -43.188967 -13.781425 170.578407 
-9.224046 20.998910 -5.126534 -2.236877 0.412614 -7.450861 -41.897651 -72.238361 82.206190 -42.939898 -11.526828 165.612249 
-9.324862 21.033465 -5.263482 -4.885608 -0.740765 -6.703372 -42.743309 -72.384666 85.470189 -40.306122 -8.248424 164.525771 
-9.394169 21.030358 -5.390954 -3.907604 -0.788218 -6.429714 -43.550553 -72.506966 88.671777 -37.074333 -2.114751 159.448975 
-9.468501 21.023307 -5.509902 -3.489000 -1.328662 -5.914289 -44.299010 -72.526839 91.919803 -39.705846 -0.063404 157.179148 
-9.536885 21.029644 -5.616551 -4.211304 -0.845271 -5.260429 -45.053536 -72.486630 95.109161 -35.968012 4.676244 152.209556 
-9.568969 20.996719 -5.717300 -2.690137 1.189484 -4.885091 -45.753934 -72.370628 98.085946 -35.084354 6.214964 149.309092 
-9.694087 21.049985 -5.810894 -5.723363 -0.538745 -4.474034 -46.520909 -72.208572 101.068930 -35.840047 6.695552 145.655096 
-9.787417 21.044373 -5.897722 -4.576118 -1.194195 -4.204016 -47.213230 -72.104976 103.978677 -33.389983 11.334779 143.827689 
-9.897967 21.034569 -5.987574 -5.308948 -2.912259 -3.863227 -47.888448 -71.853805 106.842304 -31.960753 11.816361 139.767367 
-9.962271 21.022932 -6.066247 -4.590074 -1.218925 -4.173154 -48.546899 -71.547726 109.562224 -31.455474 17.238815 134.486314 
-10.041289 21.025146 -6.142990 -4.224860 -1.310411 -3.540831 -49.152474 -71.155333 112.271374 -30.940918 19.041624 131.456873 
-10.113120 21.032633 -6.217519 -4.239946 -0.506579 -3.437020 -49.718806 -70.707939 114.848964 -32.899085 21.848928 128.511475 
-10.162368 21.026946 -6.285060 -3.786654 1.320175 -3.543804 -50.332748 -70.357277 117.433273 -29.555228 23.734348 127.263480 
-10.269806 21.034586 -6.345774 -3.626695 0.104166 -3.292788 -50.905622 -69.855453 119.982486 -29.053607 24.712715 125.318215 
-10.350515 21.089433 -6.400922 -6.810289 0.547038 -2.384285 -51.438243 -69.353326 122.451476 -25.460548 25.467258 121.299691 
-10.462750 21.104578 -6.456608 -6.729009 -0.026114 -2.134332 -51.984641 -68.742940 124.816434 -26.543545 29.673289 118.528398 
-10.588042 21.106557 -6.506829 -5.942197 -2.461347 -2.452756 -52.544067 -68.163808 127.166942 -23.457031 28.293092 112.990676 
-10.659487 21.060409 -6.556908 -3.646219 -0.826938 -2.185514 -53.057332 -67.634452 129.434156 -24.972743 32.199830 112.138294 
-10.698660 21.022552 -6.585334 -0.595360 1.162301 -1.788156 -53.463223 -66.938218 131.607819 -23.370619 33.445645 109.226803 
-10.781216 21.061305 -6.621008 -2.470066 2.215755 -1.781780 -53.881170 -66.220715 133.758834 -21.165615 38.084263 106.181055 
-10.841642 21.156437 -6.660537 -7.624155 3.732586 -1.841734 -54.400047 -65.491635 135.887784 -21.463534 38.325568 104.110440 
-10.964089 21.187005 -6.691514 -7.089155 3.216500 -1.348712 -54.888767 -64.751472 137.939739 -20.250892 38.717347 99.862425 
-11.087920 21.211470 -6.718339 -7.350265 2.371200 -1.549140 -55.242307 -64.023988 139.932175 -19.713672 40.902635 98.370552 
-11.228000 21.230575 -6.741324 -7.294596 -1.523344 -0.880030 -55.593528 -63.159970 141.854230 -19.960649 42.976792 95.275519 
-11.327790 21.174950 -6.760174 -2.258942 -1.617183 -0.965410 -55.958257 -62.230249 143.692073 -17.560586 44.312724 92.487788 
-11.397062 21.165437 -6.785989 -1.770452 0.566025 -1.243240 -56.283721 -61.345403 145.515182 -17.990432 43.416810 88.186630 
-11.406939 21.195436 -6.804873 -1.635470 4.971109 -1.020471 -56.655041 -60.523996 147.312468 -17.869683 45.396239 85.863453 
-11.500471 21.244573 -6.826695 -4.458841 5.052308 -1.056779 -56.986930 -59.595184 148.954206 -16.056984 47.716673 84.815713 
-11.599131 21.370046 -6.855825 -10.504426 5.313286 -1.686007 -57.313427 -58.614935 150.613936 -15.917035 51.382796 79.361414 
-11.745969 21.367600 -6.875858 -10.015073 1.023570 -1.428435 -57.626766 -57.616919 152.233990 -11.793670 47.963916 79.764453 
-11.912506 21.369993 -6.899542 -8.602411 -2.955846 -1.054706 -57.901682 -56.577322 153.778711 -12.431037 49.451636 75.192593 
-12.041549 21.323976 -6.927118 -4.675242 -4.294698 -1.060084 -58.167045 -55.614725 155.207923 -13.594575 49.923726 73.683728 
-12.092517 21.295458 -6.945508 -3.300514 -1.248919 -1.244546 -58.425193 -54.564147 156.654054 -12.392671 56.981606 71.576166 
-12.152028 21.299572 -6.968454 -2.955054 1.432007 -1.846607 -58.624721 -53.496739 158.070719 -13.463398 56.762105 69.214784 
-12.191025 21.336600 -6.989326 -5.234928 4.538978 -1.213628 -58.883447 -52.415926 159.450777 -12.490671 57.197922 63.979362 
-12.335173 21.052177 -7.060799 10.463880 -6.922157 -1.425353 -59.057960 -51.326000 160.703337 -9.329740 54.144764 64.472174 
