# MW x(kpc), MW y(kpc), MW z(kpc), MW vx(km/s), MW vy(km/s), MW vz(km/s) LMC x(kpc), LMC y(kpc), LMC z(kpc), LMC vx(km/s), LMC vy(km/s), LMC vz(km/s) 
-4.394495 2.050076 1.557547 -1.393459 3.003086 1.571048 24.330086 276.743725 58.548844 4.429983 -58.870945 -79.158085 
-4.498280 2.139466 1.590138 -4.928901 -0.117077 1.672405 24.441172 275.602822 56.991069 3.717642 -60.906852 -77.475084 
-4.530393 2.164909 1.623013 -3.264494 2.510231 1.852503 24.498776 274.400694 55.429170 4.630070 -62.332340 -75.727679 
-4.556307 2.218739 1.667163 -2.646348 5.008248 1.966046 24.578827 273.179528 53.884558 1.603964 -62.101838 -78.990753 
-4.641713 2.269820 1.713251 -2.730202 4.141432 2.124675 24.654381 271.867059 52.318906 3.965437 -61.825344 -78.123063 
-4.749020 2.363949 1.755407 -5.316348 0.796109 1.875604 24.730427 270.612949 50.760292 5.472158 -62.541599 -78.961474 
-4.795275 2.413664 1.794346 -5.077738 3.266195 1.995288 24.837723 269.334433 49.184826 6.571655 -67.998239 -78.550717 
-4.880377 2.426168 1.832969 -2.263665 1.764016 1.760504 24.916508 268.043051 47.577140 2.454305 -66.536650 -79.842814 
-4.944920 2.511006 1.883694 -4.347534 3.102346 1.869996 24.980928 266.659941 45.977810 2.190299 -67.486252 -79.220001 
-5.018912 2.547779 1.918605 -2.420248 2.775294 2.481549 25.029137 265.233711 44.373229 3.259235 -73.181301 -82.468623 
-5.071806 2.610159 1.968498 -2.234320 3.129074 2.181479 25.082445 263.816588 42.778001 4.582014 -72.995888 -82.628645 
-5.133824 2.706248 2.010666 -5.088948 2.837103 2.473776 25.129670 262.370610 41.185992 3.246301 -72.796021 -79.703727 
-5.221008 2.754364 2.063802 -4.064297 1.735666 2.444697 25.162382 260.853367 39.534509 2.245756 -75.378783 -80.217129 
-5.280513 2.797803 2.115217 -2.116384 2.461559 2.534081 25.226117 259.317274 37.895101 0.805221 -75.751649 -82.735568 
-5.323083 2.912778 2.161853 -5.571473 4.638991 2.396021 25.302594 257.791922 36.233320 4.618906 -79.695312 -82.233332 
-5.423444 2.976167 2.210288 -5.046509 3.422819 2.694976 25.344996 256.221267 34.587098 4.130862 -78.861516 -81.219600 
-5.542138 3.018715 2.257398 -2.860872 -0.053876 2.331992 25.365238 254.614888 32.979500 1.709576 -80.008563 -81.631116 
-5.546258 3.104610 2.306540 -3.140725 3.760567 2.323564 25.400415 252.966400 31.392157 -0.344216 -83.351838 -82.607787 
-5.605812 3.194925 2.357523 -4.022891 4.914794 2.113205 25.396082 251.262894 29.736807 2.804792 -86.018356 -82.022775 
-5.657319 3.242407 2.406393 -2.190198 6.599458 2.630457 25.430214 249.604966 28.089848 0.557724 -84.433732 -84.085419 
-5.762597 3.331940 2.449076 -2.133510 3.007789 2.183069 25.450553 247.874363 26.410120 1.297174 -88.230059 -83.038847 
-5.789534 3.366431 2.508697 0.682110 6.788240 2.811330 25.495802 246.081684 24.748959 -0.516336 -91.387888 -84.899387 
-5.911555 3.523012 2.554484 -5.121847 3.552934 2.663855 25.511575 244.261667 23.077879 2.718672 -92.419696 -79.737179 
-5.973423 3.606841 2.607847 -4.005741 3.735039 2.834659 25.485947 242.420513 21.455104 -0.590082 -91.277203 -82.549826 
-6.010746 3.693170 2.663873 -3.083911 6.836389 3.377336 25.463855 240.580198 19.838130 -0.198931 -94.730357 -82.000502 
-6.108599 3.810120 2.725615 -5.509501 5.727307 2.786243 25.454353 238.592791 18.139125 1.776718 -98.600430 -85.606647 
-6.174883 3.915010 2.775116 -5.478866 5.828287 2.844491 25.501188 236.644250 16.425252 -0.035289 -99.717750 -80.877188 
-6.293295 3.970989 2.842378 -2.489132 1.942627 2.775284 25.473458 234.699814 14.782876 -1.282199 -98.999614 -83.040461 
-6.314717 4.055386 2.907582 -1.622340 5.817838 3.408396 25.425927 232.642493 13.150833 -1.004868 -102.603633 -84.413510 
-6.432589 4.165575 2.972444 -2.042551 1.413605 3.260216 25.387128 230.536993 11.495438 -1.850265 -106.709991 -86.037145 
-6.433166 4.275720 3.034378 -1.304074 7.277727 3.079487 25.378472 228.409256 9.825939 -1.304888 -105.110798 -83.444075 
-6.524662 4.407749 3.102381 -2.746550 6.408878 3.526928 25.355192 226.254654 8.135881 -1.731288 -107.492837 -81.184366 
-6.588275 4.534989 3.164783 -2.958212 7.365660 2.731336 25.309263 224.100307 6.504922 -0.385333 -109.522390 -82.997889 
-6.679169 4.653771 3.230089 -3.021773 4.426639 3.592675 25.252573 221.878565 4.788604 -2.808106 -112.101201 -83.756126 
-6.679006 4.767735 3.293315 -2.219642 10.262857 3.427438 25.248791 219.618700 3.149692 -3.453080 -114.960764 -83.502284 
-6.775585 4.919951 3.360085 -3.945814 8.951990 3.257458 25.204724 217.301449 1.463348 -0.695902 -115.768785 -83.901361 
-6.859982 5.054837 3.427612 -3.768025 7.566202 3.307801 25.086276 214.979787 -0.157869 -3.663243 -118.293883 -84.638026 
-6.953644 5.199413 3.489970 -4.001157 5.501424 3.267131 25.011670 212.563601 -1.833034 -5.359261 -121.804365 -84.505759 
-7.006064 5.327185 3.550289 -3.240709 6.633811 3.045280 24.941738 210.114297 -3.483991 -4.743532 -123.213055 -81.454648 
-7.089919 5.485865 3.609166 -5.060312 5.230243 3.145738 24.825900 207.611254 -5.162800 -6.790500 -128.216896 -83.263738 
-7.108882 5.624218 3.680798 -4.528517 9.194590 3.008201 24.680710 205.073361 -6.798119 -4.816165 -133.528460 -80.783569 
-7.189117 5.769163 3.748303 -4.850321 8.092955 3.528618 24.593947 202.436678 -8.468847 -5.817547 -132.497820 -81.580740 
-7.273616 5.918199 3.809068 -4.891234 7.501985 2.993572 24.506046 199.779135 -10.107471 -6.796383 -132.063221 -83.034218 
-7.320350 6.009340 3.876372 -0.696513 9.747869 3.290221 24.379485 197.136410 -11.757624 -8.242801 -135.536122 -80.320705 
-7.414016 6.168957 3.939312 -1.488732 7.997619 2.895989 24.234011 194.381120 -13.349961 -6.704333 -139.153751 -79.912220 
-7.463139 6.354999 4.001368 -3.365337 9.109846 3.122102 24.100076 191.548936 -15.006082 -7.477428 -141.548790 -82.549268 
-7.533979 6.511451 4.058624 -2.713014 9.068347 3.296560 23.959913 188.648114 -16.666715 -8.482231 -145.189045 -82.373045 
-7.626188 6.664645 4.121192 -2.012306 6.779316 2.971255 23.791471 185.740380 -18.295315 -9.686865 -149.182831 -80.014925 
-7.662866 6.829496 4.189855 -0.539607 8.441593 3.176070 23.629443 182.766090 -19.928654 -11.004088 -153.435032 -79.244768 
-7.728141 7.055269 4.254495 -4.798713 8.918435 3.636237 23.433766 179.692783 -21.498224 -9.436129 -154.260711 -78.536116 
-7.808726 7.232722 4.328296 -2.848612 7.764181 3.436807 23.232145 176.556112 -23.055305 -10.309489 -157.143646 -80.052304 
-7.869136 7.380195 4.399121 -1.585170 8.377928 3.658562 23.028420 173.418447 -24.669390 -10.039784 -159.759024 -79.492825 
-7.898261 7.595343 4.473601 -3.970844 10.433905 3.725160 22.803138 170.234195 -26.265941 -11.105196 -163.704611 -77.773789 
-7.953954 7.792748 4.538681 -4.233166 11.836802 3.783765 22.550220 166.919315 -27.824142 -12.329850 -166.291489 -78.855575 
-8.026580 7.989141 4.614628 -4.344137 10.440458 3.331137 22.336657 163.542792 -29.347407 -12.312633 -169.711082 -78.595792 
-8.080764 8.181080 4.681297 -2.712027 11.306091 3.293257 22.049625 160.105082 -30.878983 -14.261829 -173.509265 -77.682371 
-8.146054 8.387529 4.743144 -3.105618 11.179769 3.525079 21.725362 156.657629 -32.447203 -16.578101 -177.453642 -75.075210 
-8.215292 8.649923 4.812952 -6.212270 11.686778 3.853636 21.459926 153.104082 -33.892371 -15.912564 -182.415666 -73.570897 
-8.279387 8.861220 4.882563 -5.144238 11.777384 2.917010 21.154079 149.454618 -35.358632 -16.112021 -185.808869 -73.822105 
-8.353018 9.075588 4.942976 -4.323899 11.553895 3.424673 20.800864 145.690144 -36.805403 -17.278966 -190.360020 -72.318471 
-8.413412 9.278492 5.011691 -2.557720 11.797876 3.542290 20.491990 141.880007 -38.262143 -16.501472 -190.499935 -70.869283 
-8.492556 9.505413 5.072645 -2.240012 10.279371 2.639174 20.161964 138.015183 -39.621294 -18.923738 -200.545550 -69.046810 
-8.549846 9.721126 5.133113 -1.446990 10.114940 3.153419 19.739169 133.964800 -40.997479 -18.404765 -200.283114 -66.233977 
-8.590555 9.984845 5.187260 -3.256970 12.252671 2.610345 19.352851 129.922569 -42.266658 -24.362972 -206.474804 -62.451903 
-8.651730 10.229949 5.242184 -2.728013 12.500786 2.543923 18.925342 125.746011 -43.525558 -21.964430 -210.274596 -59.790371 
-8.682531 10.469616 5.297347 -1.083335 13.587008 2.523194 18.477514 121.484216 -44.798560 -24.546801 -214.312500 -58.791296 
-8.762754 10.740517 5.332055 -1.389680 10.846052 2.110836 17.945916 117.155160 -45.981653 -22.074623 -220.080761 -58.156062 
-8.775563 11.050619 5.370040 -4.239709 14.650428 1.874457 17.468986 112.669072 -47.121696 -24.893950 -222.426577 -55.141861 
-8.850482 11.295366 5.401074 -2.865791 12.558336 1.211170 16.985755 108.129898 -48.178708 -27.907609 -231.015021 -49.505453 
-8.869120 11.568379 5.425009 -0.991913 15.414601 0.902464 16.462173 103.438873 -49.168539 -29.675709 -237.079370 -49.619091 
-8.928883 11.880619 5.443593 -2.432473 13.916307 0.485925 15.803908 98.660557 -50.132604 -31.852230 -241.279397 -45.111174 
-8.978017 12.173136 5.453970 -1.928321 13.748495 0.045297 15.164086 93.766283 -51.041079 -30.578859 -247.441695 -40.673570 
-8.995331 12.481471 5.454634 -1.459366 15.596661 -0.005100 14.506296 88.728484 -51.796379 -32.007704 -252.021452 -36.947490 
-8.988036 12.763870 5.447973 1.024916 18.087496 -0.808359 13.781295 83.592989 -52.445542 -34.535921 -262.819372 -31.128270 
-9.047392 13.113648 5.431708 -0.645587 16.705365 -0.833126 13.047623 78.302247 -53.027219 -38.383937 -268.107909 -24.501320 
-9.084139 13.445275 5.405122 -0.476088 15.447229 -1.617384 12.278656 72.866499 -53.481853 -39.624300 -272.916416 -19.245173 
-9.075131 13.788756 5.375861 -0.796098 18.981197 -1.864550 11.379166 67.300509 -53.774391 -42.476652 -280.134735 -10.842102 
-9.079863 14.134910 5.327351 -0.208701 19.087731 -2.819123 10.499146 61.646620 -53.942335 -44.677807 -284.752758 -1.959867 
-9.128979 14.510598 5.269134 -0.935328 18.263470 -3.450039 9.565048 55.869834 -53.894631 -47.762083 -293.768232 6.862823 
-9.160420 14.874442 5.199431 -0.356380 17.297319 -3.989548 8.567766 49.960166 -53.669437 -53.550558 -300.765402 18.900828 
-9.126851 15.252504 5.102592 0.234925 20.249529 -5.545839 7.488780 43.875850 -53.245520 -57.356917 -304.679514 28.864374 
-9.137819 15.649785 5.001352 -0.237991 20.361908 -5.800621 6.297434 37.698790 -52.557158 -61.863718 -312.581109 42.547340 
-9.140733 16.052031 4.872382 -0.838903 20.667507 -7.268711 5.107923 31.382779 -51.630578 -64.460084 -314.773985 56.871880 
-9.126252 16.412494 4.703536 0.794935 20.343802 -8.866337 3.757492 25.031088 -50.277308 -66.991500 -319.767379 73.992843 
-9.117369 16.800994 4.517736 1.661159 20.140790 -10.388240 2.325264 18.650754 -48.652247 -70.405378 -320.052492 88.611215 
-9.099953 17.182345 4.300908 2.044969 19.158505 -11.850411 0.860669 12.320659 -46.649710 -74.497018 -320.377334 110.052791 
-9.086591 17.571451 4.045812 1.867643 17.728631 -13.367841 -0.568326 5.965282 -44.269802 -77.042510 -314.490189 129.546099 
-9.034354 17.944437 3.762816 2.168670 17.937295 -14.975167 -2.179012 -0.233452 -41.431123 -80.078603 -309.029039 150.224294 
-8.985312 18.295257 3.445198 1.502202 18.071453 -16.422259 -3.802342 -6.284717 -38.244394 -85.029141 -295.152486 171.288941 
-8.985453 18.608624 3.097187 3.927668 16.109159 -17.524103 -5.592843 -12.078433 -34.689487 -87.279728 -285.181090 184.894519 
-8.933423 18.932025 2.739159 1.604316 16.326147 -18.595666 -7.306595 -17.624359 -30.824467 -88.946971 -269.295449 202.760849 
-8.934898 19.197495 2.352123 2.293655 12.604408 -19.744770 -9.052291 -22.839174 -26.641181 -88.915489 -254.058519 217.075147 
-8.894574 19.420839 1.943176 3.808530 12.231442 -20.584241 -10.793776 -27.744882 -22.192049 -85.621947 -234.859265 224.214942 
-8.860501 19.650466 1.530838 4.402361 10.411156 -20.784097 -12.522469 -32.279285 -17.641043 -87.304930 -217.605906 231.886437 
-8.844336 19.864142 1.115538 3.033704 8.759863 -20.597439 -14.267180 -36.453480 -12.926700 -84.645663 -199.074777 234.896429 
-8.792616 20.075566 0.696826 0.484050 9.253677 -20.466936 -15.918026 -40.294036 -8.140560 -81.076623 -181.447573 242.562750 
-8.801412 20.187254 0.291133 3.078859 6.629139 -20.123498 -17.526484 -43.745514 -3.334696 -82.062768 -165.193507 239.530146 
-8.807500 20.388315 -0.114638 -0.456016 2.763027 -19.927095 -19.105086 -46.917861 1.507327 -77.712268 -150.056186 242.041667 
-8.758372 20.474989 -0.506866 1.588596 5.524488 -19.215768 -20.660786 -49.824198 6.269697 -74.301026 -140.999625 240.366812 
-8.781259 20.589271 -0.885590 0.308225 3.288831 -18.290718 -22.098432 -52.504851 11.043629 -76.099656 -128.521025 238.229161 
-8.742297 20.691231 -1.246492 -1.231461 4.313987 -17.522108 -23.588025 -54.989396 15.768131 -72.464504 -117.144990 233.939208 
-8.746915 20.763241 -1.590944 0.002652 4.617430 -17.013541 -25.017057 -57.206874 20.441618 -70.366066 -104.828603 229.080431 
-8.764239 20.813784 -1.923227 0.188725 3.270315 -15.958370 -26.395771 -59.228273 25.008719 -67.108277 -94.367290 228.618917 
-8.797424 20.910743 -2.245304 -2.024785 2.681148 -15.666795 -27.679854 -60.990386 29.513711 -61.782371 -84.539245 226.058947 
-8.817676 20.949910 -2.540884 -1.197386 2.382880 -14.841803 -28.914797 -62.582356 33.988847 -60.802190 -76.112201 221.588772 
-8.851338 20.992032 -2.826995 -0.853891 1.256503 -13.704510 -30.142222 -64.052242 38.394407 -60.493462 -71.725106 216.030803 
-8.849238 21.053214 -3.091955 -2.303156 2.319080 -12.979390 -31.382876 -65.393507 42.698849 -59.674285 -61.904131 212.555286 
-8.887639 21.086757 -3.345424 -2.603259 2.946579 -13.172409 -32.472537 -66.565824 46.858507 -56.099819 -54.668633 205.541135 
-8.942195 21.087440 -3.588466 -1.294001 0.528833 -12.453686 -33.593258 -67.573401 50.982938 -54.738420 -49.266808 202.426670 
-8.975918 21.148145 -3.823741 -3.310381 0.987165 -11.470079 -34.633264 -68.513116 55.043820 -53.059369 -42.393182 198.366056 
-9.029629 21.147863 -4.030499 -1.898114 0.609013 -10.920580 -35.718545 -69.288067 58.912882 -52.984600 -37.082343 194.332122 
-9.091364 21.165199 -4.228667 -2.603625 0.341098 -9.780393 -36.721856 -69.992428 62.769863 -52.392574 -31.550857 190.739242 
-9.117767 21.188477 -4.408985 -2.670555 2.232212 -9.041020 -37.742399 -70.501577 66.600356 -49.891808 -30.382854 188.532970 
-9.173300 21.163926 -4.587274 -1.424620 1.393961 -8.836378 -38.667228 -71.061847 70.286920 -47.688726 -23.055157 181.226109 
-9.220522 21.200881 -4.753066 -2.776528 1.744538 -8.272950 -39.576008 -71.566480 73.922400 -42.606568 -18.118115 177.212973 
-9.295900 21.254925 -4.915868 -4.734765 1.017486 -7.939657 -40.483187 -71.906298 77.451503 -42.525750 -15.330706 173.431221 
-9.370405 21.260351 -5.064563 -4.241220 0.561669 -7.892083 -41.331653 -72.111172 80.925312 -41.648887 -10.635069 170.753248 
-9.455452 21.266428 -5.210428 -3.003090 -0.092451 -7.184641 -42.145866 -72.288139 84.288397 -41.845918 -5.429160 168.995350 
-9.540154 21.240262 -5.345514 -2.614792 -1.292443 -6.601849 -42.987030 -72.405789 87.629356 -39.238731 -3.601847 162.046810 
-9.582173 21.284607 -5.462849 -4.707855 0.013680 -5.777867 -43.731089 -72.441557 90.860035 -40.541958 -0.809771 160.635470 
-9.636966 21.248529 -5.585240 -3.208555 0.494022 -5.585581 -44.510414 -72.391759 94.011678 -39.011596 3.090005 158.443078 
-9.717439 21.262412 -5.691210 -4.026823 0.538835 -5.054322 -45.249041 -72.303235 97.144673 -35.984241 4.310924 152.806976 
-9.787430 21.285138 -5.792554 -4.919343 1.499523 -4.533693 -46.006747 -72.214048 100.180134 -35.839009 8.151357 148.604626 
-9.904427 21.256032 -5.882387 -3.298436 -0.241772 -4.492840 -46.695484 -72.030324 103.110476 -32.852672 9.018756 146.815181 
-10.012066 21.228857 -5.971004 -2.278854 -2.649352 -3.987958 -47.348960 -71.864397 105.999426 -32.991562 13.470871 142.671588 
-10.068082 21.283189 -6.053807 -5.055983 -0.769435 -3.900284 -48.004456 -71.511257 108.822488 -30.503621 18.441810 136.909060 
-10.139037 21.246860 -6.137191 -2.553095 -0.448449 -4.118890 -48.591799 -71.129689 111.585418 -32.911014 18.494826 135.718328 
-10.216758 21.255310 -6.214345 -2.563837 -0.353342 -3.092283 -49.218249 -70.698980 114.241824 -30.075774 22.578107 132.623796 
-10.277672 21.286314 -6.287708 -4.653782 1.020729 -3.092582 -49.801960 -70.258279 116.892636 -30.411339 24.146720 130.626971 
-10.346092 21.320368 -6.345820 -6.456230 1.761107 -3.312077 -50.401468 -69.827053 119.482648 -30.425569 25.050891 127.010203 
-10.496707 21.331505 -6.406547 -6.585037 -1.466506 -2.769410 -50.998578 -69.305292 121.967867 -26.211338 25.392930 124.265413 
-10.614653 21.353120 -6.466420 -6.412819 -3.208769 -2.773630 -51.540517 -68.774478 124.419912 -28.520184 27.752172 119.458443 
-10.695081 21.271261 -6.517940 -1.670268 -2.532475 -2.529551 -52.006569 -68.181137 126.819948 -25.556538 29.428927 116.180258 
-10.742691 21.262382 -6.560279 -1.294578 0.479620 -1.933802 -52.541888 -67.541067 129.128413 -25.630834 31.096003 112.985831 
-10.818709 21.271737 -6.601098 -0.938243 1.958152 -2.350743 -53.026639 -66.873796 131.387725 -23.781579 33.775101 112.530901 
-10.847099 21.337540 -6.647420 -4.587283 5.170345 -1.800610 -53.482544 -66.242541 133.648293 -21.087788 34.201997 110.371034 
-10.951646 21.432344 -6.681762 -8.496117 4.840263 -1.766923 -53.887905 -65.451473 135.770191 -21.509533 37.684156 107.067034 
-11.115443 21.436988 -6.713801 -7.333532 0.280143 -1.418006 -54.329285 -64.663447 137.862263 -21.176201 39.850142 102.495597 
-11.232328 21.417243 -6.745169 -5.340068 -0.172416 -1.133969 -54.805205 -63.894677 139.923392 -23.421281 42.771360 101.798163 
-11.329096 21.407601 -6.762861 -4.080945 -0.587271 -1.291889 -55.179006 -63.062051 141.890861 -20.130292 43.330314 98.008506 
-11.407747 21.386733 -6.788096 -1.036478 0.932706 -1.066823 -55.517191 -62.256454 143.824655 -18.359563 42.546066 92.181289 
-11.435713 21.404749 -6.811183 -1.341768 4.714916 -1.070830 -55.863566 -61.326274 145.637991 -17.021569 44.861864 92.682859 
-11.491954 21.486085 -6.831896 -4.863479 7.287430 -1.244022 -56.262973 -60.445064 147.488718 -17.174956 47.397208 89.514800 
-11.612692 21.541908 -6.861774 -7.939562 5.261285 -1.465498 -56.605981 -59.547320 149.250858 -17.526211 48.075351 86.525416 
-11.773158 21.605357 -6.887195 -10.442606 0.449262 -1.332090 -56.937372 -58.608502 150.942299 -15.605549 48.160571 85.196373 
-11.885984 21.585423 -6.913989 -8.997722 -0.336671 -1.788823 -57.234966 -57.595769 152.621984 -15.417729 49.560700 80.166058 
-12.030864 21.549499 -6.941095 -5.853459 -2.737820 -1.365988 -57.516432 -56.566541 154.169580 -14.146678 51.240881 79.574959 
-12.114710 21.521764 -6.967195 -2.935573 -1.662567 -1.344781 -57.813175 -55.536461 155.743480 -11.643382 51.262422 76.416160 
-12.138200 21.509427 -6.984979 -1.425510 3.783272 -1.352372 -58.030436 -54.529610 157.226644 -12.981356 52.806991 73.452612 
-12.195494 21.500890 -7.021395 -1.929023 5.464256 -1.534065 -58.254680 -53.456672 158.704342 -12.024541 52.778390 70.310178 
-12.324778 21.969820 -7.064259 -24.459728 4.509762 -1.323689 -58.510662 -52.352579 160.061492 -10.378842 53.962734 68.016861 
