# MW x(kpc), MW y(kpc), MW z(kpc), MW vx(km/s), MW vy(km/s), MW vz(km/s) LMC x(kpc), LMC y(kpc), LMC z(kpc), LMC vx(km/s), LMC vy(km/s), LMC vz(km/s) 
-4.394495 2.050076 1.557547 -1.393459 3.003086 1.571048 24.329858 277.743937 58.550052 4.008927 -59.199502 -77.489848 
-4.498280 2.139461 1.590136 -4.928854 -0.117663 1.672230 24.443054 276.582454 56.991105 3.975283 -59.211029 -77.765664 
-4.530394 2.164890 1.623002 -3.264518 2.509417 1.851901 24.498245 275.360641 55.429183 3.226297 -59.822951 -78.292919 
-4.556284 2.218688 1.667129 -2.647901 5.006303 1.964424 24.577923 274.118864 53.884979 3.838294 -58.715634 -76.895175 
-4.641676 2.269660 1.713197 -2.721203 4.144487 2.122530 24.654763 272.787999 52.317462 4.754358 -59.119232 -76.591120 
-4.749044 2.364026 1.755318 -5.331054 0.792018 1.870041 24.732195 271.514404 50.758541 1.583533 -61.595707 -79.619227 
-4.795292 2.413465 1.794202 -5.080394 3.259452 1.993863 24.838852 270.216583 49.183525 1.018137 -61.749125 -79.689177 
-4.880443 2.426727 1.832891 -2.322011 1.762526 1.762337 24.917464 268.906881 47.579782 2.419478 -60.812749 -79.074251 
-4.945144 2.510442 1.883494 -4.329447 3.087524 1.873422 24.983893 267.506509 45.977845 2.263952 -57.410284 -73.969292 
-5.018666 2.547172 1.918387 -2.405602 2.803816 2.483449 25.029390 266.063008 44.372121 -0.634638 -63.419705 -80.859165 
-5.072386 2.609674 1.968207 -2.238336 3.085786 2.188706 25.084757 264.626971 42.778810 1.662713 -61.591755 -79.629023 
-5.134044 2.705822 2.010238 -5.104288 2.824647 2.469817 25.131664 263.163044 41.184958 -0.224121 -71.721435 -77.434256 
-5.220891 2.752308 2.063083 -3.967045 1.728144 2.438825 25.163797 261.624683 39.535323 -2.265125 -64.949986 -81.957502 
-5.276291 2.819105 2.114389 -3.864379 2.795951 2.511049 25.228679 260.071072 37.899907 -2.812234 -65.079268 -82.182840 
-5.324729 2.911336 2.161181 -5.531741 4.521354 2.385413 25.303667 258.532970 36.235364 3.872067 -89.746061 -83.775644 
-5.423648 2.975187 2.209886 -5.061568 3.417200 2.693913 25.344084 256.943255 34.590173 -3.978877 -66.269683 -82.996694 
-5.544965 3.016711 2.256825 -2.799146 -0.275302 2.326657 25.367268 255.321756 32.982124 -4.439805 -67.195822 -83.414264 
-5.544971 3.105014 2.305601 -3.305540 3.877366 2.312137 25.402908 253.650326 31.391093 -0.071352 -63.597637 -81.181452 
-5.601800 3.192693 2.356299 -3.962955 5.222609 2.105026 25.403359 251.937081 29.733747 -5.643092 -67.722280 -84.038742 
-5.656928 3.240082 2.405798 -2.149721 6.657041 2.618481 25.431981 250.261959 28.089822 -6.185035 -68.310388 -84.455238 
-5.762518 3.330904 2.448270 -2.223320 3.038923 2.184710 25.457655 248.508844 26.414068 -1.226198 -65.448109 -82.511064 
-5.842623 3.468520 2.506600 -7.320948 3.096301 2.768824 25.497460 246.699857 24.750417 -1.321778 -65.635138 -82.694095 
-5.910251 3.513303 2.553881 -4.554604 3.661929 2.666372 25.522407 244.870392 23.078809 18.824198 -52.825977 -93.496490 
-5.957282 3.600999 2.606941 -3.803874 5.018781 2.807029 25.490501 243.013058 21.461771 -3.026421 -67.514642 -83.642465 
-6.000225 3.691903 2.659893 -3.232730 7.706743 3.382108 25.474619 241.153627 19.841009 4.509664 -70.657113 -59.771261 
-6.109943 3.783249 2.726680 -3.726316 5.590292 2.776093 25.466919 239.148405 18.145310 18.226047 -49.857400 -90.278040 
-6.153399 3.887820 2.773176 -3.667394 7.402972 2.831933 25.514038 237.179752 16.433961 18.942633 -48.772562 -92.494190 
-6.251641 4.009580 2.838258 -5.660417 5.143538 2.776366 25.477216 235.240618 14.791623 -6.926232 -67.354818 -81.580795 
-6.318590 4.051674 2.905776 -1.664752 5.576462 3.425954 25.437676 233.145981 13.157732 18.746742 -167.475987 -59.331972 
-6.401982 4.182715 2.974716 -3.714904 3.956203 3.234766 25.391943 231.034208 11.502294 -9.531046 -54.519869 -62.091747 
-6.439134 4.308096 3.031808 -4.116194 6.957320 3.084931 25.396343 228.884239 9.826363 -12.307309 -74.456852 -88.739145 
-6.514056 4.414501 3.102189 -3.655929 7.275500 3.514843 25.363980 226.722974 8.143914 -22.058964 -63.418132 -97.381205 
-6.610846 4.541691 3.157512 -3.983394 5.630298 2.722013 25.332396 224.552313 6.506960 0.806064 -67.519022 -73.111119 
-6.662929 4.647572 3.227500 -3.001675 5.820789 3.591462 25.267308 222.314617 4.799671 -16.200660 -73.488451 -95.628189 
-6.783198 4.740386 3.296016 -0.406430 2.008120 3.485871 25.263864 220.048141 3.155450 -5.458662 -121.135562 -83.841265 
-6.802927 4.900673 3.359181 -2.927340 6.919672 3.284948 25.224743 217.710230 1.479676 -8.542774 -84.972455 -71.333412 
-6.860356 5.058279 3.427645 -4.591845 7.625196 3.294349 25.122035 215.378663 -0.146065 -20.659262 -66.031697 -91.194085 
-6.965387 5.175422 3.486838 -2.812141 4.696905 3.262962 25.030768 212.946993 -1.819976 30.704331 -158.490035 -65.466126 
-7.002291 5.304315 3.549016 -2.173765 7.075166 3.061176 24.969935 210.481765 -3.466537 5.821826 -94.535942 -43.559652 
-7.092248 5.466812 3.612180 -4.222841 5.111787 3.208692 24.857406 207.954056 -5.143044 17.226529 -48.489774 -92.230492 
-7.085039 5.599050 3.677813 -3.237717 10.983485 3.019864 24.710475 205.406595 -6.774871 10.529250 -64.025780 -66.999782 
-7.185149 5.754797 3.741870 -4.425394 8.587363 3.538643 24.606344 202.775471 -8.455681 -7.365056 -64.080316 -75.209864 
-7.261978 5.834155 3.810604 0.560686 8.826242 3.022530 24.509519 200.093362 -10.092342 17.683237 -47.648741 -92.909951 
-7.357394 6.036746 3.871627 -3.388915 6.899507 3.329696 24.407349 197.433614 -11.756117 11.132571 -64.574640 -66.048294 
-7.394313 6.151591 3.938751 -1.058919 9.571575 2.929214 24.268277 194.657404 -13.325819 -11.004972 -78.397867 -35.357608 
-7.471465 6.347581 3.996422 -3.610616 8.630740 3.120655 24.129744 191.811556 -14.983881 18.548883 -47.144182 -93.539171 
-7.559770 6.538756 4.057210 -5.889659 6.986718 3.276870 23.985220 188.907787 -16.652081 -21.483536 -86.158727 -54.201384 
-7.572825 6.658885 4.122698 -2.263344 11.292417 2.942254 23.819198 185.990989 -18.281106 12.189086 -65.242511 -65.294364 
-7.635196 6.842577 4.188280 -2.484800 10.861528 3.237698 23.650977 182.993785 -19.904838 -16.666977 -96.058768 -35.424209 
-7.705212 7.041153 4.254570 -4.840715 10.688871 3.613006 23.449652 179.913590 -21.471191 13.817090 -65.687315 -65.416139 
-7.816438 7.202183 4.326213 -1.523707 7.543485 3.473822 23.277237 176.787474 -23.062714 -20.496750 -184.795527 -67.552132 
-7.861376 7.408197 4.395996 -4.700629 8.836162 3.564476 23.063022 173.608831 -24.641347 -7.050652 -107.329626 -76.302844 
-7.909213 7.570261 4.470251 -3.233572 9.687795 3.784088 22.849440 170.406785 -26.266860 -5.848717 -182.259829 -80.010921 
-7.980196 7.749562 4.541185 -2.052246 10.005613 3.785970 22.596718 167.074483 -27.829260 11.607839 -65.877507 -64.104320 
-8.030736 7.956283 4.613755 -2.989053 10.344293 3.209391 22.396389 163.694233 -29.335211 -8.737189 -69.270367 -87.084570 
-8.096798 8.151738 4.684509 -1.665155 10.492505 3.348412 22.103248 160.284286 -30.867835 -9.249605 -71.471835 -88.109743 
-8.155028 8.361037 4.745853 -2.526894 10.608314 3.479474 21.761803 156.804486 -32.429627 -34.110277 -192.945841 7.319613 
-8.242318 8.568262 4.807638 -1.720409 9.852822 3.789447 21.507013 153.240958 -33.891616 -15.556140 -81.536109 -92.664030 
-8.244583 8.800175 4.872829 -1.935125 14.369579 2.904369 21.221327 149.557213 -35.350791 -19.171955 -82.085505 -93.292755 
-8.336527 9.046015 4.947138 -3.656543 12.907320 3.387136 20.874148 145.818781 -36.791680 21.152911 -47.205644 -92.831884 
-8.419987 9.222807 5.014082 0.387298 12.016483 3.619600 20.536719 141.999469 -38.240055 -38.814569 -86.677773 -37.251454 
-8.487317 9.488042 5.079141 -2.396691 10.888733 2.657405 20.205840 138.131939 -39.625921 -65.429946 -187.741049 -56.378112 
-8.545111 9.721534 5.135262 -2.908396 10.892907 3.015168 19.806267 134.045372 -40.980130 -43.812512 -77.146342 -114.074516 
-8.582438 9.942809 5.192577 -1.564240 13.063086 2.675754 19.418488 129.988543 -42.256393 -50.747146 -71.617254 -117.220941 
-8.672322 10.202085 5.235713 -2.300523 11.216252 2.635248 18.992865 125.799628 -43.518622 -12.763938 -151.118783 -13.245189 
-8.700306 10.482523 5.283692 -3.960192 12.247851 2.678106 18.531874 121.533500 -44.801118 -83.286160 -139.978281 -75.083410 
-8.723954 10.728973 5.335311 -1.751231 14.149782 1.913740 18.060099 117.202490 -45.976016 -22.071795 -224.064691 -56.305594 
-8.767218 11.015550 5.372557 -3.792992 15.640435 2.068079 17.567722 112.693542 -47.113273 55.328145 -70.703185 -31.303467 
-8.822701 11.298802 5.405966 -5.155901 14.993032 1.299592 17.039397 108.152282 -48.161409 -43.919592 -218.661525 -17.617257 
-8.888155 11.526067 5.426383 0.434114 14.453674 0.939193 16.529186 103.456214 -49.168371 44.748802 -81.218565 -33.090550 
-8.919944 11.849419 5.444488 -2.183147 14.991209 0.412183 15.883830 98.628119 -50.107735 -11.291041 -130.384261 -44.239650 
-8.982582 12.163879 5.452045 -2.688258 13.398210 -0.086422 15.202691 93.755619 -51.025110 -7.814188 -64.997204 -85.268480 
-8.997327 12.454796 5.459271 -1.913175 15.726317 -0.015721 14.573932 88.700740 -51.781834 50.806166 -44.203964 -133.670008 
-9.006248 12.772109 5.448609 -1.514205 17.525241 -0.867101 13.856785 83.554484 -52.426017 -14.409171 -76.886401 -91.872145 
-9.057825 13.098829 5.436753 -1.899460 16.141702 -1.020474 13.142891 78.259529 -52.990717 -14.708242 -69.377478 -88.844318 
-9.080052 13.440676 5.409362 -2.414888 16.249264 -1.570083 12.344308 72.792262 -53.466153 -14.397399 -72.075328 -89.430330 
-9.084601 13.767991 5.375385 -1.510318 18.152944 -1.724496 11.452417 67.248335 -53.788395 51.843684 -79.194660 -25.690153 
-9.110852 14.106322 5.329538 -0.103565 17.260599 -2.588579 10.587330 61.587596 -53.951190 -25.679451 -90.783173 -98.148948 
-9.120342 14.475546 5.268057 -0.704897 18.916064 -3.152861 9.666537 55.759043 -53.907335 -39.154464 -102.087862 -112.434525 
-9.170788 14.833338 5.202863 0.370644 16.904425 -4.328639 8.639863 49.878470 -53.691914 -101.162902 -315.291492 152.703797 
-9.141560 15.251831 5.104408 -2.166314 19.029534 -5.410127 7.529087 43.757577 -53.260908 -54.086261 -122.148963 -53.479570 
-9.162557 15.635132 5.003845 -1.021642 18.506579 -5.750264 6.408927 37.565992 -52.585206 -56.943616 -46.065934 -135.289172 
-9.156988 16.009324 4.873405 -0.172744 19.476582 -7.328473 5.150295 31.300839 -51.622651 11.778737 -174.549196 -70.171311 
-9.132974 16.367785 4.706643 2.022442 20.302036 -8.951790 3.805991 24.922893 -50.297608 -67.963549 -323.848509 76.537821 
-9.128964 16.779049 4.521857 1.004910 19.362231 -10.207038 2.409022 18.556124 -48.675656 32.203872 -76.917456 -54.652514 
-9.112925 17.143859 4.300018 1.619137 18.914662 -11.723702 0.947795 12.164660 -46.673313 -17.246222 -76.378169 -93.304430 
-9.078661 17.519148 4.050684 3.139716 18.432565 -13.478673 -0.539019 5.846622 -44.306298 -73.732896 -249.654346 -16.104667 
-9.042505 17.890871 3.764287 3.038206 17.540782 -14.853100 -2.098246 -0.392210 -41.444330 -10.962287 -65.819914 -86.384263 
-9.014928 18.274296 3.447646 1.235958 16.727263 -16.290678 -3.722528 -6.486290 -38.288527 -72.619493 -315.529430 233.412385 
-8.960771 18.605298 3.105034 1.099878 17.381617 -17.642255 -5.515778 -12.250261 -34.741080 -30.104659 -95.428408 -101.418644 
-8.964082 18.887142 2.739007 1.535464 13.997355 -18.301743 -7.275931 -17.814976 -30.873651 20.135316 -70.764614 -52.937920 
-8.938712 19.206160 2.355900 -0.379478 12.610510 -20.129483 -9.020440 -22.977254 -26.706292 -17.686895 -67.122923 -90.009005 
-8.892377 19.424391 1.954830 1.041861 12.970522 -20.222848 -10.788501 -27.919233 -22.291741 -46.687471 -113.582653 -116.092848 
-8.867557 19.651384 1.538592 1.101561 10.721725 -20.913555 -12.511324 -32.452901 -17.711264 -19.557724 -72.314674 -91.750841 
-8.823834 19.824716 1.124321 3.343458 10.082931 -20.541674 -14.232646 -36.676952 -13.005367 -20.120249 -72.023784 -91.709532 
-8.804759 20.025140 0.706278 1.146322 8.550699 -20.434603 -15.895603 -40.456248 -8.242391 -112.198135 -302.324854 78.399812 
-8.774599 20.163807 0.298684 2.480739 8.280723 -20.431681 -17.526276 -43.960435 -3.415974 -44.136616 -115.944203 6.994976 
-8.758507 20.333907 -0.109885 0.148392 6.593171 -19.512055 -19.111284 -47.167840 1.390397 -20.794729 -78.500428 -94.925117 
-8.799408 20.466258 -0.502237 -0.492871 3.532598 -19.066159 -20.609517 -50.093546 6.182969 -33.706806 -116.524998 -35.046067 
-8.787509 20.559051 -0.875066 -0.633821 3.161540 -18.743173 -22.116133 -52.815151 10.926830 -23.527866 -231.385087 33.734660 
-8.753167 20.624748 -1.230861 1.214846 4.179092 -17.269632 -23.611633 -55.250756 15.632873 -22.244922 -79.712188 -95.667619 
-8.746744 20.738734 -1.577181 -1.842475 3.383170 -16.882280 -25.024334 -57.494990 20.246691 -23.841662 -93.095456 -102.276221 
-8.775349 20.771727 -1.911391 0.157997 1.899769 -16.245988 -26.372081 -59.525731 24.800721 -15.853683 -251.856112 110.296773 
-8.800986 20.879002 -2.228493 -1.848263 2.093547 -15.772119 -27.685485 -61.335520 29.356043 -74.136513 -270.200679 130.867449 
-8.809545 20.899258 -2.529734 -0.050674 2.004573 -14.740573 -29.005510 -62.919114 33.839808 -26.394649 -96.620276 -103.889951 
-8.822031 20.956507 -2.809911 -0.709859 2.784378 -13.487526 -30.251961 -64.453230 38.219490 -89.853399 -171.949734 -21.895425 
-8.831357 21.001353 -3.076807 -0.560482 3.595678 -13.533322 -31.437288 -65.796231 42.534464 30.948090 -76.915698 -50.473943 
-8.898233 21.021939 -3.331747 -1.127567 1.801760 -12.823426 -32.544304 -66.961214 46.643232 -32.831990 -102.231271 -105.448585 
-8.923888 21.073806 -3.574354 -2.336747 1.702833 -12.344841 -33.683047 -67.993319 50.786512 70.452599 -92.867134 -4.878990 
-8.971271 21.074701 -3.809263 -0.687939 -0.418040 -11.704334 -34.757028 -68.900967 54.798508 -10.177706 -226.624319 -18.399747 
-9.013594 21.109896 -4.018081 -2.649048 1.310970 -10.304979 -35.789886 -69.785235 58.778363 -33.270208 -102.956071 -106.087176 
-9.083901 21.125965 -4.216925 -2.691593 -0.103676 -9.834445 -36.858961 -70.503314 62.599984 -55.746139 -111.823084 -116.539897 
-9.131655 21.121163 -4.397389 -0.940323 0.521610 -9.108548 -37.879292 -71.109045 66.416305 -39.843272 -107.061232 -107.412763 
-9.153843 21.166339 -4.572552 -2.882649 2.626235 -8.819091 -38.836448 -71.619705 70.135136 -60.412148 -234.721235 98.414459 
-9.204900 21.165026 -4.740226 -2.874517 1.893507 -8.543404 -39.689604 -72.046201 73.711337 -25.372257 -82.113534 -97.637276 
-9.308310 21.209689 -4.901748 -3.243608 -0.876211 -8.150736 -40.598160 -72.473011 77.280135 -27.357678 -92.234791 -101.899183 
-9.376534 21.212250 -5.057105 -3.422313 -0.395527 -7.797050 -41.500767 -72.732448 80.753069 -63.762616 -110.707105 -29.663953 
-9.423861 21.223301 -5.201032 -3.209149 0.627408 -7.315216 -42.347893 -72.891809 84.123785 -26.063032 -79.096252 -96.109361 
-9.504272 21.201027 -5.335614 -1.419368 -0.076923 -6.668163 -43.141160 -73.046292 87.425398 -26.690175 -82.293991 -97.855990 
-9.544794 21.220487 -5.458523 -3.739018 1.862999 -6.011142 -43.918336 -73.103569 90.704563 -10.832471 -19.918070 -61.542385 
-9.625803 21.203779 -5.576589 -2.215889 0.552666 -5.761624 -44.702989 -73.109984 93.921819 -23.945518 -67.491049 -93.181453 
-9.701446 21.212231 -5.684838 -3.264088 0.318292 -5.075446 -45.469346 -73.005282 97.040605 -3.535964 -165.577777 94.947460 
-9.801933 21.241307 -5.787000 -5.160232 -0.544778 -4.767911 -46.175901 -72.968702 100.062851 55.070126 -95.282487 -21.381971 
-9.913160 21.227513 -5.883182 -4.535988 -1.954548 -4.845645 -46.880624 -72.796158 102.977025 -16.230082 -69.520544 -90.653595 
-9.974949 21.217765 -5.972494 -3.857734 -1.136558 -4.099395 -47.547812 -72.564113 105.883586 -19.807338 -25.953567 -65.982146 
-10.060308 21.194763 -6.058643 -2.597243 -1.993888 -4.240973 -48.191346 -72.294102 108.726248 57.578098 -21.247886 -130.539720 
-10.118955 21.215003 -6.137864 -3.147708 0.372542 -3.949656 -48.848785 -71.946113 111.487225 44.532464 21.642117 -196.565478 
-10.214256 21.227689 -6.213585 -3.142744 -0.819282 -3.609061 -49.476587 -71.571489 114.177684 -11.648016 -61.566107 -61.195816 
-10.258375 21.236445 -6.288441 -3.618105 1.338965 -3.558837 -50.113007 -71.130722 116.837169 17.303754 14.573388 -149.938218 
-10.371852 21.261047 -6.354055 -5.389575 -0.229464 -3.206053 -50.699919 -70.715074 119.378373 29.628083 -76.302396 -42.515961 
-10.482862 21.285481 -6.415683 -6.318178 -1.830885 -3.310589 -51.243859 -70.184499 121.902399 -1.184470 -71.351913 -117.076316 
-10.576810 21.312298 -6.478232 -6.770037 -1.362897 -3.104758 -51.801124 -69.674322 124.432615 -33.276763 -105.539274 -109.840749 
-10.704081 21.274121 -6.527121 -3.556969 -3.032961 -1.875117 -52.353463 -69.158519 126.816999 -30.755170 -90.717409 -103.659500 
-10.763674 21.242969 -6.571414 -2.336649 -1.681489 -2.051225 -52.856872 -68.504973 129.150451 38.278414 -80.964526 -42.753141 
-10.789004 21.237496 -6.616551 -1.461573 2.536657 -2.431712 -53.343517 -67.841040 131.440096 42.947849 82.266620 -86.095425 
-10.878666 21.278242 -6.652086 -3.949887 2.488071 -1.684853 -53.799094 -67.181061 133.652693 -16.304870 -25.467296 -46.847778 
-10.958289 21.350067 -6.694708 -6.440129 3.720784 -1.885619 -54.270628 -66.467629 135.841765 -32.310365 -90.205970 -104.552232 
-11.090760 21.392541 -6.722392 -7.643692 1.829257 -1.582935 -54.711561 -65.802772 137.961649 119.980546 -58.822168 27.762855 
-11.214358 21.375745 -6.748094 -5.433958 -0.883396 -1.539221 -55.154107 -64.957516 139.989208 56.938719 -92.111919 -28.628735 
-11.330698 21.367259 -6.775343 -4.325226 -1.700141 -1.165760 -55.526306 -64.127141 141.987873 22.023876 -44.016685 -122.928440 
-11.403460 21.352512 -6.802787 -1.991295 -0.080712 -1.266804 -55.895062 -63.298024 143.925267 -38.057048 -11.899424 -32.873261 
-11.430284 21.368071 -6.824813 -1.671405 3.661137 -1.234406 -56.264869 -62.466514 145.768394 -56.363664 -169.337651 97.704062 
-11.489812 21.425313 -6.852925 -4.663416 5.989363 -1.534783 -56.687349 -61.630503 147.615205 22.294682 -8.836989 -271.307211 
-11.598287 21.481887 -6.879021 -7.524678 3.834676 -1.727949 -57.075141 -60.731268 149.382725 -45.373718 -218.118536 16.504388 
-11.723507 21.548427 -6.908226 -10.937682 2.749025 -1.399896 -57.306953 -59.782556 151.137447 -47.858017 -171.395118 87.431132 
-11.864598 21.527247 -6.935367 -8.438416 -0.410169 -1.356855 -57.681370 -58.736340 152.817352 61.403053 -94.839418 -24.031575 
-12.031660 21.524767 -6.957779 -7.269593 -4.055706 -1.275486 -57.972751 -57.747477 154.397736 27.897507 -18.004146 -71.383268 
-12.115506 21.472346 -6.987610 -3.956285 -3.162850 -1.385157 -58.244614 -56.783383 155.990915 46.765408 -33.274766 -270.937209 
-12.163310 21.417378 -7.015507 -0.218007 0.368456 -1.151117 -58.499205 -55.762799 157.537937 -78.901785 -183.211722 -12.274274 
-12.189802 21.451173 -7.032788 -2.814201 3.297551 -1.345146 -58.772304 -54.700231 158.991287 -46.986666 -51.199454 -132.610246 
-12.395918 22.642640 -7.041409 -61.978966 9.333927 -2.258486 -59.019055 -53.659546 160.395508 36.928975 -81.031876 -36.962712 
