# MW x(kpc), MW y(kpc), MW z(kpc), MW vx(km/s), MW vy(km/s), MW vz(km/s) LMC x(kpc), LMC y(kpc), LMC z(kpc), LMC vx(km/s), LMC vy(km/s), LMC vz(km/s) 
1.058938 2.252329 -0.066267 0.738544 2.089928 0.043238 24.656455 277.928090 58.521258 4.815462 -58.508964 -77.498646 
1.076234 2.294477 -0.064479 0.835475 2.189759 0.120039 24.715697 276.696283 57.002722 4.700781 -59.805760 -77.773942 
1.095512 2.339045 -0.061495 0.882403 2.434653 0.191405 24.789520 275.505438 55.430789 4.561686 -61.113204 -78.042938 
1.115056 2.389281 -0.056457 0.775291 2.492550 0.286171 24.890864 274.266645 53.882302 4.426908 -62.430821 -78.319806 
1.139261 2.439529 -0.049723 0.903192 2.551169 0.384410 24.972404 272.997013 52.257771 4.286188 -63.763020 -78.574782 
1.159389 2.488353 -0.041308 1.096719 2.768461 0.491881 25.059060 271.703583 50.726256 4.142614 -65.114706 -78.840920 
1.183628 2.541384 -0.031040 1.087449 2.853335 0.539144 25.172925 270.392653 49.150284 4.000146 -66.479765 -79.089271 
1.209658 2.600575 -0.020024 1.188564 2.960996 0.561668 25.242157 269.017533 47.614252 3.852270 -67.865469 -79.332078 
1.234079 2.659607 -0.007972 1.159271 2.984183 0.604746 25.240004 267.686555 45.979683 3.702542 -69.268121 -79.570959 
1.262458 2.714369 0.004131 1.278279 3.068971 0.634113 25.344066 266.288750 44.407434 3.553875 -70.674569 -79.815045 
1.290976 2.776300 0.016283 1.301732 3.214453 0.589768 25.398113 264.882500 42.793102 3.428339 -72.107566 -80.030980 
1.314749 2.838934 0.027791 1.216574 3.242345 0.546398 25.518387 263.409965 41.181064 3.279245 -73.553758 -80.262293 
1.342673 2.903748 0.039002 1.256711 3.353893 0.566010 25.575629 261.911218 39.531763 3.113743 -75.008848 -80.480087 
1.370234 2.973523 0.050677 1.241430 3.523290 0.590390 25.629894 260.395403 37.982325 2.964734 -76.476478 -80.694739 
1.397318 3.044557 0.062275 1.167052 3.593668 0.545312 25.662606 258.863756 36.390774 2.816034 -77.950611 -80.884024 
1.426222 3.115525 0.072733 1.024262 3.680231 0.543188 25.681123 257.338962 34.758318 2.665930 -79.452810 -81.080420 
1.449819 3.185685 0.083187 1.135781 3.830562 0.478739 25.791526 255.702880 33.069551 2.491259 -80.970549 -81.265465 
1.473677 3.266092 0.091571 1.125066 4.063782 0.356936 25.864832 254.048681 31.476404 2.324879 -82.500721 -81.450814 
1.500450 3.343116 0.098320 1.117262 4.152756 0.328666 25.884566 252.386900 29.847902 2.159833 -84.044442 -81.623230 
1.525320 3.424403 0.104803 1.215934 4.134429 0.312376 25.917121 250.693357 28.221691 1.986014 -85.635249 -81.790966 
1.553077 3.506064 0.111147 1.467236 4.329156 0.330912 25.976607 248.954551 26.562595 1.805816 -87.238980 -81.961704 
1.586233 3.594402 0.117500 1.360812 4.588232 0.310263 25.962321 247.220869 24.941485 1.607860 -88.889560 -82.145869 
1.617230 3.679451 0.123706 1.464791 4.558511 0.340555 26.069471 245.384592 23.318992 1.385098 -90.564008 -82.329822 
1.651049 3.772401 0.130359 1.515483 4.717623 0.342257 26.022695 243.630365 21.620449 1.187627 -92.269094 -82.499776 
1.683180 3.865196 0.138722 1.548231 4.779832 0.497317 26.028204 241.715211 20.034502 1.001631 -94.006952 -82.650652 
1.717639 3.957342 0.150153 1.580183 4.972086 0.597847 26.075400 239.821586 18.298695 0.809844 -95.766195 -82.797358 
1.751988 4.059094 0.162616 1.459554 5.182143 0.615908 26.058355 237.916110 16.635167 0.605357 -97.572924 -82.928876 
1.779414 4.159440 0.175761 1.344291 5.224218 0.710208 26.074497 235.929373 15.071747 0.390930 -99.417618 -83.060380 
1.811642 4.262092 0.190957 1.340321 5.310509 0.799693 26.061755 233.907665 13.371922 0.168380 -101.295126 -83.176065 
1.842736 4.366627 0.207731 1.509378 5.435880 0.847887 26.037787 231.860071 11.740002 -0.062839 -103.216689 -83.277819 
1.876661 4.472866 0.224924 1.626145 5.649504 0.927166 26.090757 229.796148 10.026600 -0.282536 -105.161076 -83.375346 
1.912613 4.581258 0.244259 1.693898 5.864949 0.938176 26.087468 227.634550 8.343076 -0.511375 -107.153227 -83.450721 
1.950436 4.692148 0.262929 1.769462 6.108823 0.959903 26.018320 225.579426 6.645797 -0.741083 -109.188857 -83.513614 
1.983500 4.814427 0.281790 1.656243 6.171788 0.921611 25.979839 223.285855 5.017111 -0.976328 -111.261755 -83.567291 
2.017783 4.934487 0.300182 1.724230 6.191890 0.929591 26.062057 221.025853 3.284491 -1.221096 -113.365787 -83.594924 
2.058506 5.054769 0.318865 1.845759 6.387138 0.952413 26.032833 218.724204 1.645697 -1.473087 -115.518930 -83.597623 
2.093162 5.178940 0.338557 1.878759 6.461988 1.037485 25.961777 216.444141 0.032766 -1.725240 -117.702843 -83.582283 
2.129545 5.310961 0.360715 1.949784 6.664563 1.173804 25.868051 214.112923 -1.691161 -1.982931 -119.932055 -83.537646 
2.172311 5.436620 0.385482 2.059682 6.902455 1.291024 25.954929 211.610742 -3.343362 -2.238227 -122.202847 -83.486294 
2.215832 5.572560 0.412685 2.048042 7.068988 1.392590 25.852565 209.196124 -4.967448 -2.503444 -124.532566 -83.407022 
2.253863 5.710684 0.439910 2.122821 7.154148 1.366082 25.815764 206.600881 -6.727172 -2.783346 -126.903166 -83.290969 
2.298138 5.853682 0.466866 2.034318 7.330959 1.312913 25.711824 204.026790 -8.397900 -3.081708 -129.320968 -83.146772 
2.338824 5.995139 0.492233 2.104960 7.409773 1.227278 25.676653 201.433480 -9.987530 -3.386143 -131.778956 -82.997323 
2.380336 6.144691 0.516065 2.147679 7.555079 1.146408 25.654367 198.687950 -11.593455 -3.707185 -134.283945 -82.815627 
2.424717 6.294984 0.539101 2.241149 7.753641 1.141633 25.553362 196.108053 -13.293212 -4.007911 -136.868588 -82.605651 
2.465388 6.450759 0.560103 2.254982 7.905039 0.984535 25.428490 193.314484 -14.995080 -4.336680 -139.507824 -82.373223 
2.512115 6.606061 0.579174 2.305398 8.117560 0.956318 25.318915 190.537395 -16.632032 -4.689044 -142.207863 -82.099244 
2.559356 6.768043 0.598725 2.307788 8.327237 0.994646 25.279545 187.613610 -18.193171 -5.054315 -144.994964 -81.774212 
2.603105 6.932896 0.618161 2.292437 8.417008 0.946938 25.157317 184.699961 -19.842681 -5.435326 -147.827240 -81.431411 
2.648437 7.103160 0.636237 2.244224 8.546258 0.896821 25.036156 181.704455 -21.508828 -5.844719 -150.740979 -81.044593 
2.695413 7.274696 0.653515 2.280830 8.819094 0.805408 24.865945 178.673844 -23.171367 -6.240306 -153.714503 -80.596960 
2.740507 7.452152 0.669453 2.275658 9.016322 0.793420 24.791716 175.569127 -24.733050 -6.646520 -156.777932 -80.098768 
2.785022 7.628833 0.684941 2.348285 9.152601 0.787045 24.617813 172.404412 -26.281040 -7.084135 -159.912038 -79.542886 
2.828541 7.815071 0.701033 2.305821 9.321964 0.807031 24.509792 169.267340 -27.879483 -7.526823 -163.146680 -78.926978 
2.878141 8.001698 0.716639 2.427195 9.625401 0.751092 24.307826 165.874288 -29.506340 -7.997669 -166.474504 -78.243649 
2.924057 8.194792 0.731123 2.487312 9.797228 0.687909 24.194333 162.510471 -31.013719 -8.474070 -169.906179 -77.484723 
2.972091 8.391783 0.743365 2.584161 10.028392 0.522286 23.988886 159.178781 -32.499873 -8.968398 -173.424048 -76.644431 
3.028647 8.597084 0.752853 2.573542 10.324436 0.455506 23.853117 155.609966 -34.068629 -9.503156 -177.068034 -75.736988 
3.079351 8.804694 0.760881 2.700385 10.431751 0.329591 23.586167 151.999361 -35.632657 -10.064084 -180.825916 -74.724358 
3.134330 9.014523 0.765988 2.892289 10.666436 0.209377 23.413072 148.313578 -37.094843 -10.657669 -184.706559 -73.620644 
3.195859 9.232480 0.768934 2.910086 11.124021 0.104846 23.212954 144.617261 -38.542376 -11.273768 -188.707755 -72.399732 
3.251789 9.457007 0.770559 2.806969 11.234583 0.027749 22.981411 140.690599 -39.943513 -11.919109 -192.838518 -71.065157 
3.313326 9.681319 0.769917 3.052204 11.505832 -0.061872 22.713240 136.884019 -41.349347 -12.607406 -197.107834 -69.598572 
3.378321 9.916745 0.767627 3.140522 12.021961 -0.202298 22.440124 132.900269 -42.801807 -13.310131 -201.527420 -67.983942 
3.441989 10.157698 0.761183 3.146899 12.390884 -0.425332 22.197789 128.844752 -44.040311 -14.050193 -206.103643 -66.201746 
3.505401 10.410251 0.751057 3.257604 12.665446 -0.581241 21.885885 124.724022 -45.362936 -14.841201 -210.829440 -64.228292 
3.573011 10.666453 0.738416 3.364925 12.994083 -0.723085 21.595587 120.354724 -46.637243 -15.669048 -215.735293 -62.038138 
3.643684 10.931411 0.720739 3.493398 13.492362 -1.038038 21.286877 116.019531 -47.853949 -16.536033 -220.831360 -59.634851 
3.716208 11.206270 0.696730 3.426230 13.988906 -1.358668 20.941353 111.518164 -49.069360 -17.468442 -226.093764 -56.946459 
3.786597 11.490610 0.666925 3.351807 14.319799 -1.621238 20.569284 106.955138 -50.170869 -18.445950 -231.553591 -53.972723 
3.857949 11.779685 0.630993 3.437611 14.793280 -1.955010 20.194879 102.279818 -51.169655 -19.487722 -237.212056 -50.663208 
3.927875 12.078185 0.588390 3.437206 15.264991 -2.307261 19.764811 97.506842 -52.175962 -20.586456 -243.084843 -46.963229 
3.999240 12.386065 0.538187 3.455487 15.605199 -2.707240 19.343696 92.617999 -53.079024 -21.760625 -249.129966 -42.833316 
4.073318 12.702942 0.479484 3.548243 16.116863 -3.172640 18.875770 87.475504 -53.861837 -23.007407 -255.384942 -38.216304 
4.147583 13.027261 0.410750 3.594625 16.491167 -3.737410 18.410852 82.331700 -54.580406 -24.348250 -261.808886 -33.051658 
4.225227 13.359972 0.330101 3.871929 16.913132 -4.279413 17.959856 77.054695 -55.139459 -25.781126 -268.399841 -27.225053 
4.308597 13.702831 0.238882 4.126718 17.487154 -4.877332 17.453022 71.572069 -55.708533 -27.336909 -275.143625 -20.644550 
4.395395 14.059003 0.135623 4.300789 18.006080 -5.450295 16.845371 66.030308 -55.987512 -28.996271 -282.005725 -13.207803 
4.481667 14.422227 0.019678 4.464340 18.397146 -6.160237 16.262325 60.313305 -56.153447 -30.751670 -288.878572 -4.802733 
4.582391 14.793515 -0.111304 4.596240 18.845274 -6.909993 15.638576 54.458305 -56.164678 -32.626774 -295.654637 4.706000 
4.678235 15.169329 -0.257536 4.783507 19.164326 -7.755725 14.901447 48.501824 -55.979767 -34.641606 -302.160104 15.477698 
4.781111 15.555329 -0.422322 4.962407 19.626506 -8.745888 14.224906 42.421166 -55.541183 -36.759022 -308.226545 27.615037 
4.885064 15.946738 -0.608501 5.178961 20.042616 -9.926255 13.453602 36.218233 -54.822805 -38.946164 -313.541812 41.280692 
4.993442 16.350458 -0.820670 5.259614 20.385350 -11.335686 12.673287 29.817280 -53.796272 -41.191530 -317.734069 56.543171 
5.103883 16.753627 -1.063503 5.458013 20.476792 -12.954865 11.778020 23.525455 -52.474946 -43.427970 -320.387970 73.292917 
5.216119 17.159535 -1.339815 5.681290 20.254593 -14.684429 10.936472 17.052298 -50.828985 -45.600154 -320.917445 91.375434 
5.335496 17.560588 -1.651241 5.966604 20.044315 -16.472948 9.978749 10.649360 -48.775667 -47.583439 -318.891920 110.467891 
5.458476 17.954632 -1.999017 6.179912 19.634660 -18.247596 9.012518 4.328614 -46.340773 -49.258921 -313.890807 129.860418 
5.586057 18.336993 -2.381017 6.232639 18.952220 -19.968870 7.954870 -1.844050 -43.459468 -50.498640 -305.748953 148.840098 
5.714848 18.700522 -2.798027 6.269540 17.768127 -21.731962 7.001850 -7.870790 -40.324142 -51.273888 -294.678120 166.416858 
5.843707 19.036443 -3.247831 6.476933 16.366593 -23.179931 5.895120 -13.498092 -36.710120 -51.524522 -281.160582 182.134088 
5.977772 19.345836 -3.724046 6.530755 14.994311 -24.366972 4.896294 -18.975653 -32.937185 -51.297747 -265.929405 195.263567 
6.104825 19.623439 -4.219795 6.380357 13.487195 -25.137949 3.910063 -24.180369 -28.902214 -50.637208 -249.712141 205.688053 
6.233459 19.877292 -4.726752 6.194661 11.939375 -25.545097 2.926073 -29.016236 -24.671602 -49.658782 -233.188190 213.564573 
6.357041 20.094909 -5.240209 6.197436 10.453786 -25.772486 1.974526 -33.369127 -20.225654 -48.419481 -216.776947 219.167489 
6.481245 20.286281 -5.754591 6.062881 9.119249 -25.630468 0.996028 -37.528349 -15.766133 -47.018279 -200.987222 222.714958 
6.597807 20.451564 -6.263547 5.919461 7.790223 -25.203444 0.061521 -41.333312 -11.215909 -45.507141 -185.910713 224.627932 
6.719434 20.592217 -6.762227 5.700999 6.578441 -24.653721 -0.848471 -44.949207 -6.678836 -43.938129 -171.838553 225.200216 
6.830111 20.707762 -7.250032 5.576791 5.346169 -24.100186 -1.669094 -48.167559 -2.169889 -42.334481 -158.587163 224.757161 
6.939035 20.801040 -7.725181 5.437713 4.471325 -23.418550 -2.482834 -51.136909 2.290698 -40.759236 -146.230465 223.437792 
7.044524 20.881438 -8.185593 5.120262 3.717210 -22.587357 -3.296112 -53.886393 6.757883 -39.223487 -134.744374 221.421755 
7.142735 20.943382 -8.627546 4.931245 2.948345 -21.579223 -4.113992 -56.454107 11.141893 -37.713755 -124.080990 218.885090 
7.239296 20.994054 -9.048686 4.721642 2.256625 -20.530365 -4.820646 -58.836282 15.440478 -36.247781 -114.192026 215.936999 
7.334511 21.034370 -9.448684 4.638361 1.778782 -19.458464 -5.516521 -61.061144 19.730441 -34.812360 -105.051258 212.685547 
7.421701 21.064870 -9.827965 4.447317 1.449547 -18.472088 -6.233314 -63.017749 23.911402 -33.451060 -96.491650 209.162746 
7.511553 21.088958 -10.187536 4.205790 1.188847 -17.502513 -6.863973 -64.820337 28.027297 -32.127023 -88.534500 205.477347 
7.592359 21.108937 -10.528949 3.950227 0.886260 -16.611605 -7.510746 -66.535341 32.072884 -30.857497 -81.138897 201.691068 
7.668943 21.123328 -10.850982 3.886921 0.705817 -15.583188 -8.122965 -68.110968 36.033395 -29.631096 -74.238840 197.834177 
7.743763 21.139158 -11.152867 3.749824 0.574278 -14.573991 -8.699562 -69.429917 39.910073 -28.435468 -67.753512 193.896649 
7.816485 21.147537 -11.435128 3.568450 0.483790 -13.691009 -9.212029 -70.712286 43.664324 -27.295596 -61.700722 189.977698 
7.887281 21.157846 -11.701691 3.412238 0.329186 -12.973213 -9.806475 -71.957638 47.466513 -26.211708 -56.070068 186.090001 
7.956253 21.163463 -11.955317 3.424338 0.174570 -12.417393 -10.277270 -73.104965 51.071789 -25.142857 -50.745502 182.187580 
8.027541 21.166676 -12.198787 3.371561 0.067675 -11.882040 -10.772435 -73.972168 54.592920 -24.118947 -45.703012 178.312748 
8.099053 21.167765 -12.429610 3.377929 -0.050992 -11.168640 -11.230801 -74.839930 58.098498 -23.137880 -40.958652 174.487998 
8.163148 21.166808 -12.646247 3.373705 -0.206088 -10.507323 -11.691523 -75.611707 61.562333 -22.186933 -36.495698 170.729227 
8.233232 21.160784 -12.850331 3.388190 -0.272327 -9.911397 -12.159457 -76.240842 64.943991 -21.252911 -32.258281 167.012058 
8.304874 21.156678 -13.042534 3.392869 -0.327618 -9.302098 -12.523427 -76.913140 68.178781 -20.355679 -28.236620 163.337352 
8.375349 21.152743 -13.223253 3.385403 -0.294107 -8.815734 -12.889192 -77.499543 71.304443 -19.491296 -24.413485 159.711435 
8.450635 21.144998 -13.395842 3.365286 -0.184993 -8.405781 -13.310245 -77.899533 74.523761 -18.656733 -20.810931 156.153233 
8.516942 21.135149 -13.560256 3.360552 -0.359573 -8.088364 -13.640268 -78.287362 77.589189 -17.832774 -17.345985 152.639025 
8.586087 21.133231 -13.719408 3.273388 -0.337875 -7.809810 -14.011505 -78.654020 80.539697 -17.049497 -14.046159 149.198990 
8.656234 21.124238 -13.872901 3.267563 -0.132758 -7.542598 -14.341787 -78.946101 83.482050 -16.287383 -10.899998 145.820804 
8.725084 21.124484 -14.020209 3.072222 -0.027957 -7.151862 -14.582798 -79.115616 86.343351 -15.549358 -7.883423 142.490703 
8.789532 21.121667 -14.160803 3.012066 -0.022647 -6.915574 -14.962370 -79.180902 89.126512 -14.831757 -4.992543 139.202276 
8.854170 21.120575 -14.295876 3.001799 0.021830 -6.605438 -15.236584 -79.252824 91.828939 -14.119303 -2.222065 135.967316 
8.914706 21.119086 -14.425967 2.973997 -0.030633 -6.406193 -15.471444 -79.319625 94.488735 -13.443374 0.454119 132.775228 
8.980432 21.114776 -14.552176 2.955862 -0.000870 -6.193003 -15.768093 -79.294840 97.135384 -12.778934 3.012890 129.622106 
9.047642 21.113524 -14.674383 2.976138 -0.036941 -6.019533 -16.047539 -79.267435 99.705804 -12.126041 5.489406 126.525820 
9.110111 21.110519 -14.793241 2.964067 0.047871 -5.862422 -16.243306 -79.116868 102.221067 -11.487381 7.860859 123.470245 
9.172398 21.103936 -14.908904 2.916496 -0.071301 -5.721446 -16.488658 -79.009897 104.691613 -10.867575 10.152956 120.449987 
9.235839 21.100547 -15.021335 2.946375 0.038424 -5.509774 -16.725075 -78.784448 106.946617 -10.247521 12.410687 117.462346 
9.296425 21.092710 -15.130057 2.960920 0.052782 -5.357078 -16.947949 -78.499321 109.231350 -9.633173 14.566824 114.498254 
9.358008 21.092761 -15.234974 3.003681 0.069277 -5.129593 -17.072863 -78.182579 111.441708 -9.045343 16.656721 111.602423 
9.423292 21.091449 -15.335340 3.006758 0.276689 -4.894879 -17.256419 -77.832500 113.699028 -8.474141 18.671313 108.729839 
9.485317 21.090782 -15.430323 2.974183 0.284334 -4.595827 -17.419361 -77.463204 115.851681 -7.906261 20.633685 105.875726 
9.548344 21.093296 -15.517851 3.032538 0.227648 -4.148508 -17.529536 -77.056579 117.867211 -7.348854 22.542984 103.053626 
9.610979 21.092815 -15.597276 3.158010 0.365020 -3.828198 -17.716904 -76.570134 119.954455 -6.799344 24.366958 100.264979 
9.676834 21.096388 -15.670954 3.027152 0.459185 -3.565994 -17.826702 -76.135674 121.900929 -6.269473 26.164655 97.494630 
9.739548 21.099003 -15.740185 3.001914 0.339484 -3.366542 -17.913213 -75.459932 123.821230 -5.740430 27.895343 94.751022 
9.804816 21.100277 -15.805194 3.123786 0.414152 -3.146580 -18.027622 -74.969689 125.655812 -5.213374 29.592636 92.046980 
9.863858 21.101649 -15.866673 3.246871 0.458099 -3.025671 -18.166409 -74.385854 127.471564 -4.707601 31.231106 89.357903 
9.931692 21.106737 -15.926760 3.251903 0.568636 -2.969954 -18.266596 -73.774023 129.212205 -4.207244 32.834229 86.690510 
9.995013 21.112212 -15.985507 3.198300 0.604992 -2.950341 -18.341876 -73.093225 131.011265 -3.717332 34.379972 84.059819 
10.062290 21.119215 -16.045610 3.156191 0.597227 -3.060747 -18.361608 -72.380890 132.616359 -3.221657 35.893164 81.442250 
10.122701 21.124821 -16.106384 3.215895 0.562561 -3.015503 -18.411045 -71.632860 134.201399 -2.739368 37.364112 78.840585 
10.187947 21.131641 -16.166453 3.188921 0.652603 -3.003222 -18.492910 -70.929840 135.802544 -2.272501 38.807466 76.256531 
10.248933 21.138985 -16.226584 3.202562 0.602034 -2.997972 -18.513795 -70.107164 137.262816 -1.798459 40.199764 73.685688 
10.313177 21.144996 -16.286329 3.285086 0.644576 -2.963064 -18.565838 -69.334821 138.673812 -1.335757 41.567586 71.132191 
10.375594 21.154607 -16.345416 3.250276 0.685249 -2.942676 -18.589816 -68.477495 140.153805 -0.885872 42.898123 68.602678 
10.435876 21.163130 -16.403781 3.251085 0.534274 -2.885575 -18.626101 -67.573261 141.442348 -0.430576 44.212032 66.067987 
10.179443 21.136839 -16.458549 3.849543 -4.671724 -2.741827 -18.591256 -66.684017 142.730484 0.020262 45.480525 63.541538 
