# MW x(kpc), MW y(kpc), MW z(kpc), MW vx(km/s), MW vy(km/s), MW vz(km/s) LMC x(kpc), LMC y(kpc), LMC z(kpc), LMC vx(km/s), LMC vy(km/s), LMC vz(km/s) 
-4.394495 2.050076 1.557547 -1.393459 3.003086 1.571048 24.329858 275.743937 58.550052 4.697465 -58.994448 -77.215888 
-4.498280 2.139472 1.590141 -4.928943 -0.116624 1.672599 24.442516 274.581816 56.991293 3.977974 -59.223438 -77.754871 
-4.530408 2.164890 1.623045 -3.261501 2.509425 1.854171 24.497960 273.360746 55.429313 3.235315 -59.818700 -78.277733 
-4.556364 2.218828 1.667199 -2.649613 5.006484 1.967264 24.578474 272.118718 53.882901 2.653727 -58.354296 -77.723342 
-4.641687 2.269858 1.713300 -2.725767 4.146739 2.125936 24.653543 270.785904 52.316354 3.190014 -59.994812 -78.442862 
-4.748954 2.363955 1.755509 -5.307134 0.803145 1.880414 24.729039 269.511455 50.759213 1.600859 -61.418787 -79.383420 
-4.795287 2.413885 1.794446 -5.081581 3.265889 1.995741 24.835538 268.211558 49.183046 1.016271 -61.796922 -79.727579 
-4.880335 2.426571 1.833126 -2.275472 1.765026 1.764522 24.917515 266.899713 47.578004 3.008583 -58.320745 -77.123552 
-4.945276 2.510989 1.883736 -4.313856 3.074995 1.875681 24.980108 265.493324 45.974329 4.998504 -66.827218 -81.285091 
-5.019068 2.548800 1.918868 -2.469710 2.765716 2.486819 25.028248 264.045715 44.371559 -0.606824 -63.390974 -80.856828 
-5.062914 2.618331 1.964258 -2.848240 3.805345 2.189837 25.080664 262.603669 42.776463 1.704353 -61.642593 -79.694444 
-5.134261 2.707189 2.010829 -5.112222 2.800719 2.472147 25.127842 261.136285 41.186120 1.478436 -61.586696 -79.785213 
-5.220676 2.754235 2.064002 -3.984984 1.742804 2.444808 25.162849 259.594425 39.533866 4.973156 -63.823292 -71.583023 
-5.275786 2.822060 2.115723 -3.952745 2.821363 2.510319 25.223369 258.035282 37.896122 -2.798223 -65.558213 -82.315657 
-5.325385 2.912794 2.161928 -5.471264 4.448675 2.391302 25.298021 256.489171 36.233042 -1.091644 -56.691947 -73.785636 
-5.423361 2.978219 2.210828 -5.089976 3.422647 2.694048 25.337928 254.892332 34.586110 -3.889447 -65.932849 -82.895927 
-5.543743 3.019490 2.257927 -2.808730 -0.188171 2.338714 25.356730 253.263413 32.980594 -4.439840 -67.200333 -83.414296 
-5.546445 3.106630 2.307247 -3.155115 3.757400 2.327241 25.392765 251.586620 31.395764 -0.123286 -63.236685 -81.015906 
-5.599845 3.196278 2.357557 -3.944952 5.351482 2.107494 25.394636 249.863954 29.728481 -5.643542 -67.711276 -84.029912 
-5.661815 3.247988 2.406911 -2.438268 6.236600 2.645240 25.422778 248.182265 28.087555 -6.187971 -68.252135 -84.412264 
-5.766823 3.378954 2.455976 -5.401170 2.880518 2.157648 25.447747 246.424881 26.404549 -1.490509 -65.722814 -82.538062 
-5.793832 3.405405 2.498980 -2.152647 6.553701 2.806519 25.489276 244.603434 24.742099 -1.253401 -65.548987 -82.561530 
-5.910905 3.527377 2.555556 -5.179205 3.565591 2.670828 25.498813 242.764763 23.067832 0.963610 -90.613895 -80.137905 
-5.962077 3.598537 2.606903 -3.109712 4.588998 2.846343 25.466727 240.889430 21.445561 -3.994456 -53.064392 -66.004598 
-6.003606 3.700663 2.662511 -3.328401 7.359587 3.391316 25.452285 239.021168 19.829136 0.351726 -59.981435 -65.008834 
-6.093881 3.803777 2.727051 -4.701334 6.772851 2.794441 25.444678 237.010359 18.131851 18.296459 -49.651981 -90.649422 
-6.196592 3.880368 2.779105 -2.291758 4.023093 2.883881 25.486043 235.026153 16.417603 19.019397 -48.700078 -92.120087 
-6.231137 3.999370 2.841590 -4.126055 6.604544 2.751271 25.451980 233.062939 14.774091 -9.064803 -70.404147 -85.794244 
-6.318092 4.062996 2.909939 -1.664613 5.482517 3.436663 25.412960 230.974797 13.142859 -17.247843 -66.234555 -93.846075 
-6.387487 4.190868 2.968476 -3.490293 4.968510 3.222775 25.366844 228.842393 11.495321 -2.477763 -61.815502 -76.776555 
-6.419983 4.299071 3.034078 -2.494875 8.257786 3.078486 25.346173 226.674906 9.801735 -12.299184 -74.609186 -88.737186 
-6.507338 4.436564 3.104763 -4.300006 7.648348 3.539779 25.329663 224.497733 8.122967 17.962734 -171.238763 -55.857850 
-6.575411 4.525134 3.167901 -1.529798 8.286175 2.695249 25.283129 222.323745 6.491037 7.928166 -58.211811 -79.033823 
-6.675952 4.663651 3.232204 -3.006590 4.577424 3.600566 25.221901 220.075072 4.774590 -12.075206 -57.871018 -57.602720 
-6.772498 4.761283 3.298995 -0.697979 2.664567 3.499929 25.212963 217.780991 3.130566 -19.418738 -71.131586 -97.228326 
-6.793394 4.918739 3.362452 -2.922235 7.435086 3.300696 25.171873 215.413618 1.447530 -20.152334 -52.628940 -102.482817 
-6.855594 5.054063 3.425229 -2.684711 7.790528 3.321330 25.048144 213.064753 -0.172360 -20.720895 -66.377004 -91.441269 
-6.979658 5.193714 3.493426 -2.645826 3.368881 3.274750 24.976840 210.616636 -1.853901 -25.809331 -67.816479 -99.805048 
-6.986014 5.368211 3.557952 -5.166523 8.072476 3.047829 24.897611 208.135140 -3.494167 -14.244192 -67.909189 -78.996942 
-7.026424 5.504657 3.610593 -5.444522 9.996794 3.130418 24.794718 205.578297 -5.172538 -8.405114 -59.192416 -73.154779 
-7.097791 5.615451 3.682182 -2.523932 9.722171 3.038344 24.640875 203.020214 -6.816526 -21.775093 -64.834632 -54.655261 
-7.216056 5.784097 3.748868 -4.633855 5.828467 3.559921 24.536557 200.346283 -8.485688 -3.690838 -73.215054 -60.496486 
-7.295294 5.912869 3.817883 -3.234575 5.601922 3.012468 24.439953 197.651795 -10.129431 32.893894 -113.113726 -79.625687 
-7.331423 6.025956 3.881405 -0.455094 8.504891 3.293604 24.320474 194.966989 -11.789634 -1.189890 -143.731943 -83.652153 
-7.375088 6.208468 3.936764 -2.956044 10.746886 2.886683 24.159792 192.169928 -13.388197 11.690775 -64.947996 -66.030503 
-7.474563 6.407145 3.998800 -5.725627 7.994243 3.178415 24.034399 189.285412 -15.022577 19.350651 -46.761369 -94.588201 
-7.558833 6.541425 4.063236 -3.355801 6.787508 3.280270 23.887704 186.341250 -16.672362 13.830897 -66.032607 -66.092747 
-7.598279 6.680038 4.126024 -1.146694 8.677889 2.966716 23.714502 183.400875 -18.327113 -31.073827 -207.595861 -70.336328 
-7.638063 6.900875 4.188830 -3.834895 10.119320 3.136719 23.549928 180.374968 -19.957352 -5.784485 -62.978800 -82.246894 
-7.679766 7.090374 4.256977 -5.326803 12.109404 3.584204 23.333150 177.258518 -21.508923 -7.916920 -104.710766 -80.174266 
-7.791800 7.285331 4.326773 -4.508113 8.641216 3.433266 23.142373 174.072596 -23.082636 -8.091642 -65.089777 -84.620480 
-7.863012 7.429992 4.398715 -2.905890 8.203665 3.650334 22.946080 170.858381 -24.671498 -16.726960 -81.169113 -45.396960 
-7.941956 7.616696 4.477651 -3.150510 6.346254 3.705564 22.686818 167.637867 -26.305515 -8.778122 -66.353870 -85.523765 
-7.955007 7.803288 4.549811 -2.174845 11.270895 3.783902 22.439096 164.282751 -27.841507 -17.359068 -127.706315 -63.338305 
-8.011374 8.003949 4.612924 -2.364159 10.821449 3.209398 22.189888 160.866967 -29.354442 -8.916720 -68.886970 -86.554904 
-8.105166 8.247766 4.682724 -4.966885 8.829273 3.304506 21.910755 157.367140 -30.902464 -33.153282 -300.846065 -29.355184 
-8.115557 8.433623 4.738519 -3.122532 12.779655 3.484845 21.585561 153.877406 -32.458922 -11.224547 -77.456164 -91.569869 
-8.188686 8.678490 4.811033 -4.843678 13.079663 3.738093 21.279107 150.246675 -33.897990 -15.847973 -81.886405 -92.806411 
-8.262123 8.855270 4.870986 -0.848543 12.000864 3.039335 20.999709 146.516945 -35.361004 -20.311200 -83.148311 -94.253833 
-8.349440 9.096749 4.943906 -1.851967 11.068829 3.358559 20.651030 142.715758 -36.800556 -28.460595 -89.976397 -99.434750 
-8.395886 9.339587 5.007874 -3.032165 12.116649 3.614266 20.305550 138.877095 -38.214803 -49.307071 -187.194166 -38.556449 
-8.470681 9.559957 5.068929 -1.841524 11.066585 2.592256 19.946266 134.915643 -39.582277 -38.057842 -82.113119 -112.604002 
-8.527064 9.795680 5.127892 -2.307544 10.751509 2.940562 19.526863 130.796851 -40.942730 -20.199551 -204.477300 -65.401162 
-8.557171 10.016974 5.190476 -0.708246 13.203141 2.661907 19.102650 126.671938 -42.239071 -36.034858 -162.574645 -26.485480 
-8.612570 10.293907 5.235403 -2.289079 14.004321 2.462556 18.670848 122.429493 -43.452810 -50.004654 -56.708700 -121.938337 
-8.654633 10.572158 5.278435 -3.585658 14.113433 2.452988 18.222602 118.056914 -44.683805 -72.392990 -227.543582 30.969509 
-8.702830 10.820680 5.317327 -1.212944 14.021857 1.917149 17.675738 113.655263 -45.890072 -70.750662 -220.694723 56.411626 
-8.779543 11.121601 5.355516 -3.466555 12.826637 1.893696 17.130766 109.080293 -46.956449 -24.640708 -297.568772 72.119519 
-8.839244 11.386221 5.375969 -3.239333 11.833990 1.041261 16.651008 104.449772 -47.997498 -26.077412 -237.362138 -46.631216 
-8.871909 11.657666 5.395813 -1.130373 13.769572 0.481948 16.078247 99.654425 -48.949813 -81.616467 -148.485020 8.958507 
-8.872950 12.005242 5.415880 -4.317753 16.070423 0.152226 15.419717 94.725737 -49.851863 -35.110997 -223.046340 -87.057772 
-8.923524 12.250174 5.416764 0.028652 16.188439 -0.247757 14.720147 89.765403 -50.731509 -31.571761 -218.122451 -34.395898 
-8.969010 12.611428 5.415933 -2.754449 15.468890 -0.571023 14.049280 84.631987 -51.433303 -22.624096 -38.148334 -41.225586 
-9.032724 12.918657 5.400794 -1.589729 13.450868 -0.892070 13.328286 79.352126 -52.037801 -15.408541 -79.706328 -93.176450 
-9.000296 13.257771 5.379082 -2.453706 17.245316 -1.525847 12.525453 73.970567 -52.541091 -14.164705 -71.249410 -89.212215 
-9.039425 13.615779 5.348990 -3.563892 15.929868 -1.674712 11.694073 68.394780 -52.924979 -14.309435 -75.544495 -91.793996 
-9.036776 13.941459 5.305382 -1.479995 18.508257 -2.509926 10.777901 62.747942 -53.096190 -40.977022 -283.313102 -19.823506 
-9.034083 14.289597 5.250179 -0.981028 19.465132 -3.162307 9.840831 56.936607 -53.141100 -38.258738 -96.920629 -105.244905 
-9.058819 14.641521 5.175525 1.312561 19.318036 -4.032258 8.874632 51.039459 -52.958822 -49.249670 -88.637395 -121.779954 
-9.082862 15.047785 5.093384 -1.576030 18.698743 -4.865807 7.798890 44.938276 -52.605889 48.531010 -189.432279 -11.607494 
-9.081108 15.452058 4.981408 -2.332509 18.703549 -6.339607 6.625936 38.775694 -51.979230 -65.589466 -279.772788 17.868104 
-9.061990 15.836275 4.859309 -0.865714 21.149291 -6.841189 5.431649 32.513776 -51.092970 -46.336565 -344.236110 73.979399 
-9.068620 16.202550 4.711062 0.953400 20.113555 -8.614682 4.116904 26.141403 -49.885760 -14.863073 -65.587174 -88.499690 
-9.075220 16.611906 4.518156 -0.655901 18.587048 -10.004060 2.723912 19.701108 -48.292225 -53.049771 -181.372364 -8.889089 
-9.059516 16.954110 4.305291 3.689516 18.381885 -11.880567 1.204614 13.251799 -46.374807 27.594474 -46.931349 -86.973030 
-9.018231 17.334877 4.057726 3.229255 18.462663 -13.479512 -0.367791 6.904598 -44.076828 -56.632583 -181.113181 55.689616 
-8.961512 17.714226 3.775347 2.960198 19.084790 -14.674701 -1.902091 0.627739 -41.335509 -24.220450 -92.832926 -99.866200 
-8.937403 18.083422 3.459186 2.951618 16.640443 -16.232932 -3.513545 -5.484083 -38.171176 17.017377 -67.993751 -58.854238 
-8.888208 18.448659 3.120842 0.400146 16.916263 -17.777819 -5.258042 -11.355149 -34.624492 -105.272701 -296.677935 -15.507655 
-8.876350 18.740639 2.753024 2.390375 14.481225 -18.845583 -7.043756 -16.948986 -30.785653 -32.633609 -96.575759 -101.667623 
-8.854651 19.020503 2.366619 1.164409 12.964002 -19.705396 -8.881736 -22.254619 -26.663967 48.282903 -89.863199 -27.212865 
-8.810006 19.289009 1.964586 1.113724 12.523935 -20.248022 -10.617330 -27.176428 -22.276847 -18.995248 -70.354093 -90.823132 
-8.795498 19.473038 1.544442 3.384338 9.504272 -20.633213 -12.322255 -31.759480 -17.734647 -39.503072 -88.981711 -21.259389 
-8.746964 19.687383 1.125693 2.772464 9.420503 -20.745168 -14.039093 -36.010605 -13.003287 -19.359461 -74.081456 -92.057908 
-8.720856 19.854274 0.705327 4.015511 8.450597 -20.578578 -15.786398 -39.893063 -8.242866 20.015473 -48.924308 -91.394739 
-8.674315 20.030879 0.290507 1.627425 8.738048 -20.484904 -17.421273 -43.435817 -3.472067 43.517667 -31.530613 -117.869315 
-8.661366 20.176628 -0.107326 1.024076 7.205857 -19.718398 -19.033369 -46.629915 1.395443 -43.348671 -88.109066 -5.246421 
-8.676696 20.303730 -0.502272 -0.011770 3.913901 -18.962350 -20.557305 -49.577526 6.184695 -20.697681 -80.685084 -96.210806 
-8.693467 20.417619 -0.885274 0.142583 2.948570 -18.276844 -22.078361 -52.236076 10.895469 -8.080820 -234.615799 30.014070 
-8.662607 20.481586 -1.247821 0.848013 4.166167 -17.694427 -23.502993 -54.745010 15.613157 -32.116298 -228.736896 16.838518 
-8.660168 20.575293 -1.593350 -0.319764 3.645278 -16.778921 -24.962461 -56.954064 20.270976 -23.196868 -88.204346 -98.657762 
-8.669254 20.657345 -1.925033 -1.041193 2.837017 -16.313229 -26.354378 -59.060159 24.877734 -27.917703 -98.458728 -103.647491 
-8.678313 20.746340 -2.233239 -2.586603 3.021181 -15.538931 -27.650916 -60.939451 29.323577 35.877298 -196.174371 25.650495 
-8.700348 20.771433 -2.538596 -1.203858 2.701765 -14.766904 -28.929112 -62.556624 33.764819 -23.894276 -91.857486 -100.650200 
-8.743197 20.825289 -2.825633 -2.122438 1.911348 -14.058523 -30.160934 -64.001726 38.165225 -24.211260 -92.043496 -100.741217 
-8.723561 20.884122 -3.093729 -3.749136 3.675971 -13.231646 -31.361553 -65.317173 42.473313 -54.785731 -114.058786 -131.605316 
-8.768349 20.914249 -3.344804 -2.329257 3.001879 -12.598187 -32.550427 -66.550790 46.647189 -26.151103 -134.044070 -42.825779 
-8.840916 20.912728 -3.588894 -1.498296 0.437332 -11.864006 -33.679785 -67.639095 50.755534 -34.651579 -104.461836 -105.465975 
-8.864583 20.923487 -3.815790 -0.513073 1.324239 -11.638330 -34.723735 -68.514172 54.769587 -56.183298 -115.969833 -132.403034 
-8.871092 20.947498 -4.034941 -1.140829 2.104258 -10.805600 -35.751675 -69.375681 58.648558 -47.433668 -201.929199 110.037398 
-8.954319 20.975587 -4.228150 -0.987954 1.177141 -9.530952 -36.827250 -70.065985 62.463113 -29.369478 -100.603573 -105.756610 
-9.036251 21.012026 -4.410171 -3.107858 0.109052 -9.487590 -37.815924 -70.717368 66.289529 -46.531234 -108.323949 -111.742650 
-9.086113 20.993983 -4.583223 -0.794855 0.616710 -8.492857 -38.763766 -71.165480 69.988848 -37.636185 -105.949308 -107.222937 
-9.130056 21.015906 -4.747852 -1.915041 0.807089 -8.463273 -39.723082 -71.603167 73.648729 -25.502567 -81.049101 -96.587096 
-9.153763 20.998089 -4.896366 -0.237177 1.973043 -7.702171 -40.580226 -72.035874 77.154401 -60.459060 -121.429276 -63.241002 
-9.256677 21.107840 -5.054615 -5.622723 0.660559 -7.569210 -41.505765 -72.338330 80.554671 2.894734 33.897306 -20.805031 
-9.319054 21.092280 -5.193942 -3.633068 0.544814 -7.162276 -42.356523 -72.551617 83.987008 -26.084671 -80.360531 -96.279926 
-9.401251 21.088254 -5.330360 -3.318376 0.121770 -6.713917 -43.149117 -72.626070 87.246526 -29.184227 -40.558702 -61.696872 
-9.479703 21.084803 -5.449442 -3.159996 -0.956000 -5.949714 -43.923816 -72.712840 90.469874 -30.536079 -37.373208 -45.511005 
-9.535209 21.086953 -5.570390 -3.428265 0.166103 -5.504045 -44.678805 -72.720899 93.598331 81.592724 -37.099714 -171.537051 
-9.607957 21.103203 -5.680392 -4.529911 -0.053012 -4.939794 -45.455575 -72.616146 96.721631 56.532415 -96.316784 -16.582630 
-9.675234 21.107868 -5.770914 -4.586307 1.110632 -5.061972 -46.190032 -72.493386 99.767982 79.492064 -92.713279 6.062169 
-9.781002 21.110559 -5.862006 -4.548672 -0.521063 -4.065505 -46.886619 -72.375240 102.729748 -25.491522 -49.662796 -68.365561 
-9.892260 21.111090 -5.948289 -5.407039 -1.848201 -4.064840 -47.577819 -72.168173 105.571340 -0.887481 -219.427217 46.559686 
-9.962524 21.100024 -6.032235 -4.852521 -0.661883 -3.727020 -48.211315 -71.875865 108.364631 -96.078638 -73.811013 7.281421 
-10.034220 21.057185 -6.112970 -2.353873 -0.757041 -3.725926 -48.845661 -71.534894 111.084833 32.021114 -42.271546 -92.143566 
-10.135579 21.107596 -6.192643 -3.831844 -1.744424 -3.372026 -49.472212 -71.194873 113.840959 46.942867 110.268084 -81.114708 
-10.173568 21.091287 -6.264054 -3.255109 0.981595 -3.261536 -50.051950 -70.736855 116.420314 -10.501072 -28.075598 -95.811881 
-10.229774 21.113468 -6.323726 -4.430273 2.218859 -3.003799 -50.617041 -70.280844 118.940809 -67.365139 -128.558695 -140.878497 
-10.331205 21.150796 -6.385150 -5.730655 1.938745 -2.655626 -51.244369 -69.770304 121.443418 -54.283372 -200.019646 36.781405 
-10.465680 21.136173 -6.439065 -5.120697 -0.122488 -3.185662 -51.778492 -69.268634 123.937209 -34.863018 -79.081616 -43.211945 
-10.584612 21.166290 -6.496454 -5.553034 -2.652014 -2.574377 -52.272116 -68.751203 126.297215 -36.107672 -73.832139 2.825954 
-10.676387 21.157042 -6.547220 -5.282626 -1.925224 -2.187774 -52.763704 -68.144186 128.571325 -17.680565 -178.610505 106.656228 
-10.739116 21.115037 -6.581389 -2.192127 -0.341554 -1.700498 -53.276256 -67.419355 130.847602 -55.689861 -119.386677 -120.187878 
-10.778156 21.122987 -6.616962 -2.189897 2.758218 -1.839399 -53.765173 -66.778725 133.038043 -28.055134 -77.004668 -75.099165 
-10.852978 21.178310 -6.653243 -4.249492 4.011953 -2.180630 -54.218384 -66.094136 135.199817 35.907159 25.898067 -87.560067 
-10.959449 21.248615 -6.690356 -7.406092 3.401479 -1.513048 -54.656854 -65.355968 137.251466 -32.642987 -80.026479 -99.088982 
-11.087011 21.263868 -6.716566 -7.433757 2.013332 -1.449118 -55.061988 -64.551665 139.282329 60.505023 -99.435032 -15.090195 
-11.244950 21.298653 -6.745674 -7.777486 -2.485654 -0.838788 -55.475965 -63.717908 141.298653 -90.850010 -112.442949 -155.575988 
-11.327612 21.253812 -6.763796 -4.910500 -0.720023 -1.298813 -55.820591 -62.901437 143.199163 7.766581 81.211962 -183.862744 
-11.406490 21.213745 -6.788680 -0.782885 -0.497389 -1.050794 -56.206692 -62.056963 145.034908 -14.099398 -74.617890 -90.128376 
-11.472962 21.247227 -6.809034 -2.242390 2.042694 -1.492115 -56.546944 -61.130079 146.799229 -34.262767 -89.051184 -104.033650 
-11.498972 21.332775 -6.837495 -5.968008 4.507821 -0.895086 -56.899700 -60.196349 148.574917 88.441216 61.018149 -256.000549 
-11.595040 21.388716 -6.858500 -8.702698 5.066053 -1.468278 -57.230404 -59.304195 150.246546 -11.974584 -98.087440 -55.016560 
-11.745185 21.412405 -6.886467 -9.558730 0.722417 -1.669436 -57.561634 -58.370431 151.892700 60.680184 -94.681694 -22.632608 
-11.883052 21.433272 -6.909727 -9.189956 -1.198976 -1.252553 -57.837380 -57.342538 153.466454 32.876237 -78.250218 -37.263211 
-12.013066 21.402268 -6.934140 -6.545934 -2.774819 -1.238442 -58.130095 -56.322729 155.057049 8.305881 -15.342294 -157.020042 
-12.083396 21.365796 -6.962899 -3.503649 -1.001710 -1.937784 -58.310679 -55.296834 156.516844 -25.776163 -148.530964 106.992353 
-12.157123 21.335875 -6.980188 -2.253119 1.160111 -1.457097 -58.597382 -54.245393 157.964208 66.884167 -14.204134 -140.731853 
-12.196885 21.370862 -7.004166 -4.540297 4.897348 -1.337498 -58.848650 -53.202348 159.298626 -64.013296 -126.681515 -125.621379 
-12.169542 21.040415 -7.088363 11.346081 7.055964 -1.603866 -59.088456 -52.076326 160.631941 -60.454729 -126.291545 -123.272718 
