# MW x(kpc), MW y(kpc), MW z(kpc), MW vx(km/s), MW vy(km/s), MW vz(km/s) LMC x(kpc), LMC y(kpc), LMC z(kpc), LMC vx(km/s), LMC vy(km/s), LMC vz(km/s) 
-8.866536 18.885624 2.803953 2.036155 14.997489 -18.583367 -6.882912 -17.008538 -31.725025 -90.521005 -271.805271 195.912397 
-8.827884 19.170105 2.422527 2.038242 13.693257 -19.558879 -8.674809 -22.257980 -27.562819 -90.908149 -255.681023 209.059203 
-8.789508 19.426801 2.024546 2.065832 12.326152 -20.185376 -10.532490 -27.162430 -23.207783 -90.587096 -238.724220 219.559315 
-8.747374 19.659656 1.615272 2.034859 10.877795 -20.697525 -12.348725 -31.753837 -18.712020 -89.669136 -221.479333 227.459076 
-8.707541 19.862747 1.200699 1.884909 9.511850 -20.805581 -14.142343 -36.001013 -14.049570 -88.241704 -204.404385 233.062604 
-8.673734 20.041081 0.785473 1.618639 8.315972 -20.574994 -15.879280 -39.853074 -9.338881 -86.466576 -187.945247 236.654955 
-8.640925 20.196365 0.376196 1.529015 7.090188 -20.370787 -17.560361 -43.368261 -4.473531 -84.462517 -172.197662 238.557175 
-8.616544 20.325682 -0.026163 1.272675 5.980287 -19.921475 -19.239798 -46.616465 0.298334 -82.263391 -157.477015 239.083483 
-8.590121 20.438326 -0.419230 1.263259 5.266135 -19.352339 -20.820321 -49.562147 5.071826 -79.923579 -143.707125 238.530691 
-8.568818 20.539049 -0.798484 0.694555 4.844712 -18.534276 -22.409540 -52.287585 9.850859 -77.617863 -130.954910 237.109483 
-8.562667 20.629974 -1.160374 0.384369 3.954406 -17.667903 -23.935193 -54.776353 14.515525 -75.304330 -119.120639 234.986484 
-8.554904 20.705202 -1.506526 0.094288 3.418897 -16.897328 -25.428381 -57.038630 19.194040 -72.982724 -108.151085 232.277295 
-8.558427 20.770463 -1.837202 -0.334918 3.043829 -16.196410 -26.832092 -59.129509 23.747604 -70.702769 -98.017666 229.170040 
-8.571607 20.833769 -2.153628 -0.863819 2.867984 -15.520511 -28.197591 -60.949116 28.309603 -68.452952 -88.559524 225.683809 
-8.592094 20.889654 -2.456055 -1.406529 2.572832 -14.552902 -29.568286 -62.578559 32.761743 -66.265376 -79.820039 221.941003 
-8.623938 20.937313 -2.738061 -1.951794 1.841358 -13.648529 -30.847253 -64.048917 37.141341 -64.121299 -71.688236 218.034050 
-8.659549 20.972484 -3.004017 -1.914406 1.403804 -13.026111 -32.114172 -65.447596 41.463755 -62.076900 -64.220189 214.083510 
-8.698679 20.998856 -3.259359 -1.892184 1.182412 -12.464548 -33.302573 -66.611906 45.664102 -60.061167 -57.219060 209.996177 
-8.734758 21.025383 -3.503415 -2.118200 1.178590 -11.991989 -34.409578 -67.723393 49.752421 -58.112399 -50.696757 205.840347 
-8.777637 21.046636 -3.736624 -2.439253 0.989605 -11.301741 -35.525047 -68.648941 53.808881 -56.237050 -44.629083 201.705474 
-8.827863 21.072310 -3.954259 -2.772909 0.877113 -10.468031 -36.656297 -69.442977 57.746347 -54.433463 -38.978364 197.550284 
-8.883466 21.094331 -4.155771 -2.886646 1.002618 -9.686649 -37.786048 -70.146555 61.663901 -52.712510 -33.711998 193.459667 
-8.936838 21.114330 -4.343576 -2.890955 0.892139 -9.113194 -38.819937 -70.778280 65.462675 -51.007363 -28.768230 189.378012 
-8.994853 21.136905 -4.519623 -3.062184 1.040734 -8.463826 -39.802265 -71.328978 69.200651 -49.395822 -24.166987 185.341789 
-9.047953 21.160668 -4.684971 -3.349494 1.147640 -8.093054 -40.742847 -71.787459 72.820289 -47.850419 -19.796379 181.367189 
-9.114447 21.184503 -4.845056 -3.567933 0.890213 -7.816455 -41.712730 -72.144424 76.338967 -46.342745 -15.659303 177.432197 
-9.181627 21.201191 -4.997275 -3.380594 0.830034 -7.391526 -42.599729 -72.431842 79.826526 -44.892468 -11.780236 173.589543 
-9.248583 21.216598 -5.143205 -3.497183 0.756760 -7.218189 -43.471462 -72.656178 83.235256 -43.500708 -8.104749 169.784713 
-9.314810 21.230479 -5.282421 -3.533504 0.568170 -6.647061 -44.319947 -72.743116 86.581730 -42.154163 -4.639945 166.040298 
-9.382663 21.241789 -5.409916 -3.608141 0.603290 -6.114132 -45.151154 -72.826016 89.855237 -40.835425 -1.339670 162.368221 
-9.450076 21.252083 -5.528342 -3.851520 0.566473 -5.763695 -45.972375 -72.780633 93.076178 -39.564608 1.794874 158.763283 
-9.527032 21.259617 -5.639848 -3.832702 0.169568 -5.394628 -46.714136 -72.775868 96.192687 -38.312857 4.773418 155.202470 
-9.599919 21.262673 -5.743118 -3.426231 0.280391 -5.004092 -47.448658 -72.714340 99.247291 -37.109101 7.600345 151.703363 
-9.668504 21.273733 -5.839680 -3.864227 0.537316 -4.621925 -48.196435 -72.517823 102.232679 -35.948296 10.291882 148.256697 
-9.744827 21.280527 -5.929824 -3.947206 0.631917 -4.388154 -48.924406 -72.293548 105.085178 -34.820361 12.896855 144.854819 
-9.820866 21.288681 -6.014909 -4.113557 0.615894 -4.174558 -49.608339 -71.983776 107.894228 -33.720541 15.393644 141.538798 
-9.904809 21.300238 -6.096233 -4.516380 0.364437 -3.953368 -50.231614 -71.711532 110.704884 -32.633409 17.766784 138.260741 
-9.992042 21.305838 -6.172192 -4.374255 0.132897 -3.596710 -50.867593 -71.297426 113.443298 -31.585413 20.035611 135.028625 
-10.080612 21.300979 -6.241787 -4.457208 -0.178909 -3.422896 -51.543582 -70.821498 116.134770 -30.562198 22.201113 131.839826 
-10.167196 21.291934 -6.307284 -4.240926 -0.423715 -3.172349 -52.172971 -70.378966 118.713584 -29.548523 24.289924 128.707584 
-10.247780 21.282077 -6.368367 -3.931280 -0.159636 -3.005759 -52.715606 -69.943899 121.206522 -28.575936 26.299756 125.619726 
