# MW x(kpc), MW y(kpc), MW z(kpc), MW vx(km/s), MW vy(km/s), MW vz(km/s) LMC x(kpc), LMC y(kpc), LMC z(kpc), LMC vx(km/s), LMC vy(km/s), LMC vz(km/s) 
-9.073963 18.965066 2.658776 1.558291 14.735757 -19.160154 -7.621609 -18.575622 -30.018798 -83.216366 -268.945931 202.064691 
-9.044131 19.241231 2.266744 1.486440 13.276154 -20.051138 -9.316418 -23.773065 -25.832185 -83.420735 -252.329824 214.358520 
-9.014828 19.493155 1.860471 1.584901 11.965562 -20.565818 -10.975974 -28.625591 -21.361092 -82.973687 -235.006089 223.967308 
-8.981860 19.717291 1.446053 1.450951 10.565301 -20.900173 -12.626167 -33.149464 -16.742297 -82.024501 -217.598505 231.004599 
-8.954869 19.913673 1.026989 1.294712 9.267494 -20.908921 -14.272299 -37.295466 -12.049615 -80.660632 -200.562239 235.796556 
-8.932266 20.083345 0.609707 1.118767 7.892050 -20.774428 -15.876509 -41.086098 -7.272229 -79.017587 -184.213017 238.693238 
-8.909611 20.234281 0.198526 0.975386 6.784203 -20.323409 -17.416237 -44.509335 -2.379776 -77.135672 -168.653459 240.021062 
-8.899366 20.354004 -0.202131 0.813968 5.584470 -19.775462 -18.940865 -47.722006 2.413625 -75.135508 -154.218410 240.033562 
-8.883028 20.462858 -0.593240 0.777061 5.019402 -19.235116 -20.394664 -50.616499 7.205365 -73.009516 -140.735279 239.052329 
-8.871700 20.557923 -0.968245 0.405075 4.469983 -18.349654 -21.802058 -53.253483 11.944279 -70.910766 -128.199615 237.264690 
-8.865967 20.644544 -1.325446 -0.129705 3.851946 -17.373696 -23.235020 -55.699704 16.646457 -68.813516 -116.614488 234.823356 
-8.870001 20.717683 -1.667377 -0.288481 3.291440 -16.785182 -24.596892 -57.909451 21.297032 -66.739039 -105.910927 231.872790 
-8.880017 20.780429 -1.994659 -0.709874 2.894254 -15.980824 -25.887656 -59.928760 25.830580 -64.674750 -95.965607 228.554143 
-8.901043 20.839968 -2.304444 -1.203627 2.612156 -15.037283 -27.162757 -61.749402 30.420303 -62.659587 -86.753421 224.901517 
-8.926871 20.893888 -2.600188 -1.837783 2.473727 -14.300737 -28.380249 -63.319617 34.825905 -60.687723 -78.189116 221.041848 
-8.962636 20.940041 -2.877515 -2.093022 1.843913 -13.504774 -29.540980 -64.771100 39.199140 -58.753550 -70.267284 217.022040 
-9.006592 20.974502 -3.138902 -2.225047 1.348213 -12.767910 -30.679011 -66.098497 43.507144 -56.896280 -62.949593 212.957873 
-9.049090 21.003822 -3.390222 -2.234895 1.221521 -12.292406 -31.770550 -67.300424 47.627140 -55.106427 -56.089878 208.801539 
-9.092835 21.029203 -3.629524 -2.421213 1.238874 -11.676275 -32.850029 -68.375620 51.739270 -53.349135 -49.737987 204.616269 
-9.141160 21.052024 -3.855308 -2.720138 0.985580 -10.934889 -33.884041 -69.262445 55.790235 -51.681124 -43.788514 200.436731 
-9.196532 21.072840 -4.067173 -2.819155 0.928058 -10.230772 -34.904649 -70.060879 59.682001 -50.050038 -38.252917 196.240506 
-9.255212 21.099092 -4.263199 -3.313056 0.946950 -9.427566 -35.906040 -70.790719 63.556089 -48.466338 -33.082313 192.094590 
-9.315946 21.119140 -4.446708 -3.116974 0.914820 -8.856370 -36.823792 -71.376264 67.360110 -46.939540 -28.239659 188.005811 
-9.375974 21.142504 -4.618652 -3.245833 0.973234 -8.422615 -37.753449 -71.914662 71.012816 -45.482474 -23.700578 183.954811 
-9.438105 21.165780 -4.781482 -3.639387 1.128338 -7.928478 -38.635034 -72.369257 74.665931 -44.092559 -19.425631 179.967082 
-9.503123 21.190066 -4.938338 -3.593203 0.940467 -7.669126 -39.519420 -72.767632 78.136149 -42.716388 -15.369513 176.049130 
-9.572785 21.207049 -5.087912 -3.444956 0.920337 -7.182881 -40.386003 -73.021605 81.608287 -41.412648 -11.536553 172.184735 
-9.639730 21.225664 -5.228899 -3.604259 0.902365 -6.931443 -41.180650 -73.230346 84.987246 -40.154222 -7.918338 168.378923 
-9.710610 21.240419 -5.363724 -3.727924 0.548626 -6.556287 -41.940695 -73.364278 88.280720 -38.914926 -4.478946 164.633949 
-9.781364 21.249533 -5.489551 -3.708580 0.518562 -5.995182 -42.700214 -73.387352 91.510658 -37.725169 -1.202586 160.965612 
-9.854480 21.259785 -5.605359 -3.855308 0.385047 -5.570291 -43.432628 -73.361533 94.713623 -36.563260 1.894138 157.354595 
-9.927438 21.265553 -5.711496 -3.730401 0.179917 -5.187778 -44.127938 -73.293311 97.780257 -35.428025 4.847096 153.797696 
-10.001485 21.272408 -5.811643 -3.889743 0.353019 -4.828726 -44.838721 -73.223482 100.831751 -34.338686 7.642759 150.304720 
-10.075688 21.276669 -5.905392 -3.776553 0.407251 -4.521081 -45.517331 -73.098151 103.804933 -33.268476 10.324390 146.856229 
-10.149354 21.287116 -5.993575 -3.990046 0.671965 -4.259650 -46.182808 -72.873970 106.672496 -32.244479 12.898337 143.451669 
-10.228455 21.297170 -6.076905 -4.196616 0.521135 -4.138876 -46.779651 -72.557501 109.479791 -31.262832 15.368856 140.126332 
-10.310674 21.303047 -6.157126 -4.270930 0.494471 -3.815831 -47.418012 -72.194354 112.176135 -30.284474 17.745871 136.862324 
-10.398894 21.311511 -6.231416 -4.564316 0.171346 -3.588300 -48.018247 -71.810424 114.855928 -29.341788 19.993476 133.622805 
-10.487317 21.309157 -6.300173 -4.416553 -0.083470 -3.278146 -48.690946 -71.411968 117.527407 -28.427958 22.153066 130.444184 
-10.576646 21.303225 -6.363807 -4.339237 -0.234556 -3.133790 -49.215400 -71.008440 120.115224 -27.514478 24.235753 127.306655 
-10.662454 21.295775 -6.424945 -4.169188 -0.332535 -2.973612 -49.701236 -70.509782 122.597083 -26.633058 26.238386 124.217421 
