# MW x(kpc), MW y(kpc), MW z(kpc), MW vx(km/s), MW vy(km/s), MW vz(km/s) LMC x(kpc), LMC y(kpc), LMC z(kpc), LMC vx(km/s), LMC vy(km/s), LMC vz(km/s) 
-4.394495 2.050076 1.557547 -1.393459 3.003086 1.571048 24.330086 276.743725 58.548844 4.429983 -60.870945 -79.158085 
-4.498280 2.139466 1.590138 -4.928902 -0.117067 1.672409 24.441418 275.562563 56.990506 3.739308 -62.964172 -77.494451 
-4.530393 2.164909 1.623014 -3.264487 2.510259 1.852539 24.498251 274.320571 55.429018 4.495551 -64.468403 -75.695329 
-4.556316 2.218747 1.667163 -2.646329 5.007546 1.966394 24.578441 273.058456 53.884606 1.810116 -64.258855 -79.071474 
-4.641715 2.269827 1.713250 -2.729806 4.141812 2.124510 24.654180 271.705395 52.317928 3.874193 -63.612537 -78.512985 
-4.748991 2.363863 1.755428 -5.310342 0.797312 1.878010 24.730296 270.411946 50.760612 5.517799 -64.333041 -78.949472 
-4.795396 2.413671 1.794322 -5.078771 3.260062 1.995834 24.838257 269.095693 49.182222 6.693160 -69.875376 -78.238967 
-4.880371 2.426335 1.833008 -2.277815 1.767543 1.764471 24.916781 267.763210 47.578317 2.553442 -68.660168 -79.587849 
-4.944978 2.510921 1.883717 -4.336348 3.099415 1.869637 24.982354 266.339909 45.978286 2.200339 -69.473419 -79.320116 
-5.018912 2.547870 1.918640 -2.426018 2.775492 2.481355 25.028677 264.873104 44.372559 3.188009 -75.210029 -82.518421 
-5.071755 2.610230 1.968502 -2.232271 3.137134 2.182910 25.082244 263.415133 42.777593 4.429656 -75.032537 -82.603067 
-5.133798 2.706384 2.010715 -5.091793 2.837009 2.475046 25.130255 261.928052 41.186291 3.123208 -75.244885 -79.406465 
-5.220808 2.753894 2.063718 -4.022535 1.741837 2.444306 25.164472 260.368204 39.535657 2.292176 -77.442009 -80.092717 
-5.279493 2.799207 2.115222 -2.215516 2.535908 2.536031 25.226180 258.792077 37.895257 0.539594 -78.003125 -82.740309 
-5.324602 2.912333 2.161743 -5.516464 4.524470 2.391779 25.301876 257.228818 36.232520 4.353631 -81.683471 -82.761997 
-5.423603 2.976992 2.210255 -5.074667 3.408242 2.694092 25.342343 255.615036 34.588319 4.120597 -80.808060 -80.329468 
-5.543058 3.018982 2.257496 -2.860772 -0.121631 2.332043 25.362330 253.964571 32.981074 2.029412 -81.676639 -82.391836 
-5.546228 3.105913 2.306640 -3.215212 3.765236 2.321362 25.398267 252.274981 31.390619 -0.538614 -85.611178 -82.229778 
-5.607302 3.195626 2.357969 -4.039538 4.802477 2.117438 25.400371 250.538316 29.734589 3.486007 -87.600784 -81.995768 
-5.661572 3.245841 2.406127 -2.413484 6.266277 2.646033 25.431487 248.835995 28.088764 0.210107 -86.709514 -83.949689 
-5.763770 3.333208 2.449800 -2.188450 2.927455 2.194016 25.449381 247.055651 26.407472 1.577613 -90.302056 -83.432157 
-5.785872 3.364534 2.509095 0.898951 7.057220 2.804173 25.493331 245.225892 24.745814 -0.299395 -93.539677 -84.778696 
-5.912403 3.529680 2.554837 -5.551747 3.482915 2.674541 25.505391 243.368904 23.075258 2.334831 -94.264318 -79.354571 
-5.974574 3.602228 2.607510 -3.566713 3.620297 2.850002 25.484174 241.482120 21.450701 0.349301 -94.327674 -82.911993 
-5.999062 3.695851 2.660967 -3.245004 7.751514 3.399938 25.463482 239.591850 19.835550 0.318424 -97.207273 -81.271435 
-6.125647 3.800365 2.723662 -4.547302 4.363922 2.783605 25.449187 237.571384 18.136929 1.961236 -100.884435 -85.787330 
-6.203082 3.911315 2.789564 -5.003877 3.662084 2.865836 25.498288 235.570361 16.424498 0.113467 -102.331919 -80.959750 
-6.249940 3.984383 2.840702 -3.332336 5.202387 2.767303 25.464096 233.593587 14.778208 -0.830889 -101.723392 -83.015731 
-6.325750 4.056487 2.905520 -1.534954 4.941579 3.427355 25.419709 231.483981 13.154506 -0.153900 -105.419951 -83.625978 
-6.362928 4.189358 2.971473 -3.757839 6.935877 3.197861 25.382023 229.336474 11.500944 -2.169726 -109.031130 -86.255769 
-6.437286 4.272621 3.037381 -0.786596 6.899853 3.089906 25.369798 227.160579 9.816895 -1.522391 -107.859163 -82.403597 
-6.500351 4.426559 3.101366 -3.976601 8.222167 3.534259 25.344144 224.960487 8.130031 -2.167187 -109.139660 -81.869325 
-6.586083 4.536145 3.165400 -2.830876 7.515770 2.738531 25.300856 222.763810 6.496432 -0.707388 -110.806345 -81.763826 
-6.663406 4.669282 3.230514 -3.878243 5.680574 3.566281 25.240777 220.503539 4.790437 -2.868735 -115.365410 -84.000664 
-6.769447 4.761406 3.296921 -1.212642 3.032524 3.487396 25.227341 218.201544 3.145363 -3.142585 -118.157982 -82.773335 
-6.812775 4.895093 3.359062 -1.631611 6.001665 3.299574 25.198899 215.827037 1.465678 -0.285140 -118.358090 -83.432250 
-6.855263 5.034081 3.428904 -1.674759 7.916053 3.356543 25.072679 213.465924 -0.156655 -4.370163 -121.333280 -84.823613 
-6.931877 5.239334 3.492931 -6.461193 7.047700 3.212086 24.999788 210.987978 -1.836696 -5.432325 -124.127455 -84.211771 
-6.988635 5.332481 3.556053 -3.157657 7.962371 3.038864 24.912419 208.508597 -3.470827 -4.981816 -126.644672 -82.375188 
-7.058156 5.484552 3.611940 -4.525566 7.574881 3.141826 24.815952 205.951044 -5.171107 -6.414970 -130.043580 -83.331131 
-7.093708 5.596649 3.679632 -1.779195 10.062416 3.006501 24.653907 203.363108 -6.796943 -4.260406 -135.731790 -80.713070 
-7.190969 5.753654 3.746341 -3.081566 7.907216 3.529076 24.564414 200.676469 -8.473531 -6.572370 -135.366084 -81.401014 
-7.262802 5.954431 3.810951 -6.776343 8.119662 2.998512 24.479464 197.966148 -10.109156 -6.350770 -132.993919 -83.268336 
-7.358363 6.027697 3.876229 -1.332923 6.501301 3.314522 24.356766 195.270442 -11.764127 -7.766842 -138.525957 -82.529150 
-7.412171 6.207682 3.938395 -3.585817 8.036604 2.865335 24.207882 192.457172 -13.360961 -7.654122 -143.441315 -80.487249 
-7.438375 6.394813 3.999837 -5.581252 10.779259 3.161255 24.061579 189.565182 -15.021240 -7.237319 -144.815990 -81.592312 
-7.552303 6.535351 4.060350 -3.747308 7.435739 3.297617 23.922345 186.615719 -16.661040 -9.364338 -147.156266 -81.446975 
-7.606033 6.670253 4.122118 -1.418181 8.170663 2.931089 23.747897 183.643933 -18.318029 -9.730095 -151.230689 -79.423482 
-7.639575 6.857404 4.182118 -1.616093 10.082370 3.118145 23.583413 180.610861 -19.943966 -11.483087 -156.978927 -79.470491 
-7.720858 7.064878 4.254728 -4.306022 9.165672 3.680183 23.385320 177.488028 -21.487531 -9.608801 -157.112931 -77.582888 
-7.813158 7.195688 4.323611 1.540381 7.325746 3.554068 23.169060 174.299018 -23.079574 -10.525336 -159.551082 -80.244893 
-7.859208 7.449870 4.398791 -5.351051 8.393248 3.608229 22.970342 171.089969 -24.670581 -11.303525 -163.414596 -78.021288 
-7.908296 7.606120 4.470604 -3.273589 9.245647 3.698457 22.749454 167.838106 -26.300985 -10.492779 -165.432478 -77.984168 
-7.984062 7.800123 4.540358 -3.035681 9.196285 3.813537 22.466655 164.460954 -27.813847 -11.986337 -167.612827 -79.067654 
-8.009574 8.038591 4.612109 -6.442309 11.281503 3.272309 22.234739 161.021187 -29.317292 -13.873780 -171.849455 -77.077238 
-8.037592 8.225259 4.673360 -3.939526 13.871777 3.218580 21.973795 157.525903 -30.886389 -14.094223 -176.545146 -77.233382 
-8.127967 8.428157 4.740142 -4.082050 12.027211 3.453798 21.640315 154.032009 -32.446200 -16.146971 -181.398722 -74.885991 
-8.201549 8.643122 4.810013 -3.601601 12.344231 3.800208 21.350671 150.405398 -33.875473 -16.442379 -186.620234 -70.710062 
-8.269774 8.836015 4.877664 -0.849580 11.691492 2.934126 21.051043 146.668956 -35.340037 -17.129765 -188.900123 -74.511957 
-8.345627 9.096165 4.942436 -3.326601 11.501059 3.278709 20.690151 142.821608 -36.779315 -19.898236 -193.301413 -71.380117 
-8.446029 9.285324 5.007018 -0.428070 9.188588 3.698498 20.370900 138.945743 -38.206517 -17.475945 -193.846620 -68.257892 
-8.490084 9.536403 5.069464 -1.704644 9.868217 2.661948 20.009542 135.011916 -39.580587 -19.672938 -204.979024 -68.141093 
-8.531102 9.756013 5.129630 -0.963388 10.841406 3.034775 19.589446 130.884589 -40.916569 -19.434945 -206.149257 -65.453466 
-8.590402 10.028545 5.176590 -3.217147 11.297299 2.679861 19.179868 126.737648 -42.195818 -23.807623 -210.259080 -63.628345 
-8.608603 10.257067 5.229875 -0.938370 14.607309 2.365451 18.754095 122.457123 -43.449104 -22.207683 -214.986680 -60.217590 
-8.663105 10.543574 5.273585 -3.135536 13.763586 2.452829 18.266937 118.120500 -44.692433 -26.304241 -221.229544 -58.400829 
-8.733265 10.845103 5.311776 -4.751013 11.544125 2.037104 17.723368 113.713565 -45.868435 -25.202187 -224.197979 -58.183379 
-8.767901 11.094000 5.351864 -3.113659 14.103447 1.696546 17.218831 109.099297 -46.946643 -25.553930 -230.065467 -53.045275 
-8.812486 11.383502 5.381294 -5.103227 14.077114 0.959373 16.712900 104.450024 -47.975591 -28.489295 -236.685881 -48.538552 
-8.881292 11.623788 5.402251 -0.302587 13.456817 0.609517 16.158731 99.651853 -48.934977 -31.560139 -243.850045 -48.577192 
-8.910125 11.896221 5.416784 1.336605 14.213016 0.189743 15.504501 94.748200 -49.859548 -33.546685 -247.806653 -43.366353 
-8.927111 12.275644 5.417919 -3.351391 16.112434 -0.107523 14.800032 89.755187 -50.707371 -32.754914 -251.131310 -40.496560 
-8.950457 12.559118 5.417004 -1.306387 17.145133 -0.509316 14.134371 84.610366 -51.413272 -36.941363 -261.828314 -34.246578 
-8.976877 12.873475 5.403616 -0.566416 17.114502 -1.136952 13.385601 79.349278 -52.044485 -39.249943 -268.387926 -27.179513 
-9.027726 13.220087 5.380770 -1.863197 16.094665 -1.200110 12.603343 73.931070 -52.524060 -40.698070 -275.093103 -21.434746 
-9.024320 13.588571 5.346685 -3.540438 16.855763 -1.804648 11.768744 68.349133 -52.916698 -40.461676 -280.547811 -13.605483 
-9.052788 13.911454 5.305230 -1.532362 17.543358 -2.560649 10.861507 62.705614 -53.103621 -44.521950 -286.274048 -7.572417 
-9.034712 14.268243 5.251571 -1.756086 19.993555 -3.175541 9.919971 56.861914 -53.152246 -47.500470 -293.402269 3.096186 
-9.082562 14.640323 5.181057 -1.244851 18.517624 -4.182024 8.929306 50.954017 -52.972214 -49.873094 -299.670593 14.359742 
-9.055019 15.022408 5.097919 -1.959872 20.717433 -4.824022 7.862602 44.873740 -52.583100 -56.264717 -304.591245 25.290861 
-9.079501 15.400329 4.985873 -0.899490 19.348026 -6.204935 6.711093 38.666933 -52.008113 -58.708502 -311.978049 37.138514 
-9.091264 15.755897 4.866742 1.919885 19.413773 -7.100563 5.506549 32.378949 -51.106685 -64.561543 -318.393637 53.144927 
-9.062313 16.144782 4.711367 2.516685 20.538602 -8.444997 4.195163 25.986347 -49.892092 -67.164833 -320.905955 68.786283 
-9.096179 16.582624 4.527344 -0.820668 17.598417 -10.110585 2.800834 19.565360 -48.332294 -73.689848 -320.250130 87.624984 
-9.010504 16.940887 4.305384 2.100817 21.274127 -11.872179 1.272337 13.135692 -46.364664 -73.805193 -321.804345 105.755545 
-9.016218 17.332144 4.058393 0.838253 17.905522 -13.246232 -0.254530 6.767767 -44.076753 -79.546859 -318.284074 127.082321 
-8.949084 17.671348 3.779842 3.471773 20.382072 -14.866115 -1.837267 0.501347 -41.351386 -83.049728 -308.053498 146.169753 
-8.949331 18.077501 3.467799 1.060402 16.529633 -16.445870 -3.469895 -5.614471 -38.217686 -86.982328 -300.491812 166.765689 
-8.905537 18.394486 3.127479 2.161308 15.717922 -17.312615 -5.176170 -11.506296 -34.679584 -87.520764 -287.562500 186.433686 
-8.894853 18.677389 2.756795 4.088336 13.873589 -18.774691 -7.005720 -17.129978 -30.840715 -88.897927 -273.311935 200.429460 
-8.829322 18.972927 2.373047 2.605986 14.740975 -19.549740 -8.773615 -22.408314 -26.736233 -89.754407 -258.142723 214.207290 
-8.817917 19.220085 1.970379 1.847731 11.358908 -20.610375 -10.567784 -27.334561 -22.371369 -88.172579 -239.995527 223.960460 
-8.804442 19.461752 1.552020 2.118593 9.301544 -20.525048 -12.310333 -31.943035 -17.798764 -88.499078 -220.151375 232.260578 
-8.780525 19.670951 1.133147 1.203878 7.401147 -20.951071 -14.022357 -36.180818 -13.111777 -85.289405 -202.945125 235.909940 
-8.723873 19.816601 0.715880 3.603581 8.225344 -20.842276 -15.735783 -40.109280 -8.360551 -83.807323 -183.595476 237.900266 
-8.671564 20.000881 0.302408 1.153482 8.401801 -20.208801 -17.358135 -43.642985 -3.570240 -81.422133 -168.289659 239.634697 
-8.666444 20.133156 -0.097626 1.445817 7.161945 -19.804324 -18.997430 -46.867100 1.234398 -80.895749 -152.946875 240.368528 
-8.668261 20.228322 -0.494225 2.183511 4.920088 -19.217604 -20.567000 -49.759676 6.064710 -75.608789 -141.116829 239.818620 
-8.663478 20.375512 -0.874120 -0.270398 4.250724 -18.589918 -22.080545 -52.489255 10.785806 -74.336176 -131.338028 237.725744 
-8.644722 20.453071 -1.235554 0.023202 5.275151 -17.634173 -23.493040 -55.007049 15.470653 -72.990644 -117.709475 233.328400 
-8.663694 20.545505 -1.579600 -1.232122 2.760430 -17.206194 -24.938205 -57.288939 20.106353 -71.279120 -109.426546 227.978339 
-8.667970 20.615672 -1.907068 -0.944871 2.686455 -15.865732 -26.362668 -59.357354 24.701601 -68.748348 -96.966857 226.412603 
-8.679190 20.700274 -2.225947 -2.195504 1.789676 -15.722742 -27.752990 -61.241616 29.172427 -63.768972 -87.637290 224.591777 
-8.710689 20.747931 -2.526110 -1.786495 1.833862 -14.606222 -29.008946 -62.888559 33.639838 -64.608168 -77.023615 221.833839 
-8.732400 20.787488 -2.810765 -2.415695 1.932281 -14.357406 -30.224143 -64.369446 37.984621 -63.213567 -71.367188 217.510632 
-8.712244 20.826243 -3.077595 -1.591181 3.789562 -13.032375 -31.451515 -65.711939 42.275636 -60.306497 -63.809174 209.392329 
-8.773086 20.868220 -3.332746 -1.708322 2.408201 -12.430108 -32.615526 -66.971757 46.466067 -57.432512 -57.722754 206.521638 
-8.811956 20.898161 -3.574894 -2.569276 1.971147 -12.174808 -33.768694 -68.029763 50.567882 -55.455199 -49.565287 201.853739 
-8.856637 20.907879 -3.803431 -1.744483 1.298178 -11.601785 -34.826249 -68.953272 54.590390 -52.927437 -45.903901 199.406739 
-8.906373 20.927832 -4.014591 -1.411136 -0.440818 -10.615983 -35.882138 -69.815508 58.501658 -52.782388 -40.725937 193.891747 
-8.956262 20.957884 -4.217772 -2.772390 0.685249 -10.045635 -36.923142 -70.580078 62.346946 -51.228665 -35.311733 191.411028 
-9.007971 20.973111 -4.399925 -2.921470 0.805332 -9.117633 -37.967913 -71.208427 66.089621 -51.399865 -26.995887 185.983077 
-9.090171 20.965778 -4.572458 -2.114210 -0.931708 -8.226879 -38.934800 -71.741996 69.791683 -48.397211 -22.942471 183.333843 
-9.106262 20.996075 -4.736917 -2.649715 1.106491 -8.404034 -39.856792 -72.184489 73.453077 -46.058102 -22.004346 178.624287 
-9.152842 21.017491 -4.896460 -3.417416 1.992389 -8.049588 -40.718829 -72.597810 77.002220 -43.477424 -16.336330 173.200613 
-9.231281 21.030124 -5.047467 -2.906262 0.598046 -7.590250 -41.651514 -72.899234 80.375485 -41.803537 -13.707910 170.336471 
-9.296537 21.059062 -5.189518 -4.359029 0.786180 -7.489520 -42.494727 -73.126278 83.732229 -40.947362 -10.578996 167.918178 
-9.398387 21.050076 -5.324143 -2.734772 -0.530598 -6.398727 -43.287237 -73.283945 87.042841 -39.073964 -6.752082 161.565370 
-9.459367 21.047185 -5.444792 -2.747624 0.015600 -6.126766 -44.090884 -73.383063 90.317698 -40.800138 -3.729671 160.670402 
-9.520142 20.979377 -5.557672 -0.090256 -0.157180 -5.910200 -44.909829 -73.407857 93.522099 -39.779191 3.315223 157.267515 
-9.588983 21.040686 -5.672374 -3.273937 -0.277609 -5.346954 -45.671248 -73.338863 96.631382 -38.592159 3.134471 154.198720 
-9.661676 21.051726 -5.768432 -3.901688 0.424309 -4.518502 -46.373971 -73.212456 99.597414 -35.395956 4.340106 148.874875 
-9.782400 21.074018 -5.861308 -6.071990 -1.282725 -4.462358 -47.122051 -73.057835 102.572641 -35.554044 6.024712 146.006485 
-9.871108 21.073912 -5.951101 -5.456557 -1.883612 -3.717711 -47.787691 -72.948383 105.491797 -33.119008 8.893321 140.667563 
-9.953317 21.033176 -6.035569 -3.060500 -1.189897 -3.878350 -48.463379 -72.659688 108.269917 -32.018134 14.550037 139.666262 
-10.020849 20.998255 -6.114469 -1.857838 -1.399713 -4.027133 -49.108380 -72.345481 111.011403 -30.598744 16.892865 135.893326 
-10.098589 21.046297 -6.193233 -3.478385 -0.220711 -3.878524 -49.702730 -72.000237 113.756620 -32.110078 20.606756 131.028612 
-10.164285 21.031518 -6.267298 -1.070501 0.241437 -3.607069 -50.326973 -71.580398 116.354187 -31.713836 20.042109 130.184078 
-10.264389 21.064116 -6.330575 -4.308082 0.031164 -3.107734 -50.933542 -71.143475 118.911419 -28.667949 21.012768 127.738103 
-10.333786 21.101471 -6.390370 -5.853249 0.438650 -3.075029 -51.524568 -70.666591 121.395991 -30.121039 24.037451 122.262926 
-10.445462 21.121360 -6.446984 -6.651782 -1.189795 -2.690515 -52.080433 -70.188149 123.821359 -27.175402 26.523291 123.896645 
-10.577179 21.133135 -6.510166 -6.080999 -3.048540 -2.794813 -52.628326 -69.612472 126.245685 -25.672764 27.492447 119.074268 
-10.675315 21.115063 -6.550648 -4.364778 -3.199255 -2.272761 -53.136787 -69.074960 128.618077 -26.487478 31.523856 115.093574 
-10.758607 21.083359 -6.591942 -2.442504 -2.052419 -2.387831 -53.627201 -68.412386 130.863265 -23.448647 34.693079 110.425838 
-10.772191 21.081043 -6.633082 -2.451122 2.049045 -1.657928 -54.102424 -67.765689 133.063173 -22.489896 33.883341 108.486963 
-10.815857 21.130855 -6.665328 -4.045675 4.993872 -2.174675 -54.549768 -67.093868 135.231521 -22.311564 35.443338 105.089808 
-10.925275 21.191901 -6.702316 -6.724294 4.292568 -1.870058 -55.023577 -66.323023 137.308968 -21.662362 36.118740 104.853312 
-11.070549 21.223716 -6.734168 -7.259350 0.275246 -1.244918 -55.417323 -65.577460 139.330192 -22.665908 39.545544 101.769132 
-11.189340 21.199505 -6.755551 -4.480469 -0.803517 -1.131747 -55.855726 -64.793912 141.326144 -20.536666 40.204876 95.819782 
-11.273108 21.184127 -6.778746 -2.473426 -0.025057 -1.292406 -56.223379 -63.960572 143.261629 -18.171530 40.908983 93.776800 
-11.408367 21.176708 -6.801914 -0.597229 -0.948799 -1.313299 -56.566080 -63.163188 145.146704 -19.409354 43.612777 91.979199 
-11.413190 21.212771 -6.827391 -2.764901 3.655932 -1.253966 -56.938010 -62.233332 146.958616 -20.525132 43.777148 89.927287 
-11.457656 21.259121 -6.852346 -4.002795 6.867599 -1.282429 -57.304808 -61.422956 148.768347 -16.452905 41.824211 87.917136 
-11.572959 21.326487 -6.879650 -8.069700 4.815667 -1.406875 -57.674808 -60.467655 150.462306 -16.332393 47.560279 83.389342 
-11.714111 21.381221 -6.906365 -10.490577 1.931822 -1.418135 -57.963971 -59.525163 152.066201 -15.209356 49.346305 80.593509 
-11.888061 21.390223 -6.931266 -8.793993 -2.768744 -1.439974 -58.312209 -58.514850 153.665644 -15.021533 49.366219 79.836559 
-12.013421 21.341075 -6.951401 -5.139588 -3.520868 -1.282153 -58.577159 -57.532384 155.272585 -13.291169 48.881241 76.278622 
-12.078917 21.309238 -6.984901 -3.311983 -1.786465 -1.884909 -58.859785 -56.570887 156.777672 -13.330976 51.787815 74.986788 
-12.112793 21.327135 -7.009441 -4.170716 1.854847 -1.697940 -59.134726 -55.503182 158.187052 -12.784664 51.259926 72.215308 
-12.163812 21.325435 -7.034295 -4.241952 5.084469 -1.644482 -59.284821 -54.456298 159.578874 -11.936337 51.601371 67.664844 
-12.651108 23.063595 -7.047434 -83.437590 -8.067420 -1.828811 -59.553488 -53.394220 160.953747 -10.885318 53.395342 67.965863 
