# MW x(kpc), MW y(kpc), MW z(kpc), MW vx(km/s), MW vy(km/s), MW vz(km/s) LMC x(kpc), LMC y(kpc), LMC z(kpc), LMC vx(km/s), LMC vy(km/s), LMC vz(km/s) 
-2.772673 1.516892 1.017509 -2.871753 2.297225 1.228736 24.329858 277.743937 58.550052 4.707058 -58.220142 -77.966862 
-2.873622 1.561310 1.036712 -4.236544 -2.678725 0.733906 24.448133 276.585750 56.994453 3.385298 -59.255683 -76.482820 
-2.890122 1.546724 1.057369 -1.158202 -0.969390 1.276400 24.492282 275.360488 55.426612 3.579003 -62.082540 -81.430342 
-2.881666 1.544791 1.085945 0.720786 3.230360 1.343968 24.579823 274.124711 53.899465 2.042015 -58.957939 -79.700571 
-2.939198 1.609654 1.099585 -1.666900 1.632085 1.162689 24.661677 272.803803 52.325594 1.482905 -60.045049 -79.772479 
-3.022672 1.673046 1.125852 -4.611503 -0.268592 0.846123 24.726691 271.506944 50.717078 4.123940 -70.249646 -80.589546 
-3.053304 1.697144 1.156775 -3.900622 1.207485 1.272536 24.788615 270.233294 49.145112 3.249804 -65.789679 -76.766159 
-3.113308 1.712900 1.171637 -2.552764 1.765055 1.009957 24.909179 268.921119 47.583838 -0.771393 -61.077759 -81.407902 
-3.160162 1.736230 1.198501 -1.803994 2.808938 1.103098 24.976441 267.533096 45.988661 -1.581099 -61.306676 -81.973684 
-3.225098 1.805320 1.234457 -2.994605 1.219940 1.344787 25.045131 266.094506 44.363715 -1.087954 -56.977359 -72.801731 
-3.254851 1.831844 1.255557 -1.277240 2.408403 0.847577 25.080529 264.670191 42.793807 0.604646 -73.347826 -82.577303 
-3.322089 1.899913 1.287650 -2.797666 0.840230 1.735820 25.129967 263.203094 41.177136 -3.800066 -62.307022 -83.567126 
-3.364369 1.940953 1.322191 -1.833781 1.541803 1.492619 25.170389 261.697275 39.579114 -5.101103 -60.334109 -85.905143 
-3.421566 2.006873 1.350192 -2.500524 0.445275 1.950568 25.220204 260.162354 37.931432 -5.293775 -64.052000 -72.636014 
-3.450400 2.123076 1.398000 -5.827002 2.617522 1.797188 25.272864 258.609862 36.297468 -6.007195 -63.339604 -85.177114 
-3.501317 2.151515 1.434035 -2.735682 2.153035 2.189209 25.343432 257.023309 34.714748 16.861873 -58.954480 -66.333959 
-3.537711 2.185458 1.470042 -1.501133 2.973940 1.730176 25.365207 255.420554 33.058675 -5.059420 -56.091837 -65.527689 
-3.586820 2.262214 1.497959 -2.617536 1.811599 1.971023 25.424775 253.773343 31.432329 18.569831 -59.915589 -65.782099 
-3.600133 2.349380 1.536483 -3.273911 3.743595 1.808020 25.412166 252.108352 29.838113 -1.998233 -64.335693 -84.321388 
-3.646512 2.402020 1.578832 -1.674836 3.789035 1.951245 25.473748 250.390688 28.221318 -8.409334 -58.044869 -68.169551 
-3.695815 2.459176 1.626944 -0.348573 3.118708 2.140019 25.481898 248.692356 26.544276 20.040696 -62.220419 -64.406654 
-3.729452 2.558413 1.661681 -2.565838 3.410227 2.048048 25.510222 246.919226 24.848283 -11.782581 -63.613418 -90.284693 
-3.741692 2.654560 1.703464 -3.254245 6.025831 2.040572 25.494171 245.106635 23.243648 1.976171 -90.683779 -81.147336 
-3.819782 2.741845 1.739593 -3.158947 4.313581 2.185842 25.521575 243.282225 21.597475 -9.721192 -86.103237 -66.598321 
-3.848946 2.826495 1.780550 -3.387585 5.664829 2.276368 25.548453 241.425793 19.980678 22.998985 -62.949649 -61.788159 
-3.874472 2.925807 1.834372 -4.960997 6.253307 2.730862 25.512465 239.521897 18.285785 0.270510 -99.287058 -80.546155 
-3.924955 3.010539 1.880260 -3.716683 5.187285 2.516277 25.529749 237.570467 16.628493 14.966442 -66.889542 -65.612232 
-4.002221 3.089672 1.931054 -1.993233 3.162746 3.102023 25.537153 235.599261 14.955251 24.615331 -64.182684 -59.479874 
-4.001659 3.141826 1.983111 0.525782 6.099389 2.504875 25.528328 233.588457 13.285393 15.056206 -65.937059 -67.016194 
-4.077325 3.290710 2.030948 -2.950082 2.010976 2.792045 25.502123 231.556996 11.671031 -18.153439 -64.102198 -96.341010 
-4.073339 3.417540 2.072677 -3.470017 5.736860 2.364432 25.488772 229.434108 10.002705 -18.888988 -64.138893 -97.032777 
-4.133191 3.533244 2.123647 -4.103325 4.711390 2.921277 25.456425 227.318409 8.366076 -20.045038 -63.882954 -98.142775 
-4.145821 3.620139 2.186039 -1.668448 7.167235 2.778790 25.444384 225.155902 6.704138 -4.378897 -105.945749 -86.571417 
-4.198316 3.758460 2.234131 -3.598380 6.789966 2.481781 25.417484 222.936392 5.021705 -21.812072 -62.938048 -100.635764 
-4.234785 3.870054 2.287083 -3.610599 8.001264 2.491876 25.372320 220.732096 3.368002 25.228007 -45.646581 -97.308066 
-4.344281 3.979782 2.320676 -2.691495 3.915373 2.507137 25.316671 218.487632 1.745804 -14.019712 -57.878840 -67.844273 
-4.367527 4.108651 2.378344 -4.023674 5.277937 2.249123 25.293415 216.134754 0.077565 26.009086 -68.901146 -53.504887 
-4.403879 4.218700 2.429543 -2.810387 6.429916 3.154159 25.255651 213.772667 -1.548221 24.611075 -70.668797 -54.003281 
-4.434738 4.329877 2.493589 -1.771348 7.173578 2.938365 25.148700 211.388314 -3.261765 -26.495212 -61.762347 -104.370611 
-4.501897 4.457001 2.544550 -2.577667 5.022739 2.743146 25.077730 208.935675 -4.902711 -51.831652 -175.192671 -106.479313 
-4.523995 4.583448 2.596546 -2.258074 6.402612 2.848003 25.007284 206.373628 -6.569214 -10.981300 -65.140319 -43.559176 
-4.598762 4.736153 2.655637 -4.436409 3.837750 2.634870 24.913851 203.787653 -8.191663 -42.449328 -161.629319 -26.467938 
-4.612260 4.878070 2.703959 -5.329931 5.947553 2.435479 24.816759 201.215285 -9.832737 39.075703 -61.149249 -105.847213 
-4.621651 4.969263 2.749738 -1.924542 8.388585 2.189949 24.707649 198.614429 -11.442035 27.619771 -73.791545 -51.436058 
-4.655302 5.113890 2.803387 -2.585011 8.981710 3.057837 24.580903 195.926986 -13.090559 28.423392 -73.683814 -50.019640 
-4.734540 5.231566 2.852096 -0.505562 6.285610 2.093888 24.463027 193.146951 -14.724999 -7.853462 -136.757930 -79.677459 
-4.759002 5.424894 2.905395 -3.455563 7.554949 2.942361 24.357650 190.314344 -16.340875 -6.168776 -72.186108 -45.397966 
-4.801904 5.589985 2.950841 -4.687127 7.730252 2.238170 24.244123 187.460099 -17.966936 -31.004972 -150.457784 -62.350932 
-4.854715 5.715986 2.994109 -2.236035 6.391746 2.831746 24.103413 184.526915 -19.576879 -0.170701 -80.840551 -69.587721 
-4.882358 5.886040 3.064036 -2.779426 7.519249 2.913155 23.930875 181.580444 -21.192326 40.743253 -68.783956 -44.655366 
-4.914711 6.036327 3.129339 -2.193441 7.923618 2.839529 23.811411 178.543939 -22.830588 36.820139 -72.140690 -43.188028 
-4.924054 6.200523 3.179050 -2.903265 10.308616 2.509329 23.636191 175.477046 -24.440532 38.826365 -50.218255 -119.642704 
-4.995859 6.371703 3.220947 -2.894434 7.660041 2.382122 23.507115 172.332184 -25.955676 -4.108688 -159.762789 -77.243518 
-5.033812 6.520574 3.273667 -1.303846 7.539697 2.627612 23.278404 169.121267 -27.487461 -18.435806 -262.137537 -56.245105 
-5.053237 6.716246 3.324278 -2.148127 10.325652 2.888188 23.059280 165.940890 -29.059195 -64.708557 -195.580901 -69.818736 
-5.069639 6.879236 3.394167 -0.540907 11.590896 2.370856 22.808435 162.585882 -30.655231 43.335734 -51.338929 -122.234934 
-5.109980 7.090839 3.428306 -2.503598 10.372072 2.476772 22.597530 159.192311 -32.222740 46.510660 -70.352967 -39.672696 
-5.165179 7.278936 3.466179 -1.673332 9.891874 1.993113 22.352021 155.786148 -33.767963 47.356842 -69.893751 -39.941257 
-5.229069 7.481797 3.509374 -2.416306 8.293148 2.051795 22.096652 152.236569 -35.166686 43.861432 -39.218285 -117.799943 
-5.261149 7.665346 3.545105 -2.283863 8.724209 2.016736 21.894535 148.603057 -36.664617 -20.637269 -83.955768 -95.703065 
-5.268664 7.842551 3.594895 -0.092798 10.597145 1.865744 21.551583 144.924690 -38.181924 -28.393974 -86.297281 -98.588501 
-5.314131 8.036164 3.621839 1.608012 10.385791 1.859222 21.297358 141.191097 -39.616189 -16.069969 -81.068411 -94.194748 
-5.319650 8.283750 3.656559 -1.141715 11.263978 1.729827 20.974829 137.367697 -40.985805 -25.634654 -115.805675 -47.720325 
-5.361319 8.492655 3.699320 0.080025 11.242483 1.812131 20.653191 133.421765 -42.308988 -37.227439 -88.263581 -111.657613 
-5.391944 8.727353 3.722884 0.812363 10.184342 1.356285 20.288128 129.400475 -43.665017 -21.022198 -85.775348 -96.632221 
-5.436696 8.988119 3.759076 -0.327456 9.341957 1.399502 19.928709 125.315511 -44.992285 32.255471 -79.889827 -45.326654 
-5.416021 9.240619 3.776369 -0.464739 12.979167 0.656853 19.538942 121.157567 -46.195991 -47.954791 -73.878328 -118.123850 
-5.445626 9.496517 3.801433 -0.231823 12.911176 0.759153 19.106751 116.883442 -47.398055 -35.537073 -93.909987 -110.593413 
-5.457374 9.698816 3.806187 3.247858 13.608973 0.260670 18.667101 112.509807 -48.563188 -42.944781 -86.692109 -114.560282 
-5.458643 10.004372 3.808588 0.592821 14.527851 0.182384 18.225084 108.048478 -49.669740 -22.339885 -217.922423 -54.395073 
-5.483788 10.293696 3.816134 -0.566130 14.100479 -0.019609 17.786457 103.566418 -50.767050 -46.559037 -47.458105 -126.600229 
-5.503088 10.586586 3.809294 -1.137906 13.756859 -0.672145 17.256513 98.836124 -51.748083 43.423220 -83.224416 -33.320438 
-5.529913 10.852838 3.795829 -0.131367 13.077702 -0.578370 16.714562 94.005981 -52.706979 1.759632 -269.586741 -29.037169 
-5.498051 11.130306 3.777213 0.852872 16.337777 -0.810531 16.134896 89.108132 -53.511636 -41.611062 -227.639579 -16.376486 
-5.501581 11.428380 3.760515 1.423950 15.959179 -1.184157 15.512023 84.081052 -54.256935 42.919450 -118.514734 -24.410658 
-5.515482 11.795972 3.732772 -2.346786 15.992756 -1.618537 14.886614 79.000460 -54.922499 55.823460 -33.141644 -129.015899 
-5.502599 12.080858 3.692483 0.126322 16.627279 -2.430091 14.209949 73.748918 -55.506648 -34.211739 -277.224568 -44.119051 
-5.513890 12.390144 3.636663 1.660545 16.386274 -2.847181 13.537589 68.293763 -55.969232 55.625323 -30.847761 -124.143847 
-5.546794 12.737476 3.586012 0.616464 14.237783 -3.776969 12.760707 62.807875 -56.213997 45.862442 -87.409336 -32.899842 
-5.477329 13.090314 3.497401 0.776633 19.210031 -4.647009 11.963349 57.187751 -56.310374 -40.875396 -96.119991 -106.244096 
-5.521604 13.431604 3.407597 2.088865 14.600651 -5.282789 11.131225 51.446418 -56.263417 -20.353804 -83.961361 -95.737611 
-5.470639 13.812922 3.297706 0.521345 18.100186 -5.870312 10.224408 45.654103 -56.102779 69.977476 -70.547432 -23.244329 
-5.428597 14.148754 3.166921 3.004363 19.027031 -6.831431 9.190741 39.637732 -55.634644 -51.905331 -95.709461 -122.183697 
-5.385298 14.512271 3.019963 3.977189 19.680511 -8.187364 8.181567 33.583039 -54.972633 -45.525355 -293.725776 -64.108892 
-5.332213 14.885510 2.843079 3.735915 20.095614 -10.010257 7.097605 27.444399 -53.994133 -44.975981 -103.800421 -109.459630 
-5.284478 15.283169 2.625282 2.808271 20.867599 -11.536666 5.936146 21.213261 -52.745207 -63.931722 -74.101580 -133.249773 
-5.235211 15.670882 2.386573 2.355233 20.321976 -12.851847 4.787368 14.997826 -51.151582 -64.269926 -64.469552 -137.734380 
-5.244683 16.041952 2.119973 2.924894 16.565474 -14.355574 3.464622 8.830734 -49.220290 8.147037 -313.250500 -44.782046 
-5.186024 16.386392 1.812951 4.160883 16.829216 -16.103612 2.179586 2.680556 -46.953791 11.033120 -267.265139 -23.162887 
-5.113389 16.751352 1.474398 3.625316 17.293204 -17.504862 0.780384 -3.327013 -44.408221 63.239833 -33.315908 -144.206594 
-5.062382 17.064885 1.115430 4.407160 16.261332 -18.413105 -0.687304 -9.152395 -41.478615 67.386528 -77.928608 -16.531208 
-4.985442 17.399386 0.733778 3.303585 16.761000 -19.775124 -2.064041 -14.809467 -38.177816 77.076026 -73.816844 -17.461992 
-4.915024 17.672588 0.327495 5.144965 14.681977 -20.271864 -3.596499 -20.299152 -34.634037 -110.520806 -303.101486 29.379667 
-4.852009 17.958418 -0.102570 4.308068 12.870947 -21.683946 -5.087239 -25.372676 -30.849010 64.827594 -40.989534 -1.190072 
-4.831223 18.213659 -0.550041 3.225158 9.249580 -22.158835 -6.582253 -30.237681 -26.890515 -24.795056 -85.579733 -98.096630 
-4.730154 18.436669 -1.012056 3.836409 10.726648 -23.375915 -8.061238 -34.754755 -22.745033 -29.933387 -97.616660 -105.295495 
-4.647476 18.596843 -1.478448 5.794756 11.262679 -23.075241 -9.482366 -38.944721 -18.455382 56.346677 -92.691771 -20.967294 
-4.593439 18.816199 -1.946719 3.256092 9.365652 -23.139162 -10.877504 -42.902085 -14.110013 -34.186264 -100.777351 -106.291772 
-4.567794 18.976707 -2.425116 2.197025 6.531595 -23.803998 -12.270403 -46.519547 -9.834454 -40.149693 -101.666513 -107.881388 
-4.542269 19.093751 -2.893911 2.037477 4.194101 -22.985213 -13.612435 -49.918940 -5.453103 84.710437 -73.359772 -11.429186 
-4.456211 19.190850 -3.355887 2.472395 5.455919 -23.052468 -14.989790 -53.106552 -1.111651 -55.402320 -116.815421 -117.703502 
-4.438291 19.274371 -3.816076 2.318606 3.461444 -22.118033 -16.225425 -55.978730 3.318352 -59.768184 -109.323179 -131.692376 
-4.416665 19.354595 -4.260457 1.141999 0.430404 -21.497055 -17.474269 -58.661059 7.655032 89.427400 -66.559063 -6.692491 
-4.381119 19.358413 -4.693757 2.760236 1.658717 -21.561193 -18.736381 -61.162044 11.884554 -78.713383 -78.196161 -145.139800 
-4.335257 19.392271 -5.118256 3.030453 3.002400 -21.099891 -19.886436 -63.386108 16.167725 -50.616172 -107.367503 36.433521 
-4.326027 19.454007 -5.529632 1.112337 2.488078 -19.878742 -21.074193 -65.565595 20.383260 88.844322 -56.588690 1.799614 
-4.330902 19.497645 -5.919885 0.909210 1.556382 -19.752317 -22.167356 -67.568920 24.613920 -78.882290 -54.349457 -154.951173 
-4.323553 19.525550 -6.306468 0.384415 2.237523 -19.210985 -23.242053 -69.279891 28.703269 -8.947498 31.903319 53.680991 
-4.346744 19.530605 -6.671713 0.307546 0.625452 -18.788313 -24.264303 -70.870115 32.605025 65.907715 -92.088782 -6.733845 
-4.349599 19.518128 -7.033485 0.856885 -0.065229 -18.326582 -25.249113 -72.395336 36.504601 -80.286039 -90.200233 -140.529058 
-4.330469 19.536542 -7.386198 -0.381816 2.353305 -17.380647 -26.271797 -73.789039 40.384795 -94.407023 -203.268302 10.181501 
-4.343883 19.533102 -7.712926 -0.297379 1.229550 -16.464481 -27.222229 -75.169447 44.304396 -71.308441 -111.988654 -13.819023 
-4.369396 19.541295 -8.038140 -1.190801 -0.425786 -16.259771 -28.234145 -76.256219 48.000825 -81.445903 -95.250334 -140.516762 
-4.301003 19.555299 -8.349581 -1.338163 3.541969 -15.252233 -29.065474 -77.233647 51.633081 79.886517 -26.682270 -162.474658 
-4.398417 19.514304 -8.636477 0.290411 -0.078982 -14.534873 -29.941006 -78.200280 55.202198 76.880787 -89.730325 -0.714186 
-4.420837 19.493615 -8.920567 0.191550 -0.499380 -14.362449 -30.848147 -79.096881 58.834412 -90.469959 -112.385306 -15.374497 
-4.436348 19.560348 -9.188060 -3.402930 0.024169 -13.678521 -31.645514 -79.864589 62.334365 -36.113283 -41.759796 -28.687696 
-4.465088 19.483750 -9.446881 -0.792552 -1.243234 -13.457281 -32.454260 -80.561768 65.699252 -29.964298 -14.405394 -33.041846 
-4.520246 19.494590 -9.694803 -2.459359 -2.500879 -12.341510 -33.210101 -81.134568 69.038726 -87.703882 -72.544560 6.206548 
-4.507231 19.420193 -9.937895 0.587826 -1.137588 -11.987134 -33.984340 -81.633590 72.307606 -81.025039 -110.942817 -141.801487 
-4.503444 19.378238 -10.159767 3.076608 1.414873 -11.184499 -34.749501 -82.111591 75.557743 -41.596866 37.567557 51.978131 
-4.555625 19.387471 -10.379257 -0.215360 0.238992 -10.420797 -35.460990 -82.531122 78.781314 -67.413353 -129.331415 -129.529092 
-4.581787 19.407659 -10.575744 -2.994000 0.934331 -10.261501 -36.132169 -82.821884 81.829357 -14.060296 -93.633254 5.317947 
-4.669169 19.383951 -10.769350 -2.308545 -3.061603 -9.949784 -36.809826 -83.018411 84.816450 106.983345 -67.752391 8.817054 
-4.686847 19.363582 -10.971464 -4.269223 -0.466190 -9.290228 -37.473219 -83.185925 87.750450 30.309222 145.548922 -60.594980 
-4.754240 19.304111 -11.143543 -0.850787 -2.758540 -9.039252 -38.075884 -83.383997 90.724033 -27.561481 2.262451 2.458520 
-4.821712 19.293186 -11.320149 -4.045132 -4.448788 -8.339326 -38.722211 -83.378946 93.506345 -69.799647 -99.835974 26.222675 
-4.810056 19.213283 -11.494048 0.103916 -2.970062 -8.364956 -39.303136 -83.413681 96.341499 10.841908 -183.612753 4.572434 
-4.884744 19.117533 -11.648531 2.755848 -4.549920 -7.584211 -39.836986 -83.403471 99.063651 25.564147 69.721441 -82.341351 
-4.850545 19.110922 -11.791219 0.623276 -0.011559 -7.012821 -40.453801 -83.329660 101.745290 92.349976 -88.884219 10.375911 
-4.872159 19.061172 -11.939865 1.062136 0.554853 -6.474151 -40.965216 -83.200281 104.344675 -27.231531 -19.486393 -82.327553 
-4.925212 19.090250 -12.066361 -2.071486 -1.409123 -6.157973 -41.532818 -82.991336 106.871413 -48.419104 -50.512985 -66.278517 
-4.977457 19.077486 -12.192294 -3.540399 -0.540845 -5.603271 -42.018762 -82.746182 109.386332 10.780266 27.638795 -111.399697 
-5.038209 19.043441 -12.311543 -3.902205 -2.334946 -5.512881 -42.527376 -82.492948 111.858070 -64.995247 -6.546472 0.747134 
-5.157644 18.979549 -12.414786 -2.261763 -5.129780 -5.050910 -43.035872 -82.213992 114.290439 100.448483 -40.183304 -187.707742 
-5.205320 18.925971 -12.510914 -2.467820 -4.686490 -4.482629 -43.462502 -81.897013 116.644109 85.832084 -98.371593 12.465002 
-5.273100 18.821824 -12.610112 0.597681 -5.983982 -4.477274 -43.869714 -81.460239 118.909558 -37.037424 -32.143502 -39.384575 
-5.284791 18.773311 -12.702109 1.379239 -2.868256 -4.626791 -44.295779 -80.975299 121.171777 30.227605 88.319762 -63.591942 
-5.300560 18.744187 -12.792993 0.660322 -0.270306 -4.281423 -44.739389 -80.537452 123.355871 -37.624099 -7.990034 -47.113596 
-5.359483 18.751369 -12.880371 -1.005457 -1.378630 -4.448249 -45.131710 -80.087639 125.486241 -97.495583 -112.187068 -149.832740 
-5.399115 18.738276 -12.971678 -3.133458 -0.783343 -4.365834 -45.516725 -79.576810 127.591245 -104.146286 -100.846577 -158.322818 
-5.497763 18.711587 -13.063416 -3.817186 -3.393779 -4.073735 -45.851587 -79.032761 129.593734 106.903856 -39.553543 -193.716097 
-5.534423 18.681330 -13.151532 -3.223229 -2.786056 -4.347448 -46.242523 -78.467114 131.645697 -97.758447 -121.797954 -154.036157 
-5.618583 18.611261 -13.234273 -0.505079 -3.189494 -4.278202 -46.577445 -77.802574 133.604987 -83.046978 -136.439297 -153.641256 
-5.662315 18.629616 -13.314217 -2.877835 -3.601797 -4.041871 -46.916609 -77.094184 135.434105 -54.725470 -182.310563 12.697975 
-5.717540 18.534200 -13.395752 -0.333052 -1.129823 -3.723516 -47.211662 -76.390576 137.283626 -12.513591 45.393457 -131.804682 
-5.781612 18.508148 -13.468149 0.289091 -2.727120 -3.769926 -47.499807 -75.641956 139.053266 -62.045516 -126.218457 -122.865139 
-5.819625 18.466344 -13.538686 -1.500196 -0.620764 -4.062219 -47.814168 -74.887585 140.807776 -102.048898 -121.684181 -155.759863 
-5.847843 18.447049 -13.606797 -2.375930 0.148847 -3.520062 -48.102535 -74.189853 142.541912 -88.280160 -136.130336 -156.364727 
-5.896869 18.422060 -13.683251 -1.287892 0.199119 -3.875872 -48.323735 -73.370082 144.166757 -6.643952 -13.235142 -133.540655 
-8.164229 17.623144 -13.717768 -0.259141 -99.672631 -2.316166 -48.583728 -72.558199 145.753660 -42.262327 -98.720612 -109.860698 
