# MW x(kpc), MW y(kpc), MW z(kpc), MW vx(km/s), MW vy(km/s), MW vz(km/s) LMC x(kpc), LMC y(kpc), LMC z(kpc), LMC vx(km/s), LMC vy(km/s), LMC vz(km/s) 
-1.284558 -0.382062 0.551715 24.753584 11.411985 -3.041098 24.330444 277.744609 58.549147 4.349348 -59.793333 -79.024307 
-1.173601 -0.546124 0.568025 30.940510 12.229693 -4.186137 24.442379 276.582943 56.990747 3.204001 -61.815674 -77.564469 
-0.931714 -0.807037 0.576395 42.154395 21.477763 -5.976687 24.496058 275.361675 55.430148 4.498913 -63.018726 -75.784105 
-0.664535 -1.069181 0.575571 52.457971 30.303835 -8.524513 24.573980 274.120308 53.882666 1.634783 -62.771083 -78.750090 
-0.452984 -1.299421 0.582194 56.673253 32.539798 -9.352026 24.649873 272.789181 52.314754 4.345253 -62.654724 -78.141726 
-0.259616 -1.546664 0.592158 63.307697 36.165047 -10.757989 24.723227 271.517747 50.759492 6.139125 -63.626278 -79.097873 
-0.188218 -1.763552 0.611135 67.857625 38.612918 -11.803136 24.833287 270.220768 49.179041 7.054426 -68.717836 -78.323710 
-0.281797 -1.872483 0.641232 65.230964 35.553147 -10.615096 24.912559 268.912156 47.575133 2.723071 -67.320555 -79.766984 
-0.425640 -1.987409 0.680589 64.169451 36.404353 -11.027450 24.973745 267.509416 45.977051 2.402798 -68.272413 -79.429156 
-0.668548 -2.029286 0.729053 57.655532 32.242697 -9.845181 25.023542 266.065574 44.375499 3.121192 -73.958065 -82.329420 
-0.926672 -1.982457 0.773915 51.512421 28.217734 -8.599532 25.077071 264.632396 42.789700 4.424893 -73.922646 -82.086685 
-1.187824 -1.799849 0.809939 41.271847 24.457724 -6.905188 25.127611 263.167377 41.210540 3.350081 -73.623458 -80.472541 
-1.537543 -1.628381 0.844458 35.017202 13.885156 -5.370278 25.158426 261.634908 39.560527 2.431180 -76.362688 -79.932140 
-1.781699 -1.507135 0.881422 33.281333 10.153413 -4.506552 25.225494 260.075746 37.932657 0.204307 -76.770174 -82.516815 
-1.981201 -1.349348 0.919040 28.693690 8.762381 -3.640032 25.308185 258.537202 36.263082 4.213735 -81.112214 -81.568035 
-2.109991 -1.086410 0.940242 16.589966 7.475542 -1.780018 25.342016 256.946913 34.621326 4.501827 -79.544400 -80.595453 
-2.253867 -0.730876 0.934536 -0.408639 1.724340 1.021960 25.360320 255.319092 33.013640 2.254544 -81.240421 -81.678673 
-2.454396 -0.540961 0.980156 -6.160071 -3.819056 1.987957 25.398802 253.658377 31.423413 -0.498423 -83.960553 -82.911216 
-2.543221 -0.438560 1.004901 -2.375241 1.046417 1.452169 25.408473 251.942411 29.769432 3.937343 -86.540772 -81.380884 
-2.659389 -0.323029 1.032930 0.080718 1.923238 0.591384 25.433556 250.267538 28.129300 0.562983 -85.954090 -83.573463 
-2.690086 -0.182519 1.048047 2.875468 5.466442 0.460833 25.460072 248.517950 26.446145 1.992562 -88.973178 -82.465287 
-2.751390 -0.060591 1.073165 2.902906 4.573792 0.359296 25.493678 246.702635 24.778146 0.326744 -91.017562 -84.850756 
-2.842541 0.204212 1.079616 -7.638617 -0.818536 2.639580 25.513885 244.881188 23.116221 1.865573 -92.265453 -79.884508 
-2.915991 0.414369 1.123294 -12.566102 -3.850622 3.487282 25.498963 243.016883 21.491042 -0.230112 -93.019083 -82.828667 
-2.982622 0.523634 1.146158 -11.358534 -6.301015 3.365215 25.470412 241.170339 19.875226 0.290545 -96.478969 -82.066822 
-3.042015 0.579102 1.181169 -7.693125 -8.610521 3.044079 25.468548 239.179288 18.178427 0.661787 -98.389539 -85.731180 
-3.033801 0.660213 1.203849 -7.296422 -5.899501 3.085695 25.519237 237.198909 16.465745 -0.178606 -100.594784 -80.528492 
-2.993993 0.659821 1.238219 -3.042284 0.447655 1.747715 25.482780 235.271583 14.828518 -0.930384 -100.502575 -81.995531 
-3.005241 0.703954 1.265851 -2.071268 3.366434 1.610859 25.426192 233.189254 13.195376 -0.296730 -104.087359 -83.571726 
-3.060120 0.728402 1.296754 1.727956 3.359322 1.353027 25.393063 231.082292 11.543663 -1.684193 -106.195786 -86.620660 
-3.090618 0.752324 1.332095 6.422979 4.641970 0.704368 25.383148 228.936216 9.858791 -1.694679 -105.751762 -82.955430 
-3.117585 0.786224 1.365385 11.659476 5.080647 0.212363 25.355982 226.775815 8.177895 -3.169416 -107.880229 -81.313685 
-3.162090 0.915282 1.401845 9.281154 4.350897 0.386545 25.313032 224.626581 6.545069 -2.934139 -109.913066 -82.525193 
-3.180033 1.037028 1.426148 8.096670 5.993705 1.147604 25.259618 222.405214 4.832488 -2.865621 -112.939620 -82.890876 
-3.267440 1.124204 1.484293 4.594680 1.559514 1.505751 25.219913 220.144053 3.199298 -3.177963 -116.197911 -83.634945 
-3.258124 1.200045 1.510199 1.454530 1.429356 2.324765 25.197087 217.792298 1.497119 -1.794029 -116.003669 -84.319156 
-3.222228 1.203161 1.558597 3.238329 3.578171 1.882170 25.077209 215.462656 -0.134370 -4.172416 -119.212184 -83.985214 
-3.160706 1.173676 1.583487 6.667421 6.548389 1.424347 24.995732 213.042065 -1.815622 -6.019056 -122.471595 -84.298070 
-3.191618 1.162829 1.643177 8.049424 7.345860 1.122372 24.915134 210.587801 -3.455382 -5.345534 -123.524933 -82.215168 
-3.189837 1.183446 1.681486 6.171385 12.373236 0.899639 24.799667 208.080230 -5.147077 -5.664051 -127.032828 -83.780995 
-3.271327 1.107650 1.719297 10.331993 15.299508 0.748844 24.660136 205.527783 -6.793519 -5.924348 -133.249178 -80.702762 
-3.410431 1.071999 1.778224 11.709989 10.671240 0.813900 24.530506 202.888032 -8.457678 -6.164852 -133.617268 -80.930536 
-3.496604 1.169114 1.829200 8.911370 8.423349 0.910716 24.430768 200.216349 -10.103864 -7.327200 -131.781882 -83.170570 
-3.536692 1.224327 1.859921 12.817294 8.627365 0.707497 24.300739 197.577837 -11.762135 -6.753949 -135.207415 -82.561708 
-3.600148 1.364293 1.904031 12.917501 8.902543 0.842790 24.131001 194.806286 -13.374611 -8.127063 -140.509007 -80.750266 
-3.666331 1.523798 1.935867 10.000478 6.622018 1.267232 23.997253 191.950591 -14.999901 -8.256248 -143.224289 -82.547443 
-3.655855 1.723924 1.980284 5.462367 7.542638 1.321162 23.850230 189.053064 -16.655491 -7.661773 -144.979842 -82.343011 
-3.679458 1.991373 2.017984 -0.720085 8.792090 2.442153 23.646289 186.149269 -18.310015 -9.422578 -151.008987 -80.304492 
-3.810163 2.165546 2.073175 -1.728642 5.614124 2.589096 23.439662 183.177765 -19.930470 -12.156130 -149.681529 -81.575156 
-3.973001 2.268124 2.119278 -1.621928 2.364758 2.099185 23.233516 180.111758 -21.495826 -11.163809 -154.544671 -78.597721 
-4.048310 2.287616 2.160558 3.448040 2.553273 2.029285 23.027985 176.975724 -23.111306 -11.816953 -156.992418 -79.491217 
-4.031268 2.390300 2.198998 3.718883 4.230612 1.643431 22.779674 173.811714 -24.670458 -11.559077 -158.454791 -79.144798 
-3.895950 2.529960 2.212930 4.504049 12.907326 1.638832 22.529833 170.618916 -26.318177 -10.927826 -160.608959 -78.970303 
-3.860257 2.720150 2.267151 0.457006 12.967573 2.008961 22.247777 167.321138 -27.843407 -14.372990 -165.039698 -77.802409 
-3.922576 2.867942 2.303025 -1.421978 5.846383 1.758953 21.977710 163.973354 -29.389887 -15.840767 -168.158528 -76.412619 
-3.925710 2.949872 2.313570 1.396852 3.963943 1.152587 21.624322 160.506317 -30.929548 -14.785025 -174.176362 -77.037201 
-3.922873 3.012099 2.343049 7.064112 6.059305 1.547787 21.291560 157.089569 -32.453633 -18.743915 -178.626598 -74.418953 
-3.961065 3.146474 2.371873 6.076639 7.037477 1.478676 20.949918 153.502340 -33.937264 -20.336338 -182.753455 -74.420218 
-3.974176 3.271612 2.419047 5.310318 12.707464 1.798088 20.602866 149.833902 -35.410626 -20.264165 -185.908364 -72.400003 
-4.120748 3.455831 2.452301 -1.804432 10.573211 1.841348 20.190305 146.089840 -36.829711 -20.513612 -189.478493 -71.546612 
-4.253822 3.469496 2.488281 2.702958 8.039510 1.520687 19.777910 142.261424 -38.231283 -18.542745 -192.054412 -69.815096 
-4.297542 3.572275 2.517789 5.410320 9.510010 1.194871 19.405989 138.428685 -39.631683 -22.147529 -197.858723 -68.093432 
-4.281446 3.698808 2.547529 8.772764 11.322036 1.099050 18.904078 134.406615 -40.976956 -23.509407 -200.674404 -67.222859 
-4.211437 3.880573 2.555161 11.844553 16.115150 0.815710 18.387915 130.362608 -42.272962 -26.303606 -204.560091 -62.976364 
-4.175589 4.188075 2.579556 7.598784 18.023079 0.409251 17.911388 126.200165 -43.500701 -25.139742 -209.220642 -59.329960 
-4.180867 4.532649 2.602515 2.051046 16.879839 0.504020 17.371278 121.939657 -44.721136 -29.854558 -215.979799 -58.156185 
-4.250802 4.917047 2.599113 -2.475172 14.652347 0.482217 16.737026 117.666387 -45.878382 -30.068868 -219.569796 -59.529313 
-4.414091 5.255596 2.611541 -4.402724 11.804550 0.394843 16.115419 113.209092 -46.970368 -31.528250 -222.921485 -53.429639 
-4.718718 5.489402 2.620821 -3.615730 6.177163 0.461380 15.508474 108.708791 -48.033824 -34.085770 -228.491541 -48.944383 
-4.889968 5.575478 2.623397 0.133481 5.061912 -0.321572 14.859920 104.040700 -48.974881 -35.373801 -235.016079 -47.639527 
-4.905976 5.613264 2.624445 7.266820 6.853497 0.161402 14.062822 99.269133 -49.852135 -38.202576 -239.453411 -45.119260 
-4.753512 5.811746 2.611080 8.134835 12.743111 -0.313374 13.231110 94.432867 -50.700273 -41.941814 -243.331768 -37.559417 
-4.586437 6.099393 2.616518 6.186228 16.902268 -0.680975 12.432429 89.471979 -51.421349 -43.732320 -252.807574 -32.696807 
-4.495164 6.487238 2.597760 1.705373 16.535445 -1.907221 11.561448 84.409516 -52.023571 -44.308339 -257.336652 -29.028645 
-4.409659 6.843134 2.550753 -1.200427 18.955760 -2.355618 10.655648 79.192954 -52.552474 -48.964443 -263.893031 -22.703522 
-4.418691 7.167840 2.506325 -0.449342 19.512123 -2.681069 9.648695 73.822843 -52.917125 -49.462993 -267.753210 -15.237440 
-4.447058 7.466437 2.443135 0.970623 21.580523 -3.150326 8.589992 68.409711 -53.130434 -53.100289 -271.855313 -6.252692 
-4.610333 7.761601 2.378568 2.653858 20.136979 -4.178680 7.515217 62.905592 -53.194913 -55.284697 -279.583121 0.652849 
-4.740565 8.006289 2.286632 4.740857 20.796482 -4.592916 6.406267 57.199268 -53.071947 -59.359645 -285.677530 13.677132 
-4.836581 8.321225 2.190542 1.701453 18.022673 -5.730351 5.214014 51.442081 -52.774778 -63.387233 -292.661645 19.473762 
-4.864537 8.600686 2.067686 3.233345 17.558897 -6.561590 3.874151 45.512036 -52.219349 -67.511333 -298.141461 31.513829 
-4.866885 8.923346 1.930450 4.576691 18.397980 -7.762527 2.521948 39.484091 -51.463853 -67.951376 -303.403502 44.755360 
-4.926609 9.234237 1.770886 8.444598 15.773113 -8.771965 1.163830 33.359106 -50.389645 -69.292714 -308.236593 62.028222 
-4.884032 9.506081 1.586789 13.748202 17.473950 -10.092019 -0.302431 27.142937 -48.996907 -75.368179 -311.767703 78.594662 
-4.720561 9.962687 1.366964 8.457050 21.068709 -11.828325 -1.827925 20.890934 -47.281201 -75.639511 -315.602042 94.169989 
-4.649811 10.436454 1.105249 2.683915 20.891723 -13.211521 -3.327721 14.611905 -45.187492 -78.425008 -317.055829 117.691920 
-4.619947 10.860816 0.817205 0.009175 22.144819 -15.137935 -4.855214 8.298857 -42.653841 -76.046875 -316.855238 137.371593 
-4.753996 11.240630 0.497079 -1.390446 16.441866 -16.296270 -6.329281 1.958342 -39.643823 -77.108417 -312.689210 161.508010 
-4.853512 11.528657 0.133145 -0.616614 13.452003 -18.600229 -7.792165 -4.266964 -36.138467 -72.932405 -304.069399 188.553144 
-4.869809 11.750215 -0.245822 1.281668 14.682715 -20.070972 -9.206302 -10.275642 -32.133248 -70.284775 -298.581807 210.574327 
-4.910297 11.934569 -0.662700 3.663134 12.568992 -21.582781 -10.585710 -16.107341 -27.676064 -63.283227 -287.269564 236.746804 
-4.924071 12.162491 -1.092124 -0.348212 9.256315 -21.419749 -11.708263 -21.636349 -22.693661 -53.473540 -271.340439 258.763101 
-4.929820 12.247673 -1.521763 2.786633 5.073108 -21.526640 -12.653661 -26.886832 -17.371114 -42.198706 -245.795476 275.977302 
-4.857469 12.387699 -1.944036 1.303935 4.568250 -20.856517 -13.410632 -31.596903 -11.746680 -33.047371 -225.757227 286.955404 
-4.827284 12.493306 -2.358336 -0.163070 3.460428 -19.764408 -13.912284 -35.901241 -5.949862 -21.169005 -202.819347 293.951005 
-4.833672 12.498576 -2.733015 1.053658 2.357285 -18.341886 -14.189798 -39.814770 -0.035943 -10.638734 -181.031823 293.786028 
-4.851416 12.475221 -3.083295 2.411523 3.579817 -18.193968 -14.330678 -43.208351 5.823226 -1.249028 -161.531947 290.653841 
-4.963130 12.490652 -3.444445 -0.908066 2.621029 -17.155772 -14.285035 -46.192562 11.576878 6.034192 -142.719537 282.739244 
-5.145252 12.431983 -3.758899 -1.546804 0.166033 -16.010857 -14.062541 -48.959619 17.189643 14.540506 -129.853465 278.069717 
-5.265840 12.425736 -4.059228 -3.985145 0.123941 -15.177398 -13.718208 -51.441355 22.671688 16.677949 -119.518549 267.880628 
-5.405656 12.317227 -4.359138 -1.818646 -1.126014 -14.768327 -13.381856 -53.720021 27.988440 18.009201 -106.649587 260.505474 
-5.539050 12.272278 -4.642500 -1.314254 -2.029137 -13.688464 -12.992791 -55.731758 33.078827 18.914090 -94.186704 249.176116 
-5.632918 12.213182 -4.903445 0.064409 -1.484478 -13.502988 -12.512775 -57.558836 37.993360 26.392972 -88.477651 241.676961 
-5.745671 12.134864 -5.162103 1.741322 -2.971467 -12.645912 -11.955689 -59.219788 42.832750 29.151521 -79.182891 236.396297 
-5.829528 12.075230 -5.405053 1.904603 -3.222054 -11.847582 -11.389994 -60.731178 47.565962 29.018890 -71.284888 230.631378 
-5.851797 12.065896 -5.615408 -1.527591 -0.684589 -10.563309 -10.817925 -62.082123 52.006346 32.374009 -63.506593 220.114716 
-5.939958 12.055901 -5.822095 -3.650302 -1.704557 -9.681738 -10.181515 -63.339788 56.328269 32.960922 -59.782362 214.295771 
-6.063681 12.055679 -6.004674 -5.688207 -2.905643 -8.566397 -9.543170 -64.449302 60.524150 33.251073 -53.687119 204.917451 
-6.244080 12.050395 -6.164172 -7.776557 -4.325428 -7.725864 -8.854073 -65.489178 64.612458 35.323517 -48.720691 197.658158 
-6.386111 11.898152 -6.322006 -5.685773 -5.209077 -7.411130 -8.186066 -66.397536 68.530114 34.592645 -44.730786 193.851555 
-6.539880 11.788585 -6.446060 -5.393573 -6.899343 -6.902114 -7.514555 -67.243991 72.250954 33.753704 -42.235220 184.295063 
-6.622759 11.629025 -6.581007 -3.055803 -6.507810 -6.443031 -6.843134 -68.065419 75.865548 36.554592 -37.699399 180.633716 
-6.671815 11.491300 -6.701491 -0.496925 -4.824784 -6.237413 -6.162539 -68.766984 79.432312 33.983434 -33.817062 177.015234 
-6.695055 11.345188 -6.820697 0.592645 -4.452824 -6.099925 -5.418669 -69.351223 82.929853 35.279678 -27.141405 168.643832 
-6.677619 11.215268 -6.924569 2.203054 -2.554706 -6.816258 -4.723223 -69.956638 86.262234 37.021142 -27.358235 164.333366 
-6.694167 11.132040 -7.062545 1.564399 -2.236495 -6.025720 -4.033811 -70.483126 89.465927 33.624522 -25.346472 156.631437 
-6.771056 11.118267 -7.171207 -1.202018 -2.449678 -5.797997 -3.289540 -70.985258 92.503383 34.034976 -25.630263 151.953730 
-6.906873 11.082223 -7.277647 -3.769263 -3.317491 -5.200712 -2.561264 -71.436008 95.522202 35.771753 -19.885060 148.395855 
-7.048067 11.037808 -7.382480 -3.260677 -1.982585 -5.279710 -1.852274 -71.781380 98.471018 35.209686 -17.447845 143.581881 
-7.242984 10.965584 -7.473703 -3.021414 -3.365847 -4.677592 -1.155317 -72.063100 101.285764 37.140808 -15.366896 139.610491 
-7.401071 10.988792 -7.569374 -6.707661 -1.501615 -4.423729 -0.423912 -72.377644 104.031210 35.803203 -15.352447 134.634087 
-7.566653 10.950080 -7.654202 -7.176596 -2.433241 -3.809151 0.280374 -72.624719 106.715859 34.780605 -10.218164 130.316594 
-7.702758 10.874287 -7.728755 -5.950912 -2.608601 -4.144405 0.975171 -72.813956 109.345020 35.557664 -8.712345 126.283506 
-7.843140 10.771276 -7.792465 -3.756133 -5.351051 -3.261550 1.646565 -72.924328 111.805942 36.901193 -6.117645 122.703125 
-7.896741 10.663600 -7.856436 -2.074108 -4.134864 -3.369905 2.359980 -73.041012 114.213046 37.337827 -6.944306 117.859143 
-7.998041 10.574457 -7.934797 -0.769464 -5.140590 -3.296611 3.035134 -73.184830 116.555885 34.007734 -2.100274 114.847656 
-8.044033 10.513192 -7.998197 -2.367069 -4.381323 -3.272538 3.758733 -73.238684 118.754001 33.278220 -0.228750 110.524763 
-8.110142 10.405900 -8.063072 -2.608487 -4.675651 -3.092662 4.420592 -73.217502 120.971025 34.241074 1.387201 109.692666 
-8.172241 10.297701 -8.112529 -1.934919 -3.850281 -3.119056 5.132882 -73.154430 123.111171 36.122561 1.833408 106.104433 
-8.255197 10.188511 -8.173562 -1.661592 -4.338404 -3.461377 5.766378 -73.078901 125.171579 31.794522 2.093538 100.597300 
-8.287237 10.082540 -8.240565 0.690047 -0.318950 -3.119235 6.430081 -73.036787 127.138446 34.058758 5.307174 97.876947 
-8.366533 10.082546 -8.295145 -0.947132 -0.248547 -3.227790 7.087008 -72.959549 129.011546 34.115956 6.847498 95.559817 
-8.492295 10.135032 -8.362931 -5.044916 -0.368115 -3.207781 7.730569 -72.771836 130.854561 32.361946 4.976359 91.029830 
-8.603839 10.087059 -8.410975 -3.340198 0.305353 -2.306091 8.402888 -72.594542 132.670558 31.538947 9.425698 86.031654 
-8.744284 10.073895 -8.462548 -2.083753 -0.152404 -2.471863 9.077105 -72.415243 134.381994 31.136472 9.772420 83.644415 
-8.919941 10.041428 -8.524716 -2.877353 -2.654101 -2.437644 9.630267 -72.226828 136.023930 29.685711 12.775705 81.038969 
-9.005749 9.982374 -8.566621 -1.914009 -2.396451 -2.320811 10.235765 -71.948323 137.576261 30.417877 12.542189 78.711774 
-9.044037 9.928275 -8.600603 -1.007752 -1.584084 -2.586828 10.876824 -71.709230 139.158376 32.054601 15.538934 74.357901 
-9.060884 9.909030 -8.657570 -1.234693 -0.435915 -2.264768 11.550140 -71.444675 140.645344 31.647883 13.898834 74.949825 
-9.130715 9.895636 -8.701081 -2.390277 -1.277882 -2.171622 12.176524 -71.090734 142.028085 28.952107 16.746980 68.975911 
-9.177843 9.857994 -8.745067 -2.114051 0.492007 -2.242843 12.718297 -70.708549 143.384397 28.698086 16.752542 65.957831 
-9.312212 9.860499 -8.788852 -3.049692 -1.506796 -2.266019 13.278998 -70.335167 144.695633 28.557922 20.557391 63.570533 
-9.462031 9.840252 -8.836637 -4.939372 -2.496206 -2.108060 13.832478 -69.980725 145.962955 30.739818 18.733801 59.892794 
-9.582519 9.759540 -8.889624 -3.908533 -2.973760 -2.283425 14.461030 -69.600311 147.145501 29.560046 20.810751 55.420157 
-9.725639 9.680132 -8.929456 -4.336898 -5.439817 -2.129179 15.077052 -69.156578 148.228975 28.610333 22.233316 53.038529 
-9.791858 9.599514 -8.962628 -3.869004 -5.397085 -1.627954 15.600388 -68.677546 149.262438 27.483640 21.589644 50.774218 
-9.830678 9.471616 -8.979966 -2.158625 -5.193852 -1.498272 16.144349 -68.237522 150.285939 24.880335 26.879159 49.733018 
-9.855428 9.305737 -9.015157 1.792157 -5.528035 -1.563779 16.669639 -67.714498 151.192290 27.739555 28.032066 44.067142 
-9.842363 9.189301 -9.042951 1.802432 -3.912869 -1.308959 17.220318 -67.179767 152.136687 26.945243 25.061003 42.133249 
-9.897715 9.119941 -9.084804 -0.193594 -4.563417 -1.854640 17.704086 -66.622427 152.925349 25.393360 26.066923 43.328238 
-12.557471 10.105649 -9.616939 -50.600984 -84.346514 3.721885 18.224119 -66.106465 153.777085 25.587249 25.894592 41.297956 
