# MW x(kpc), MW y(kpc), MW z(kpc), MW vx(km/s), MW vy(km/s), MW vz(km/s) LMC x(kpc), LMC y(kpc), LMC z(kpc), LMC vx(km/s), LMC vy(km/s), LMC vz(km/s) 
0.005977 -0.002626 -0.001516 0.056398 0.146856 0.303358 24.329860 277.743937 58.550052 4.414436 -59.943511 -78.639190 
-0.009654 0.005495 0.006008 -0.474884 -0.599816 0.410438 24.442917 276.582510 56.991582 3.302754 -61.852496 -77.546087 
-0.044411 0.018050 0.003762 -2.089801 -1.896595 -0.043754 24.500737 275.363080 55.430718 4.643207 -63.174074 -75.824420 
-0.001245 0.012249 0.006940 0.462235 2.532916 0.331795 24.582487 274.124466 53.887823 1.590318 -62.871459 -79.007978 
-0.020125 0.045511 0.015795 -1.308856 1.390114 0.492098 24.662382 272.795206 52.321858 4.224744 -62.364390 -78.300579 
-0.039583 0.058558 0.015145 -2.122797 0.561877 -0.212303 24.738501 271.527889 50.765495 5.688003 -63.814004 -78.781234 
-0.022622 0.042927 0.019353 0.384926 2.334286 0.185459 24.849969 270.229500 49.190179 6.813171 -68.181060 -78.366445 
-0.048126 0.071651 0.019928 -0.515478 0.489037 -0.106801 24.934109 268.922431 47.586885 2.556857 -67.951266 -79.524533 
-0.066100 0.098351 0.020080 -0.799050 0.073681 0.346172 24.994401 267.520833 45.988468 2.487028 -68.365603 -78.996408 
-0.097207 0.106209 0.021760 -0.498042 -1.287524 0.039529 25.047310 266.080635 44.388970 3.545201 -74.092542 -81.435986 
-0.072251 0.131306 0.028459 -0.700008 1.389230 0.798352 25.105087 264.645671 42.807235 4.450519 -73.358004 -81.461213 
-0.075213 0.159724 0.032279 -2.162954 1.219269 -0.086747 25.157303 263.184735 41.232997 3.159456 -73.665476 -79.905523 
-0.091656 0.160439 0.042952 0.228640 1.540049 0.431794 25.193887 261.651249 39.589963 2.497063 -76.330801 -79.387177 
-0.117229 0.203572 0.054274 -1.902675 0.927598 0.520032 25.262443 260.095243 37.966937 0.471659 -76.995717 -82.096541 
-0.127160 0.217340 0.067430 -0.736622 1.290027 0.583908 25.347150 258.561944 36.307924 4.780421 -80.459319 -81.260460 
-0.157587 0.261517 0.086258 -1.134891 -0.111589 0.391492 25.395844 256.974756 34.670887 4.232477 -79.904933 -80.128999 
-0.151327 0.277770 0.094215 -0.697907 1.398937 0.645860 25.423714 255.346514 33.071920 2.846614 -80.834840 -81.642072 
-0.186720 0.330867 0.109752 -2.823195 -0.680406 0.254467 25.470307 253.684362 31.475747 -0.212011 -84.885166 -82.621241 
-0.185277 0.330487 0.118725 -0.743370 1.703892 0.897299 25.494425 251.977135 29.828693 4.294043 -85.696229 -80.881982 
-0.191716 0.385407 0.130071 -2.362220 3.155823 0.495521 25.533810 250.298938 28.182123 1.637612 -85.822439 -84.202834 
-0.189751 0.431923 0.148017 -2.287327 4.644707 1.081462 25.568629 248.556929 26.504056 2.112218 -88.684373 -82.378590 
-0.239197 0.444112 0.161544 0.273160 2.761808 0.292408 25.614999 246.748167 24.838465 1.146869 -90.875603 -83.749026 
-0.218661 0.490618 0.164796 -0.304254 3.970845 0.459098 25.653158 244.920861 23.166475 3.452843 -92.421970 -79.954789 
-0.260480 0.537394 0.180523 0.259610 2.675833 0.704703 25.640094 243.064187 21.549076 -0.006524 -92.634670 -82.501947 
-0.299104 0.597368 0.192856 -1.064827 1.197912 0.626810 25.641105 241.216291 19.926118 1.593075 -95.624262 -82.695701 
-0.303233 0.636215 0.210360 0.331192 2.771246 0.201532 25.656289 239.229298 18.234831 2.066314 -98.114830 -83.686431 
-0.344879 0.711745 0.218309 -1.893638 1.357620 0.428749 25.724956 237.256885 16.526592 0.864530 -100.138198 -80.455853 
-0.350974 0.772751 0.235144 -2.423383 3.102061 0.604972 25.713901 235.314900 14.880325 -0.026150 -99.290279 -82.685949 
-0.394581 0.819227 0.249036 -1.397308 1.090012 0.720687 25.684040 233.245531 13.241331 1.010083 -104.031383 -83.740495 
-0.378562 0.880462 0.265604 -1.248296 3.491563 0.527879 25.665393 231.134570 11.594344 -0.070938 -106.036882 -86.975863 
-0.378542 0.928856 0.281032 -0.219040 5.089535 0.627341 25.690849 228.986635 9.900968 -0.679133 -105.488998 -82.991090 
-0.419998 1.024305 0.291456 -2.145274 4.440993 0.715316 25.692511 226.839600 8.222640 -1.270560 -107.589042 -82.598717 
-0.476187 1.100215 0.306162 -2.501782 2.192263 0.276119 25.669662 224.673026 6.578611 0.545767 -110.090470 -83.611377 
-0.495443 1.178749 0.327364 -2.198079 3.508424 0.957592 25.651798 222.456686 4.872400 -0.611345 -112.851105 -83.067232 
-0.489956 1.252662 0.333394 -1.955654 4.573535 0.581094 25.658279 220.200267 3.236427 -0.718161 -115.606358 -83.981723 
-0.525735 1.336425 0.345942 -3.368844 2.712711 0.569338 25.653986 217.853897 1.539618 -0.372313 -116.628587 -82.969299 
-0.553001 1.380933 0.361053 -1.589071 3.098075 0.694505 25.581754 215.532260 -0.071741 -2.063458 -120.096748 -84.621587 
-0.524709 1.445135 0.377926 0.564707 6.951377 0.913027 25.534055 213.120345 -1.776746 -3.345465 -122.521894 -83.192915 
-0.587752 1.551962 0.390670 -0.847696 4.724936 0.755542 25.502379 210.669605 -3.446215 -3.586417 -123.229062 -82.847842 
-0.640282 1.653433 0.399176 -1.730389 3.283385 0.686500 25.435945 208.154203 -5.123078 -5.562595 -128.686085 -82.999048 
-0.653763 1.751215 0.409096 -2.266607 4.526474 0.794395 25.341211 205.620549 -6.753606 -2.778566 -131.251904 -80.639967 
-0.654702 1.846504 0.424880 -1.136969 6.000872 0.380802 25.285089 203.004374 -8.439270 -3.424386 -133.294609 -83.090327 
-0.679206 1.917290 0.439981 0.655098 5.215843 1.061913 25.231303 200.344106 -10.077631 -5.187521 -131.591856 -84.533541 
-0.682619 2.044601 0.458160 -1.734097 6.531341 0.639097 25.158815 197.723066 -11.729840 -4.833745 -133.972073 -82.065288 
-0.742985 2.184156 0.469187 -4.255128 4.433768 0.942481 25.076303 194.963105 -13.326260 -5.171374 -140.105792 -81.020836 
-0.765253 2.248379 0.481533 -2.145530 4.985981 0.524917 24.991306 192.112491 -14.968702 -3.801624 -141.188038 -82.382947 
-0.775882 2.334906 0.490285 -0.737096 6.271688 0.618845 24.906521 189.225128 -16.620583 -4.307203 -144.698055 -82.683012 
-0.811852 2.440297 0.508099 0.150312 5.724293 0.695001 24.785854 186.350095 -18.296617 -5.666545 -148.705489 -78.836945 
-0.835057 2.584987 0.515502 -2.328946 5.473977 0.507349 24.665645 183.391414 -19.927706 -6.359865 -150.306379 -82.244652 
-0.837052 2.698086 0.523934 -0.682616 7.137342 0.195957 24.531536 180.340996 -21.494719 -6.810911 -153.539543 -80.160613 
-0.900290 2.873226 0.531483 -4.782066 6.003030 0.903890 24.418271 177.213515 -23.089665 -8.507115 -155.035642 -81.127164 
-0.912988 2.988986 0.539081 -3.061761 6.963645 0.349585 24.278486 174.074124 -24.694092 -5.265048 -157.692068 -80.455834 
-0.941625 3.076058 0.552352 0.182425 6.943730 -0.211512 24.119485 170.918769 -26.326988 -6.756135 -161.039223 -78.347400 
-0.925563 3.216103 0.547630 0.950400 9.364771 -0.485826 23.943180 167.636296 -27.891357 -8.069358 -164.367904 -80.572738 
-0.972358 3.421975 0.550904 -3.524996 8.731877 0.242458 23.808902 164.327124 -29.420868 -10.293646 -168.895823 -78.641467 
-1.020835 3.564635 0.550991 -2.611602 7.355059 0.231262 23.575407 160.873188 -30.977798 -8.561681 -174.511254 -75.510666 
-1.049268 3.754447 0.555928 -4.891666 7.711273 0.813638 23.331099 157.461514 -32.564070 -12.353616 -175.291646 -74.750885 
-1.115415 3.874735 0.571763 -2.261633 6.101095 0.796135 23.168828 153.933504 -34.074430 -12.122133 -180.587952 -76.158849 
-1.093540 4.042406 0.574159 -1.864883 8.269005 0.590621 22.972221 150.260215 -35.553816 -11.269988 -182.821872 -76.594832 
-1.096057 4.262197 0.565796 -5.693957 8.443528 0.198341 22.700681 146.552346 -37.006819 -12.303639 -186.295219 -75.217836 
-1.153780 4.459885 0.565377 -6.626238 7.299610 0.456720 22.429927 142.792812 -38.492368 -11.031243 -191.831451 -71.195846 
-1.189740 4.649984 0.554524 -7.006436 9.193590 0.264457 22.216040 138.952882 -39.921206 -11.939588 -195.876363 -71.027040 
-1.255751 4.839081 0.547623 -6.955299 8.303101 0.683630 21.925967 134.945272 -41.295388 -12.219237 -200.182184 -68.207035 
-1.306484 5.084697 0.539208 -10.252981 7.663452 0.720887 21.613364 130.908757 -42.669142 -15.314988 -204.512078 -66.519257 
-1.371790 5.281289 0.534465 -8.315908 6.017769 0.664730 21.301739 126.782567 -43.934304 -15.056533 -209.921954 -63.029628 
-1.400873 5.500287 0.510630 -8.886636 8.294471 0.423488 20.941422 122.519658 -45.195360 -17.610665 -213.598545 -62.920033 
-1.405409 5.738341 0.493119 -9.461359 8.710715 0.636201 20.565927 118.217597 -46.439682 -19.457715 -219.562879 -60.804416 
-1.422160 6.016431 0.475218 -12.044356 9.492952 0.881384 20.190850 113.802390 -47.664677 -20.231616 -221.736261 -57.476796 
-1.475311 6.342606 0.442641 -16.208136 9.569794 1.610284 19.802272 109.289738 -48.731518 -21.737190 -230.040734 -54.392293 
-1.559271 6.634303 0.421242 -17.482357 9.849187 1.255123 19.350365 104.572473 -49.762213 -21.277415 -236.277166 -53.527550 
-1.662984 7.020923 0.394817 -23.481476 8.821358 2.281121 18.866615 99.792788 -50.783242 -27.189661 -242.586189 -49.069018 
-1.765917 7.420837 0.343092 -29.614089 8.943037 2.909401 18.329293 94.927894 -51.683945 -27.465770 -247.951754 -43.814174 
-1.874851 7.837096 0.303744 -34.034144 8.114965 3.901159 17.793331 89.933452 -52.469223 -29.649997 -253.954590 -36.777946 
-2.010559 8.321947 0.251121 -39.279698 5.313954 4.828238 17.211643 84.781053 -53.179651 -29.670371 -260.241278 -33.359277 
-2.134679 8.879561 0.191161 -47.583534 5.775710 6.895248 16.601320 79.488762 -53.798879 -30.711295 -269.232905 -28.257806 
-2.257257 9.489340 0.111906 -59.487274 4.479244 8.546249 15.940310 74.090690 -54.324943 -35.114823 -272.543014 -19.057628 
-2.384626 10.089472 0.037569 -67.138991 1.542640 10.904642 15.194424 68.579269 -54.634863 -35.565067 -280.794634 -13.037573 
-2.492565 10.747474 -0.053067 -75.146747 2.043874 12.224055 14.496704 62.927281 -54.786125 -38.174750 -283.253469 -3.884939 
-2.551554 11.347222 -0.165822 -76.506465 5.745697 11.736941 13.687091 57.169244 -54.751822 -40.779052 -291.347346 5.485923 
-2.502416 11.882228 -0.306154 -75.285935 9.261210 10.607744 12.802471 51.298765 -54.590094 -44.674764 -298.120053 15.135033 
-2.434292 12.311489 -0.474583 -73.385829 9.107402 9.627826 11.886251 45.266383 -54.171757 -47.522126 -304.695715 25.930645 
-2.255042 12.660115 -0.683841 -67.368294 10.432377 7.490392 10.884786 39.092880 -53.527188 -50.968287 -309.814288 37.422274 
-2.036998 12.973692 -0.919205 -60.641952 10.378793 4.314344 9.836376 32.828599 -52.594814 -53.573441 -314.690209 51.502935 
-1.797967 13.288045 -1.191237 -52.860696 12.259603 1.144350 8.691894 26.548069 -51.327906 -57.226843 -318.854340 70.707722 
-1.569006 13.519900 -1.496466 -42.987410 20.029820 -3.668353 7.500660 20.168658 -49.756242 -61.569323 -323.546923 89.406386 
-1.439530 13.770961 -1.809394 -42.018936 19.922579 -4.992639 6.226289 13.723646 -47.804919 -65.212485 -323.933982 107.652604 
-1.310632 13.944554 -2.150144 -36.605945 20.009096 -8.720943 4.919530 7.281270 -45.462128 -65.076998 -320.710874 126.027193 
-1.161479 14.055216 -2.526488 -30.117484 21.354487 -11.719369 3.616369 0.889101 -42.647799 -67.597574 -318.032723 152.012099 
-1.038604 14.186565 -2.941750 -26.518683 18.962974 -14.054217 2.264193 -5.374224 -39.402013 -69.358808 -312.473538 175.050067 
-1.036124 14.213928 -3.343000 -16.272228 12.255551 -17.484006 0.820526 -11.604386 -35.635584 -72.634059 -304.752045 201.744344 
-1.010104 14.177753 -3.765503 -3.739882 9.410457 -20.607875 -0.667999 -17.578748 -31.341435 -71.425431 -292.101387 226.398024 
-0.913249 14.088294 -4.215323 8.371783 9.546738 -24.064548 -2.067856 -23.340093 -26.532987 -68.351395 -278.081416 253.005033 
-0.731398 14.040300 -4.697095 17.109620 14.479497 -26.692698 -3.298983 -28.675865 -21.245783 -61.609662 -258.384736 275.023174 
-0.693350 14.150280 -5.133079 11.158120 10.328360 -23.864253 -4.465159 -33.610287 -15.571856 -54.979279 -234.316280 292.337233 
-0.718461 14.344931 -5.548369 -3.142668 6.807359 -19.510344 -5.509747 -38.053396 -9.563120 -46.527100 -205.429330 305.329717 
-0.901628 14.346594 -5.910561 -8.046689 -1.894477 -17.634395 -6.336867 -41.938579 -3.470533 -35.090989 -181.657032 306.058840 
-1.006285 14.294047 -6.306803 -11.108024 -3.399712 -16.939064 -6.934678 -45.328202 2.651176 -28.259644 -157.026937 303.177083 
-1.072292 14.056010 -6.667998 -4.134058 -2.374857 -19.113309 -7.448752 -48.250322 8.598405 -21.381570 -141.906706 289.699101 
-1.055781 13.836186 -7.067272 1.412610 -0.579651 -20.575906 -7.801528 -50.854063 14.294067 -16.952062 -123.143396 279.926064 
-1.023443 13.616695 -7.472818 6.472350 1.383075 -21.784974 -8.102513 -53.161704 19.770165 -11.538773 -108.436327 268.746913 
-1.028029 13.517884 -7.856215 2.076752 0.997901 -19.690722 -8.293385 -55.240248 25.039407 -11.903086 -97.603866 258.775013 
-1.093167 13.483431 -8.217511 -6.293688 -2.295438 -16.689787 -8.513109 -57.095874 30.152935 -8.938517 -87.179275 247.761274 
-1.244939 13.366625 -8.539881 -7.297018 -8.055287 -15.369252 -8.662514 -58.745778 35.008451 -8.324048 -77.357272 239.471953 
-1.367029 13.315026 -8.836542 -13.168636 -7.913244 -12.548399 -8.768521 -60.207870 39.698280 -6.047853 -68.845308 230.368993 
-1.461654 13.157596 -9.120501 -14.150787 -8.130343 -11.101398 -8.892509 -61.496445 44.250703 -2.906745 -62.462608 222.765499 
-1.487139 13.099350 -9.388527 -19.052167 -4.959031 -8.406759 -8.945519 -62.653277 48.572444 -5.499310 -57.803169 211.791154 
-1.576897 12.989164 -9.608187 -17.057666 -0.982837 -7.980523 -8.973908 -63.767271 52.803836 0.898651 -51.848810 205.167646 
-1.697953 12.867431 -9.801216 -13.856479 1.757842 -7.569830 -8.992852 -64.771753 56.899219 -2.953980 -45.775848 198.215088 
-1.801057 12.706094 -9.979438 -9.811150 2.722592 -8.162096 -9.011001 -65.644381 60.742393 0.344542 -41.101041 190.128637 
-1.850763 12.631042 -10.166989 -10.229692 4.762129 -7.503153 -9.033706 -66.443073 64.507789 -0.068280 -37.724518 184.147356 
-1.984594 12.562678 -10.319666 -10.245917 0.267660 -8.121457 -9.027236 -67.124013 68.083783 0.680193 -32.979560 176.042800 
-2.038046 12.532018 -10.498444 -11.544536 1.075952 -6.757178 -9.044659 -67.728931 71.604027 -0.847813 -28.157964 172.182779 
-2.006214 12.490259 -10.678421 -7.286394 3.811716 -7.643510 -9.026838 -68.276694 74.998733 1.654441 -26.125786 165.989861 
-2.064306 12.571902 -10.827268 -8.154150 0.727830 -6.957893 -9.033391 -68.778693 78.284529 2.684189 -23.766256 159.868855 
-2.166357 12.741962 -10.964943 -14.027807 -2.290017 -5.582320 -9.000789 -69.232946 81.421363 3.156682 -20.810468 156.559966 
-2.351257 12.848690 -11.102815 -17.221603 -4.537901 -4.876873 -8.916590 -69.633918 84.491058 2.292050 -17.176877 146.682125 
-2.440061 12.968538 -11.240702 -20.724944 -1.820973 -3.966142 -8.899498 -69.941477 87.390373 2.615229 -15.732051 144.825736 
-2.538026 13.085074 -11.358318 -20.091661 0.718499 -4.102887 -8.865111 -70.206503 90.223785 2.260066 -13.872212 138.131140 
-2.638673 13.175658 -11.491457 -21.229033 4.914877 -3.736225 -8.810076 -70.491618 93.004302 3.673526 -8.781152 135.067940 
-2.713632 13.146793 -11.606434 -17.618940 3.526900 -3.891769 -8.760685 -70.650556 95.647548 1.166791 -6.667903 133.285358 
-2.774391 13.093574 -11.718583 -14.174702 1.395540 -4.386598 -8.696651 -70.761836 98.280444 2.524778 -6.812023 126.613761 
-2.775845 12.983438 -11.833312 -8.203702 3.470198 -4.882077 -8.653819 -70.839776 100.725248 2.837225 -2.936419 123.537199 
-2.848034 13.004402 -11.935496 -13.113043 3.893027 -4.130340 -8.613954 -70.906619 103.128806 3.448995 -2.927884 117.872198 
-3.015211 12.984728 -12.019372 -16.117890 -0.167591 -3.843994 -8.577240 -70.954502 105.440796 3.664381 -0.741938 113.882460 
-3.241741 12.850657 -12.111972 -12.828021 -4.309840 -4.319259 -8.487671 -70.884489 107.691092 2.454827 1.619142 108.887549 
-3.403649 12.590388 -12.185829 -4.219902 -5.847419 -4.800784 -8.389394 -70.775724 109.901939 4.732836 4.813552 105.414126 
-3.466139 12.346486 -12.276873 3.549681 -7.042878 -5.053474 -8.313968 -70.678392 111.846625 3.616690 4.858409 99.685841 
-3.428881 12.248804 -12.366555 1.655142 -3.811307 -4.580274 -8.248933 -70.557407 113.902873 5.257758 9.014201 97.450687 
-3.383059 12.326713 -12.474156 -6.615769 0.732042 -4.644175 -8.141272 -70.382329 115.862998 1.297743 9.608804 92.901758 
-3.510915 12.414643 -12.555897 -11.989297 -0.450471 -3.965845 -8.072085 -70.155969 117.695114 3.999373 12.126711 91.238256 
-3.703817 12.433025 -12.649862 -12.700967 -3.450693 -4.339844 -8.002012 -69.912847 119.494792 3.912919 13.819126 88.324495 
-3.842227 12.434025 -12.723752 -11.594554 -3.764156 -4.546598 -7.982840 -69.594699 121.149059 3.169029 14.730209 84.085938 
-3.931686 12.384348 -12.818448 -13.510485 -1.948524 -4.305261 -7.878142 -69.273035 122.821061 4.191776 14.792628 81.759302 
-3.908933 12.361440 -12.911841 -16.587247 1.553245 -4.538465 -7.829882 -68.964668 124.348961 4.270328 16.364062 76.378594 
-3.966767 12.381140 -12.988672 -17.584164 0.014038 -4.067950 -7.712149 -68.586099 125.909656 6.065172 17.320910 73.206934 
-4.053090 12.336094 -13.076694 -13.331979 1.057528 -4.330953 -7.612048 -68.202141 127.351681 5.614757 20.388551 72.216474 
-4.169381 12.219725 -13.138783 -9.791831 -2.217896 -4.144282 -7.535340 -67.736779 128.685474 3.514582 22.323304 68.496957 
-4.247682 12.093827 -13.231499 -5.826757 -4.336709 -4.449118 -7.440554 -67.293038 130.074312 6.432219 23.534138 63.458325 
-4.229189 11.975353 -13.307639 -2.939752 -0.258891 -4.879068 -7.332757 -66.816785 131.325966 7.162910 23.232329 59.956967 
-4.213990 11.860826 -13.393745 4.051765 -0.267075 -4.528711 -7.223179 -66.291065 132.440878 2.968745 26.273680 55.570614 
-4.191359 11.867445 -13.492769 2.008743 0.519639 -4.719619 -7.140272 -65.791475 133.574369 4.711961 27.244798 56.800947 
-4.141338 11.922226 -13.574741 0.162014 5.998292 -4.698298 -7.044796 -65.244716 134.679058 4.208264 29.193451 52.930926 
-4.258468 12.074643 -13.676863 -9.066769 4.270104 -4.654205 -6.948925 -64.673812 135.681700 4.458563 29.218096 48.398695 
-4.519676 12.075616 -13.764191 -9.745211 -4.042523 -3.710432 -6.848359 -64.076060 136.655437 1.646462 31.843210 44.926595 
-4.699821 11.986776 -13.836933 -7.009348 -7.618613 -3.692676 -6.813700 -63.427701 137.423696 2.693653 29.243759 42.339183 
-4.783093 11.851830 -13.905973 -1.972369 -7.150158 -3.060741 -6.740522 -62.774824 138.183337 2.982048 35.244028 38.676698 
-4.808544 11.796427 -13.991559 -7.497544 -6.472964 -3.337040 -6.643467 -62.117129 138.982214 3.224370 34.281442 37.661072 
-4.792818 11.744947 -14.062872 -12.044437 -6.370991 -3.678510 -6.561780 -61.412515 139.658584 7.713016 36.537482 33.133951 
-4.818396 11.660119 -14.146017 -9.092507 -6.484442 -4.497781 -6.417587 -60.675472 140.293117 4.336297 35.251839 28.164677 
-4.821482 11.476817 -14.220166 -4.431388 -5.367082 -4.250128 -6.340454 -59.889519 140.898636 5.139003 39.072252 26.675089 
-4.860548 11.384736 -14.245732 -5.597690 -6.868816 -3.785661 -6.215063 -59.143449 141.378506 5.177731 38.894872 24.471125 
