# MW x(kpc), MW y(kpc), MW z(kpc), MW vx(km/s), MW vy(km/s), MW vz(km/s) LMC x(kpc), LMC y(kpc), LMC z(kpc), LMC vx(km/s), LMC vy(km/s), LMC vz(km/s) 
0.003303 -0.006298 -0.004092 0.675303 0.292728 -0.230829 24.330483 277.742939 58.548820 4.189220 -59.754143 -78.756791 
0.002310 -0.005051 -0.000443 0.231316 0.471338 0.107389 24.448869 276.585703 56.995363 3.823045 -62.093104 -77.449506 
-0.029974 0.012985 0.001397 -1.297061 -1.513780 -0.031673 24.492617 275.358821 55.427178 4.452902 -62.938941 -76.284780 
-0.047995 0.044132 0.011190 -2.975422 -1.493149 0.253200 24.583276 274.121724 53.902126 1.638114 -61.187903 -77.434141 
-0.068760 0.017405 0.011623 -0.503560 -1.427237 0.362022 24.668044 272.800521 52.324744 2.544902 -62.903288 -76.875260 
-0.074644 0.071326 0.019979 -3.983902 0.283325 0.667414 24.733464 271.501041 50.720469 5.906134 -63.867747 -79.143731 
-0.108987 0.050727 0.036249 -0.561543 -0.895456 0.850468 24.799134 270.228951 49.149611 5.933570 -66.773474 -78.100178 
-0.143593 0.105931 0.051933 -3.310443 -0.693192 1.197685 24.922618 268.915900 47.592200 2.838352 -66.595503 -78.993673 
-0.160139 0.120597 0.073960 -2.411488 -0.158424 1.025514 24.996419 267.527367 45.995342 0.849564 -68.826285 -78.203094 
-0.177883 0.147592 0.088344 -2.826722 0.122339 0.836005 25.067045 266.087487 44.373715 3.363204 -73.816820 -80.359841 
-0.219928 0.187069 0.106129 -3.060979 -0.206159 1.515110 25.105844 264.663324 42.805255 3.781294 -75.156883 -81.556172 
-0.215941 0.173485 0.134695 0.053562 1.901189 0.810921 25.162878 263.206743 41.193357 3.012812 -74.964256 -78.841048 
-0.257314 0.250346 0.143497 -2.512265 0.386637 0.912721 25.208295 261.690854 39.594189 3.197365 -76.609939 -82.580217 
-0.292451 0.305820 0.158510 -3.464110 0.448121 0.781889 25.268137 260.162250 37.946699 1.028275 -75.899703 -80.206172 
-0.311288 0.295039 0.166357 0.614767 1.627788 0.546353 25.328736 258.608271 36.312451 2.588057 -81.297671 -81.670689 
-0.333821 0.373604 0.184543 -2.902086 1.904751 0.688657 25.411002 257.019438 34.729548 2.340668 -78.495181 -80.761212 
-0.371412 0.401091 0.191757 -1.621366 1.340446 0.807669 25.444119 255.413226 33.069259 1.968461 -79.812634 -80.107236 
-0.423682 0.481374 0.215060 -4.628949 -0.204836 0.757365 25.502448 253.766801 31.444621 2.395881 -82.892646 -82.087860 
-0.415660 0.483450 0.226985 -0.925806 3.042219 0.369130 25.504968 252.112660 29.851378 2.453679 -87.117949 -79.826186 
-0.419369 0.562335 0.243372 -3.182922 3.852647 0.752048 25.577052 250.398290 28.230145 3.217201 -85.128423 -82.170761 
-0.493670 0.648134 0.259293 -5.551744 0.814055 0.879200 25.600806 248.695605 26.555815 -0.289489 -88.649129 -81.713070 
-0.514034 0.664681 0.266418 -2.745450 1.692308 0.354091 25.640444 246.928422 24.854324 2.202469 -86.296424 -81.956447 
-0.546215 0.706339 0.282448 -1.819112 0.996389 0.780298 25.640495 245.122039 23.241192 1.305941 -91.499770 -82.581768 
-0.553651 0.793035 0.299963 -3.559659 2.157257 0.850350 25.677919 243.293760 21.608060 0.377518 -91.096929 -83.082687 
-0.561068 0.910447 0.320870 -7.212168 3.824488 1.016913 25.719234 241.437945 19.982608 -0.551170 -90.872833 -80.768245 
-0.630880 0.918067 0.337234 -3.204194 0.471753 0.563003 25.696395 239.532442 18.287274 1.380314 -94.707180 -82.332157 
-0.635501 0.966948 0.348811 -2.485349 2.650690 0.530205 25.725133 237.590686 16.637160 1.549955 -98.866482 -84.160934 
-0.666434 1.060547 0.365322 -4.663634 1.099760 0.561889 25.745484 235.630356 14.964891 0.923282 -98.758026 -80.145291 
-0.640830 1.106865 0.373496 -2.719107 4.552344 0.537934 25.775120 233.615521 13.278917 -0.444570 -101.338978 -84.225697 
-0.696823 1.152879 0.384856 -1.332170 2.565709 0.706992 25.753420 231.585642 11.658898 1.300743 -104.361790 -81.925257 
-0.712732 1.226556 0.396215 -2.484152 3.474182 1.161213 25.756982 229.465803 9.994570 0.898705 -105.329495 -84.352335 
-0.724311 1.294457 0.414181 -2.355879 3.548157 0.612392 25.739953 227.354722 8.349740 0.100725 -105.503922 -83.616798 
-0.773848 1.364501 0.422481 -1.950336 2.583138 0.626677 25.739670 225.190710 6.678769 0.262848 -106.295538 -82.722731 
-0.777205 1.439931 0.441755 -2.215877 4.782640 0.892889 25.744425 222.975010 4.964478 -1.485728 -109.253603 -82.850790 
-0.824970 1.510145 0.460339 -1.492902 2.793421 0.717479 25.713960 220.766172 3.301850 -0.528211 -112.183809 -83.229714 
-0.851313 1.620218 0.474589 -3.802899 3.292879 0.779646 25.679191 218.539849 1.681944 -0.450596 -113.873450 -82.396554 
-0.866687 1.694417 0.487993 -2.061773 5.135378 0.331106 25.681761 216.173618 0.007612 -0.164801 -118.439435 -83.717758 
-0.916505 1.768574 0.497494 -0.586110 3.964158 0.735851 25.662847 213.830895 -1.636647 -2.137297 -117.890213 -81.822268 
-0.948024 1.900022 0.504161 -3.248808 3.451167 -0.047593 25.589635 211.452778 -3.357592 -3.154513 -122.910661 -81.646149 
-0.976650 1.986424 0.513251 -2.156165 3.207413 0.067442 25.546473 209.016220 -4.992570 -3.817257 -125.849264 -82.107751 
-1.010625 2.072278 0.516979 -0.364961 3.622131 -0.244346 25.514396 206.478908 -6.673635 -4.559640 -127.368368 -78.087296 
-1.039384 2.171426 0.516297 0.006737 4.277089 0.348546 25.460791 203.902820 -8.346704 -4.669415 -129.104738 -83.144873 
-1.079510 2.315696 0.521669 -1.492627 3.542253 -0.046749 25.368441 201.322668 -9.942758 -3.768809 -128.356052 -81.295511 
-1.084026 2.435586 0.521766 -1.602400 6.220752 0.139297 25.270401 198.730114 -11.566928 -5.027329 -133.488326 -83.338591 
-1.105888 2.515951 0.521371 1.373367 7.780984 -0.112608 25.191474 196.039302 -13.227693 -4.652503 -136.698076 -84.048057 
-1.168026 2.693069 0.530308 -2.793092 5.133928 0.297712 25.105447 193.300985 -14.859858 -1.947391 -138.135636 -80.494321 
-1.240770 2.830496 0.531608 -2.628430 2.845247 -0.391265 25.033607 190.485629 -16.492503 -3.892612 -142.452944 -83.349896 
-1.264905 2.928712 0.533380 -0.216096 4.092724 0.193187 24.956797 187.627806 -18.120642 -6.631351 -143.891850 -82.091251 
-1.281461 3.073102 0.546748 -0.814660 4.665687 0.166743 24.842103 184.719196 -19.746973 -4.036121 -147.550185 -80.628532 
-1.297508 3.250534 0.552951 -2.685071 6.761301 0.244123 24.713997 181.767016 -21.366697 -5.233860 -150.254827 -81.644912 
-1.341261 3.354775 0.570315 0.863221 6.313722 0.683884 24.619190 178.746281 -23.006259 -6.104409 -151.301230 -79.975045 
-1.381359 3.555616 0.574837 -3.221491 5.779829 0.281481 24.482777 175.730573 -24.650106 -6.615219 -155.400347 -77.781635 
-1.399099 3.711070 0.591226 -2.832225 7.699273 0.453230 24.384409 172.587051 -26.197908 -7.714839 -155.074227 -80.151517 
-1.438514 3.843344 0.593049 -1.293706 7.384986 0.062702 24.201093 169.380742 -27.705549 -7.550862 -158.845131 -77.476735 
-1.498737 4.078448 0.597890 -6.015528 4.727611 0.399972 24.038582 166.213515 -29.313878 -10.125706 -163.564014 -82.915884 
-1.437243 4.223927 0.613797 -4.450196 11.666458 0.209166 23.817028 162.896334 -30.919376 -9.051167 -165.791757 -78.068873 
-1.462502 4.384224 0.607338 -3.211247 11.857060 -0.231278 23.660917 159.549886 -32.496506 -10.417129 -168.572737 -75.973187 
-1.548993 4.534382 0.611757 -0.611488 7.615500 0.581795 23.462071 156.162497 -34.076282 -9.644241 -172.401765 -77.713090 
-1.557913 4.746193 0.608360 -2.227524 9.597716 0.029836 23.266267 152.624501 -35.502255 -11.607211 -178.329623 -75.323083 
-1.570714 4.944885 0.606374 -2.659022 11.226558 0.031217 23.113444 149.011979 -37.014848 -9.799530 -180.605892 -75.168001 
-1.579004 5.148950 0.604129 -3.154361 13.043132 0.269124 22.847186 145.377723 -38.548423 -10.673512 -183.441325 -74.987690 
-1.610606 5.326340 0.613699 -0.906370 11.545176 0.176559 22.639431 141.656985 -39.999065 -12.158678 -186.725045 -73.334899 
-1.650576 5.533923 0.605579 -1.057489 11.071856 -0.159703 22.374912 137.865709 -41.434703 -12.736131 -190.576132 -69.602278 
-1.686653 5.783448 0.602387 -3.625249 10.941638 -0.330520 22.087292 133.961904 -42.796705 -12.428352 -198.608931 -69.830732 
-1.725349 6.003465 0.594304 -3.662832 10.878483 -0.236978 21.829718 129.964291 -44.174108 -14.229274 -200.783094 -66.605679 
-1.750957 6.202694 0.579205 -2.077225 11.211890 -0.378592 21.544447 125.919125 -45.551620 -16.310960 -203.005086 -63.924371 
-1.761922 6.440889 0.567621 -2.869528 12.615303 -0.700203 21.206827 121.791347 -46.816732 -16.851949 -209.319095 -62.506030 
-1.788859 6.730551 0.547351 -6.520372 13.752748 -0.729094 20.821231 117.512532 -48.031107 -17.710503 -216.588484 -60.898493 
-1.815528 6.903472 0.538160 -0.667722 13.617817 -0.556277 20.484245 113.212421 -49.236036 -17.606330 -218.351028 -59.285229 
-1.876673 7.142672 0.521324 -0.148937 10.677045 -0.806540 20.113430 108.764404 -50.422890 -17.521627 -221.837942 -57.641186 
-1.853181 7.426327 0.492945 -1.738888 14.383774 -1.712641 19.792561 104.306828 -51.533302 -18.418851 -230.539022 -54.115249 
-1.899323 7.673319 0.454853 -0.174026 13.191466 -1.628441 19.332051 99.594190 -52.632239 -22.579028 -235.993624 -51.060906 
-1.929244 7.934255 0.427268 0.649275 12.636575 -1.520844 18.846128 94.824082 -53.633430 -24.335210 -242.133903 -46.947061 
-1.911996 8.237744 0.384207 -1.799558 15.224938 -2.501647 18.385028 89.942659 -54.510145 -25.337092 -245.601500 -41.667671 
-1.951885 8.526073 0.326684 -1.597196 13.117773 -2.817848 17.842833 84.917127 -55.286038 -25.394591 -251.408314 -40.313119 
-1.961076 8.819958 0.265578 -1.444110 14.326074 -3.340647 17.310680 79.911256 -56.043862 -26.710218 -257.915130 -32.586544 
-1.987383 9.093867 0.186177 1.354526 13.304949 -3.533191 16.787387 74.628605 -56.752846 -28.528223 -264.580453 -30.807745 
-1.967628 9.432658 0.108342 -1.572438 15.366126 -4.715883 16.168294 69.236494 -57.265588 -32.476477 -270.397284 -23.729585 
-1.928095 9.721923 0.018116 1.715489 18.412858 -4.931255 15.494523 63.737388 -57.644099 -29.530870 -279.070717 -16.433091 
-1.941755 10.086003 -0.088124 -0.570309 16.920581 -5.459459 14.808161 58.134998 -57.840499 -36.276839 -284.430808 -8.729968 
-1.960008 10.444856 -0.209006 -2.827176 16.318066 -6.049575 14.107132 52.376882 -57.897009 -37.220107 -290.400442 1.074156 
-1.963630 10.727060 -0.346197 1.696133 15.109797 -7.103193 13.330168 46.551945 -57.877461 -39.639461 -295.664188 7.618362 
-1.919323 11.061707 -0.496873 2.307036 18.045893 -8.236121 12.427910 40.520812 -57.560824 -44.051791 -303.715175 20.270403 
-1.899419 11.420674 -0.672801 3.678058 18.197071 -9.016922 11.529039 34.372722 -57.028667 -45.717779 -306.580980 35.758671 
-1.811091 11.824970 -0.862605 0.638091 24.159130 -10.556261 10.590272 28.180765 -56.221553 -50.511052 -313.064818 48.054473 
-1.873507 12.226672 -1.090727 -0.940023 18.118531 -11.746778 9.532741 21.871143 -55.100247 -51.563775 -316.209303 63.545751 
-1.854118 12.543826 -1.340660 3.782102 17.351622 -13.836209 8.499293 15.522898 -53.688555 -54.258952 -317.125322 80.140625 
-1.792944 12.937906 -1.631833 2.254238 19.851020 -15.522734 7.304436 9.225965 -51.897067 -59.425184 -314.351346 95.261186 
-1.738937 13.314172 -1.960197 2.108387 19.795223 -17.359236 6.115830 2.965723 -49.761921 -64.052501 -310.949607 114.777558 
-1.748109 13.691159 -2.332927 1.769115 14.582660 -19.039544 4.887672 -3.224856 -47.283816 -66.631296 -306.636268 135.183095 
-1.631440 14.021732 -2.727576 4.269158 18.321317 -20.911120 3.542961 -9.295416 -44.371192 -67.468845 -296.658462 151.690976 
-1.572183 14.353922 -3.152805 4.065429 16.353163 -22.134363 2.183812 -15.107640 -41.141058 -68.040833 -282.975165 167.988107 
-1.522608 14.676368 -3.609111 2.324577 13.957965 -23.634928 0.729790 -20.788176 -37.653289 -69.824328 -271.759216 182.461887 
-1.468118 14.937387 -4.087495 2.939640 13.298202 -24.300122 -0.657451 -26.084154 -33.831492 -69.785731 -259.028005 193.041268 
-1.356030 15.184893 -4.585041 3.053778 15.204260 -25.601949 -2.066351 -31.040590 -29.860741 -69.338150 -242.483500 203.905310 
-1.356071 15.414022 -5.104869 2.741351 9.416351 -26.221386 -3.478012 -35.698741 -25.699453 -70.563505 -225.734259 211.254085 
-1.315728 15.592372 -5.623139 3.653123 8.129820 -26.161208 -4.874622 -40.011118 -21.403078 -70.591720 -208.920643 216.900436 
-1.259852 15.748791 -6.156296 3.369114 6.800650 -26.511600 -6.264499 -44.073188 -17.033058 -68.536104 -195.155768 219.126596 
-1.168787 15.898724 -6.687523 2.296605 7.247362 -26.351550 -7.562435 -47.832449 -12.606634 -64.248495 -178.495883 217.788938 
-1.147499 16.001408 -7.212692 3.407546 4.362888 -25.792058 -8.841451 -51.320084 -8.240822 -64.189104 -168.108771 224.749461 
-1.120644 16.123114 -7.713574 0.036812 2.195295 -25.301239 -10.143803 -54.541956 -3.831942 -62.926544 -152.782845 220.213338 
-1.064127 16.172828 -8.219751 2.066596 2.992216 -25.069991 -11.337990 -57.477734 0.543865 -59.644613 -142.770113 220.026549 
-1.016903 16.233963 -8.700894 1.610274 3.584388 -24.429243 -12.584231 -60.200992 4.898616 -59.896490 -129.656735 217.760584 
-0.975277 16.277731 -9.179927 1.277904 4.384481 -23.620154 -13.763053 -62.682580 9.142185 -59.245253 -121.959401 213.677974 
-1.018777 16.335534 -9.642038 -0.650610 -0.340835 -22.697286 -14.879893 -65.014024 13.442595 -56.173995 -111.486370 214.067714 
-0.984934 16.325046 -10.084853 0.698371 0.734936 -21.168887 -15.975528 -67.231723 17.661435 -54.497822 -103.135114 208.043806 
-0.947562 16.333703 -10.508138 1.118519 1.956754 -21.060111 -17.033505 -69.262777 21.855899 -51.762990 -94.092358 205.136361 
-0.951291 16.346850 -10.911601 0.595261 0.928723 -19.889768 -18.108657 -71.006245 25.939761 -50.555312 -86.751355 202.365824 
-0.952759 16.338526 -11.299248 1.127615 0.666809 -18.827954 -19.115425 -72.612916 29.862072 -51.961471 -82.806321 197.592761 
-0.985820 16.340489 -11.667725 -0.260627 -1.822027 -18.126188 -20.050993 -74.205515 33.743288 -47.809691 -73.961604 194.554006 
-0.942582 16.322584 -12.016881 0.165954 1.606721 -17.072148 -21.010030 -75.564361 37.624971 -50.481891 -66.918883 190.517658 
-0.975312 16.306408 -12.351908 -0.201576 -0.799576 -16.376771 -21.997452 -77.000649 41.457588 -46.819495 -62.361298 187.920801 
-0.994685 16.301099 -12.683291 -2.221618 -1.627033 -16.141241 -22.916280 -78.111884 45.098891 -45.157947 -54.958526 181.959979 
-0.993830 16.273947 -13.000000 -2.646787 -0.690145 -15.215130 -23.754233 -79.130922 48.694973 -42.364816 -51.076202 181.240047 
-1.045962 16.213636 -13.304685 0.046451 -3.029661 -14.557510 -24.582993 -80.132860 52.265082 -42.418851 -45.783688 179.146642 
-1.048947 16.202202 -13.591202 -1.074238 -1.061423 -14.342514 -25.442581 -81.074667 55.817585 -41.389014 -43.105484 172.775858 
-1.050760 16.159287 -13.862087 -0.259737 -0.232776 -14.045882 -26.267089 -81.915711 59.230795 -38.304028 -40.003066 167.651351 
-1.098372 16.175417 -14.147026 -2.237243 -2.666322 -13.297115 -27.063759 -82.622404 62.580992 -37.020743 -33.567102 164.915434 
-1.130159 16.163466 -14.414590 -3.459129 -2.012953 -13.633398 -27.743570 -83.201313 65.875000 -37.232038 -28.983402 161.848764 
-1.176627 16.093878 -14.673318 -0.880104 -3.651588 -12.878956 -28.503529 -83.760283 69.105685 -36.827965 -24.619411 158.193532 
-1.185626 16.071130 -14.940268 -2.018335 -1.668756 -13.031509 -29.252162 -84.284833 72.281897 -37.805524 -25.493817 159.050237 
-1.212542 16.043323 -15.179738 -2.530430 -0.943354 -11.958998 -29.930928 -84.714663 75.389348 -34.502441 -15.307655 154.133254 
-1.228773 15.999196 -15.406572 -2.814838 0.869052 -11.688386 -30.639270 -85.014570 78.406250 -31.755941 -13.564041 148.878180 
-1.322481 15.957839 -15.633324 -2.450414 -3.204774 -11.160872 -31.244346 -85.292350 81.355019 -31.696275 -10.332407 145.579090 
-1.346143 15.927235 -15.851626 -3.233805 -1.328586 -11.035930 -31.902618 -85.525091 84.223264 -30.141859 -9.915737 142.675610 
-1.473146 15.854948 -16.058294 -1.692761 -6.272788 -9.810361 -32.572892 -85.655525 87.104014 -29.890294 -5.750390 139.745522 
-1.467260 15.825482 -16.262275 -2.449570 -1.980225 -10.254507 -33.104945 -85.762307 89.886187 -31.109401 -3.360981 137.997439 
-1.562703 15.790118 -16.454182 -2.710171 -5.481619 -9.956553 -33.702883 -85.821125 92.596186 -31.601177 -1.613784 135.358912 
-1.594936 15.732949 -16.641559 -2.441059 -3.078619 -9.452737 -34.241557 -85.802494 95.297959 -27.960658 2.284962 130.157244 
-1.598794 15.708764 -16.829802 -4.139767 0.394943 -9.097378 -34.812496 -85.765853 97.849509 -29.092365 1.528183 128.105016 
-1.711308 15.638666 -17.011323 -2.012975 -3.052375 -9.047558 -35.358145 -85.693859 100.400475 -26.467314 4.737061 126.017622 
-1.756691 15.635543 -17.176918 -4.816879 -2.765864 -8.349921 -35.904056 -85.554711 102.910740 -26.769229 8.038033 123.977190 
-1.844186 15.607237 -17.338529 -5.088696 -4.824064 -8.004066 -36.417829 -85.365244 105.350291 -23.802876 10.653473 118.248305 
-1.909827 15.544144 -17.488508 -3.768228 -3.998444 -7.538386 -36.895273 -85.113042 107.734471 -26.023974 12.914987 116.478563 
-1.934173 15.474446 -17.634330 -3.066537 -0.368663 -7.490681 -37.371156 -84.830303 110.093907 -21.719094 14.392868 117.024741 
-2.047803 15.434388 -17.791496 -3.628125 -2.953459 -6.900777 -37.808751 -84.538584 112.367313 -20.693459 18.245375 113.903934 
-2.090133 15.388570 -17.924351 -3.032943 -1.735640 -6.723527 -38.203877 -84.159281 114.583793 -22.858519 18.398776 108.770135 
-2.171486 15.320172 -18.061724 -2.181159 -2.825619 -6.907557 -38.632872 -83.774626 116.715902 -20.056894 21.956111 107.093797 
-2.218652 15.296299 -18.194246 -3.897497 -1.508302 -6.499274 -39.052730 -83.342540 118.793118 -19.884394 21.799736 103.923290 
-2.306656 15.236357 -18.322987 -2.138833 -2.450766 -6.189364 -39.494771 -82.868907 120.946794 -19.896946 24.296142 102.967997 
-2.369282 15.208938 -18.440250 -3.309852 -2.192927 -6.103636 -39.890831 -82.371276 122.985136 -18.208067 23.568823 97.026258 
-2.453321 15.152071 -18.559116 -1.890918 -1.792780 -6.171404 -40.201194 -81.860250 124.949247 -19.125501 25.638187 96.164872 
-2.515557 15.126012 -18.687208 -3.109411 -1.781827 -5.339195 -40.515854 -81.314911 126.792808 -17.330428 30.120449 94.073302 
-2.585236 15.072462 -18.788861 -2.366194 -0.352092 -5.771575 -40.880427 -80.767987 128.701710 -16.999001 32.326926 94.311287 
-2.667961 15.079226 -18.899180 -4.998224 -1.306220 -4.788186 -41.245585 -80.076813 130.502053 -14.871664 34.133709 90.048578 
-2.758811 14.995772 -19.003906 -1.506132 -2.920001 -5.602053 -41.570135 -79.355702 132.220401 -16.615287 34.925407 88.263950 
-2.870690 15.017503 -19.105206 -5.616643 -2.659834 -4.897325 -41.866014 -78.685777 133.924087 -12.276776 37.319503 83.158606 
-2.914318 14.958964 -19.207460 -4.246056 -1.799717 -5.005112 -42.139514 -77.982563 135.644265 -15.151015 37.459141 83.579357 
-2.947351 14.933075 -19.301918 -3.508833 1.196864 -4.228556 -42.378906 -77.197258 137.208323 -13.266424 36.086046 79.367970 
-3.034305 14.906582 -19.378575 -3.445858 2.193758 -4.381053 -42.665119 -76.441983 138.803087 -10.463052 37.880827 75.277664 
-3.390279 15.055948 -19.476112 -11.349604 -23.366240 -3.771843 -42.877366 -75.652521 140.291187 -13.102912 39.818725 74.177444 
