# MW x(kpc), MW y(kpc), MW z(kpc), MW vx(km/s), MW vy(km/s), MW vz(km/s) LMC x(kpc), LMC y(kpc), LMC z(kpc), LMC vx(km/s), LMC vy(km/s), LMC vz(km/s) 
-4.394495 2.050076 1.557547 -1.393459 3.003086 1.571048 24.329858 277.743937 58.550052 4.414436 -59.943507 -78.639198 
-4.498280 2.139461 1.590136 -4.928854 -0.117663 1.672230 24.443054 276.582454 56.991105 3.265145 -61.925952 -77.527010 
-4.530394 2.164890 1.623002 -3.264518 2.509417 1.851901 24.498245 275.360641 55.429183 4.717432 -63.277804 -75.744583 
-4.556284 2.218688 1.667129 -2.647901 5.006303 1.964424 24.577923 274.118864 53.884979 1.525368 -63.169776 -79.015451 
-4.641676 2.269660 1.713197 -2.721203 4.144487 2.122530 24.654763 272.787999 52.317462 4.123435 -62.401616 -78.127047 
-4.749044 2.364026 1.755318 -5.331054 0.792018 1.870041 24.732195 271.514404 50.758541 5.700964 -63.421511 -78.658489 
-4.795292 2.413465 1.794202 -5.080394 3.259452 1.993863 24.838852 270.216583 49.183525 6.726740 -68.694050 -78.107021 
-4.880443 2.426727 1.832891 -2.322011 1.762526 1.762337 24.917464 268.906881 47.579782 2.589851 -67.540088 -79.725268 
-4.945144 2.510442 1.883494 -4.329447 3.087524 1.873422 24.983893 267.506509 45.977845 2.035770 -68.197621 -79.174532 
-5.018666 2.547172 1.918387 -2.405602 2.803816 2.483449 25.029390 266.063008 44.372121 3.487149 -73.904576 -83.130473 
-5.072386 2.609674 1.968207 -2.238336 3.085786 2.188706 25.084757 264.626971 42.778810 4.639995 -74.313939 -82.616496 
-5.134044 2.705822 2.010238 -5.104288 2.824647 2.469817 25.131664 263.163044 41.184958 3.313008 -73.846308 -79.857974 
-5.220891 2.752308 2.063083 -3.967045 1.728144 2.438825 25.163797 261.624683 39.535323 2.769147 -76.721848 -79.961872 
-5.276291 2.819105 2.114389 -3.864379 2.795951 2.511049 25.228679 260.071072 37.899907 1.145260 -76.701721 -82.729085 
-5.324729 2.911336 2.161181 -5.531741 4.521354 2.385413 25.303667 258.532970 36.235364 4.311362 -80.895110 -82.254887 
-5.423648 2.975187 2.209886 -5.061568 3.417200 2.693913 25.344084 256.943255 34.590173 3.805555 -79.767699 -80.363643 
-5.544965 3.016711 2.256825 -2.799146 -0.275302 2.326657 25.367268 255.321756 32.982124 1.839175 -80.923036 -81.785909 
-5.544971 3.105014 2.305601 -3.305540 3.877366 2.312137 25.402908 253.650326 31.391093 -0.221603 -84.263227 -82.611083 
-5.601800 3.192693 2.356299 -3.962955 5.222609 2.105026 25.403359 251.937081 29.733747 3.243806 -86.692292 -81.229623 
-5.656928 3.240082 2.405798 -2.149721 6.657041 2.618481 25.431981 250.261959 28.089822 0.558805 -85.430680 -83.537045 
-5.762518 3.330904 2.448270 -2.223320 3.038923 2.184710 25.457655 248.508844 26.414068 1.621177 -89.189851 -82.581244 
-5.842623 3.468520 2.506600 -7.320948 3.096301 2.768824 25.497460 246.699857 24.750417 -0.029782 -91.904299 -84.808744 
-5.910251 3.513303 2.553881 -4.554604 3.661929 2.666372 25.522407 244.870392 23.078809 3.019368 -93.469165 -79.622114 
-5.957282 3.600999 2.606941 -3.803874 5.018781 2.807029 25.490501 243.013058 21.461771 -0.435886 -92.549078 -83.437936 
-6.000225 3.691903 2.659893 -3.232730 7.706743 3.382108 25.474619 241.153627 19.841009 -0.356309 -96.134004 -81.923042 
-6.109943 3.783249 2.726680 -3.726316 5.590292 2.776093 25.466919 239.148405 18.145310 1.558961 -98.752001 -86.038534 
-6.153399 3.887820 2.773176 -3.667394 7.402972 2.831933 25.514038 237.179752 16.433961 0.329289 -101.255548 -80.942312 
-6.251641 4.009580 2.838258 -5.660417 5.143538 2.776366 25.477216 235.240618 14.791623 -1.570404 -100.285320 -82.890274 
-6.318590 4.051674 2.905776 -1.664752 5.576462 3.425954 25.437676 233.145981 13.157732 -1.069293 -104.263898 -84.617156 
-6.401982 4.182715 2.974716 -3.714904 3.956203 3.234766 25.391943 231.034208 11.502294 -0.909265 -107.048101 -86.208461 
-6.439134 4.308096 3.031808 -4.116194 6.957320 3.084931 25.396343 228.884239 9.826363 -1.716093 -106.594301 -82.982235 
-6.514056 4.414501 3.102189 -3.655929 7.275500 3.514843 25.363980 226.722974 8.143914 -1.883797 -108.701720 -81.833413 
-6.610846 4.541691 3.157512 -3.983394 5.630298 2.722013 25.332396 224.552313 6.506960 -1.218922 -109.427313 -82.205538 
-6.662929 4.647572 3.227500 -3.001675 5.820789 3.591462 25.267308 222.314617 4.799671 -2.259754 -113.506162 -83.765025 
-6.783198 4.740386 3.296016 -0.406430 2.008120 3.485871 25.263864 220.048141 3.155450 -2.564777 -116.168392 -82.756831 
-6.802927 4.900673 3.359181 -2.927340 6.919672 3.284948 25.224743 217.710230 1.479676 -1.084300 -116.495944 -82.649797 
-6.860356 5.058279 3.427645 -4.591845 7.625196 3.294349 25.122035 215.378663 -0.146065 -4.098895 -120.388291 -83.127609 
-6.965387 5.175422 3.486838 -2.812141 4.696905 3.262962 25.030768 212.946993 -1.819976 -5.320324 -121.920809 -83.826912 
-7.002291 5.304315 3.549016 -2.173765 7.075166 3.061176 24.969935 210.481765 -3.466537 -6.320623 -123.823034 -81.359591 
-7.092248 5.466812 3.612180 -4.222841 5.111787 3.208692 24.857406 207.954056 -5.143044 -6.196952 -129.025521 -81.746978 
-7.085039 5.599050 3.677813 -3.237717 10.983485 3.019864 24.710475 205.406595 -6.774871 -3.563905 -133.759341 -79.999271 
-7.185149 5.754797 3.741870 -4.425394 8.587363 3.538643 24.606344 202.775471 -8.455681 -5.147208 -133.767877 -81.840078 
-7.261978 5.834155 3.810604 0.560686 8.826242 3.022530 24.509519 200.093362 -10.092342 -5.601907 -132.056693 -83.673315 
-7.357394 6.036746 3.871627 -3.388915 6.899507 3.329696 24.407349 197.433614 -11.756117 -6.911022 -136.269221 -83.083051 
-7.394313 6.151591 3.938751 -1.058919 9.571575 2.929214 24.268277 194.657404 -13.325819 -7.466697 -140.867468 -81.671603 
-7.471465 6.347581 3.996422 -3.610616 8.630740 3.120655 24.129744 191.811556 -14.983881 -6.980424 -143.481480 -82.834435 
-7.559770 6.538756 4.057210 -5.889659 6.986718 3.276870 23.985220 188.907787 -16.652081 -7.095338 -144.960080 -82.417233 
-7.572825 6.658885 4.122698 -2.263344 11.292417 2.942254 23.819198 185.990989 -18.281106 -10.512036 -149.495846 -79.525642 
-7.635196 6.842577 4.188280 -2.484800 10.861528 3.237698 23.650977 182.993785 -19.904838 -10.596045 -154.874245 -78.864811 
-7.705212 7.041153 4.254570 -4.840715 10.688871 3.613006 23.449652 179.913590 -21.471191 -11.064857 -155.744802 -79.722782 
-7.816438 7.202183 4.326213 -1.523707 7.543485 3.473822 23.277237 176.787474 -23.062714 -12.003477 -156.925858 -79.521430 
-7.861376 7.408197 4.395996 -4.700629 8.836162 3.564476 23.063022 173.608831 -24.641347 -9.846219 -162.210489 -80.384405 
-7.909213 7.570261 4.470251 -3.233572 9.687795 3.784088 22.849440 170.406785 -26.266860 -10.753607 -162.314231 -76.757411 
-7.980196 7.749562 4.541185 -2.052246 10.005613 3.785970 22.596718 167.074483 -27.829260 -12.975224 -167.108019 -78.302204 
-8.030736 7.956283 4.613755 -2.989053 10.344293 3.209391 22.396389 163.694233 -29.335211 -12.308223 -170.546510 -77.927496 
-8.096798 8.151738 4.684509 -1.665155 10.492505 3.348412 22.103248 160.284286 -30.867835 -14.324003 -174.600812 -75.363002 
-8.155028 8.361037 4.745853 -2.526894 10.608314 3.479474 21.761803 156.804486 -32.429627 -15.230161 -179.649170 -75.419445 
-8.242318 8.568262 4.807638 -1.720409 9.852822 3.789447 21.507013 153.240958 -33.891616 -16.552348 -183.667719 -73.913920 
-8.244583 8.800175 4.872829 -1.935125 14.369579 2.904369 21.221327 149.557213 -35.350791 -17.928610 -185.717806 -74.480960 
-8.336527 9.046015 4.947138 -3.656543 12.907320 3.387136 20.874148 145.818781 -36.791680 -16.948355 -190.703219 -71.984266 
-8.419987 9.222807 5.014082 0.387298 12.016483 3.619600 20.536719 141.999469 -38.240055 -15.743982 -191.538312 -69.472289 
-8.487317 9.488042 5.079141 -2.396691 10.888733 2.657405 20.205840 138.131939 -39.625921 -19.102487 -198.314707 -67.927846 
-8.545111 9.721534 5.135262 -2.908396 10.892907 3.015168 19.806267 134.045372 -40.980130 -18.609699 -201.806257 -67.713419 
-8.582438 9.942809 5.192577 -1.564240 13.063086 2.675754 19.418488 129.988543 -42.256393 -22.426748 -207.914336 -62.062463 
-8.672322 10.202085 5.235713 -2.300523 11.216252 2.635248 18.992865 125.799628 -43.518622 -21.169411 -211.123429 -60.171710 
-8.700306 10.482523 5.283692 -3.960192 12.247851 2.678106 18.531874 121.533500 -44.801118 -25.518545 -216.637820 -58.613666 
-8.723954 10.728973 5.335311 -1.751231 14.149782 1.913740 18.060099 117.202490 -45.976016 -23.243009 -219.424238 -59.171168 
-8.767218 11.015550 5.372557 -3.792992 15.640435 2.068079 17.567722 112.693542 -47.113273 -25.389433 -224.321173 -56.174514 
-8.822701 11.298802 5.405966 -5.155901 14.993032 1.299592 17.039397 108.152282 -48.161409 -27.219994 -230.928886 -49.400384 
-8.888155 11.526067 5.426383 0.434114 14.453674 0.939193 16.529186 103.456214 -49.168371 -29.200648 -238.654624 -50.311346 
-8.919944 11.849419 5.444488 -2.183147 14.991209 0.412183 15.883830 98.628119 -50.107735 -30.613722 -240.879272 -45.504690 
-8.982582 12.163879 5.452045 -2.688258 13.398210 -0.086422 15.202691 93.755619 -51.025110 -31.653030 -246.872159 -41.221177 
-8.997327 12.454796 5.459271 -1.913175 15.726317 -0.015721 14.573932 88.700740 -51.781834 -33.832363 -253.542056 -37.504963 
-9.006248 12.772109 5.448609 -1.514205 17.525241 -0.867101 13.856785 83.554484 -52.426017 -37.553931 -261.498600 -31.164935 
-9.057825 13.098829 5.436753 -1.899460 16.141702 -1.020474 13.142891 78.259529 -52.990717 -39.727086 -270.239948 -24.311066 
-9.080052 13.440676 5.409362 -2.414888 16.249264 -1.570083 12.344308 72.792262 -53.466153 -40.638351 -274.295760 -20.020715 
-9.084601 13.767991 5.375385 -1.510318 18.152944 -1.724496 11.452417 67.248335 -53.788395 -44.464337 -279.138191 -12.512031 
-9.110852 14.106322 5.329538 -0.103565 17.260599 -2.588579 10.587330 61.587596 -53.951190 -46.633494 -286.857981 -2.290012 
-9.120342 14.475546 5.268057 -0.704897 18.916064 -3.152861 9.666537 55.759043 -53.907335 -48.821417 -293.739124 8.054483 
-9.170788 14.833338 5.202863 0.370644 16.904425 -4.328639 8.639863 49.878470 -53.691914 -54.684672 -300.647344 17.695159 
-9.141560 15.251831 5.104408 -2.166314 19.029534 -5.410127 7.529087 43.757577 -53.260908 -56.009419 -306.758870 26.616700 
-9.162557 15.635132 5.003845 -1.021642 18.506579 -5.750264 6.408927 37.565992 -52.585206 -61.796320 -311.824974 41.163243 
-9.156988 16.009324 4.873405 -0.172744 19.476582 -7.328473 5.150295 31.300839 -51.622651 -63.182585 -315.231429 57.253034 
-9.132974 16.367785 4.706643 2.022442 20.302036 -8.951790 3.805991 24.922893 -50.297608 -69.237177 -320.377637 73.278497 
-9.128964 16.779049 4.521857 1.004910 19.362231 -10.207038 2.409022 18.556124 -48.675656 -70.654097 -319.753883 90.238391 
-9.112925 17.143859 4.300018 1.619137 18.914662 -11.723702 0.947795 12.164660 -46.673313 -76.388963 -319.159509 112.675693 
-9.078661 17.519148 4.050684 3.139716 18.432565 -13.478673 -0.539019 5.846622 -44.306298 -76.673011 -314.105003 129.858223 
-9.042505 17.890871 3.764287 3.038206 17.540782 -14.853100 -2.098246 -0.392210 -41.444330 -80.726869 -307.828351 149.612210 
-9.014928 18.274296 3.447646 1.235958 16.727263 -16.290678 -3.722528 -6.486290 -38.288527 -84.712754 -296.627316 171.480108 
-8.960771 18.605298 3.105034 1.099878 17.381617 -17.642255 -5.515778 -12.250261 -34.741080 -86.864267 -285.680905 187.664824 
-8.964082 18.887142 2.739007 1.535464 13.997355 -18.301743 -7.275931 -17.814976 -30.873651 -88.447909 -270.674408 201.226602 
-8.938712 19.206160 2.355900 -0.379478 12.610510 -20.129483 -9.020440 -22.977254 -26.706292 -89.056966 -254.280962 214.101363 
-8.892377 19.424391 1.954830 1.041861 12.970522 -20.222848 -10.788501 -27.919233 -22.291741 -87.692127 -236.528366 225.563039 
-8.867557 19.651384 1.538592 1.101561 10.721725 -20.913555 -12.511324 -32.452901 -17.711264 -86.350855 -217.647101 233.390436 
-8.823834 19.824716 1.124321 3.343458 10.082931 -20.541674 -14.232646 -36.676952 -13.005367 -84.520670 -200.461355 239.392229 
-8.804759 20.025140 0.706278 1.146322 8.550699 -20.434603 -15.895603 -40.456248 -8.242391 -82.454612 -182.683674 237.708767 
-8.774599 20.163807 0.298684 2.480739 8.280723 -20.431681 -17.526276 -43.960435 -3.415974 -78.238700 -163.447778 237.692384 
-8.758507 20.333907 -0.109885 0.148392 6.593171 -19.512055 -19.111284 -47.167840 1.390397 -78.324396 -155.187693 237.644981 
-8.799408 20.466258 -0.502237 -0.492871 3.532598 -19.066159 -20.609517 -50.093546 6.182969 -76.531562 -139.390817 238.477345 
-8.787509 20.559051 -0.875066 -0.633821 3.161540 -18.743173 -22.116133 -52.815151 10.926830 -73.980559 -130.386259 237.289621 
-8.753167 20.624748 -1.230861 1.214846 4.179092 -17.269632 -23.611633 -55.250756 15.632873 -72.989423 -116.414386 231.075103 
-8.746744 20.738734 -1.577181 -1.842475 3.383170 -16.882280 -25.024334 -57.494990 20.246691 -68.854135 -106.293171 229.638393 
-8.775349 20.771727 -1.911391 0.157997 1.899769 -16.245988 -26.372081 -59.525731 24.800721 -68.263884 -95.601280 231.148026 
-8.800986 20.879002 -2.228493 -1.848263 2.093547 -15.772119 -27.685485 -61.335520 29.356043 -65.240345 -87.431847 224.730023 
-8.809545 20.899258 -2.529734 -0.050674 2.004573 -14.740573 -29.005510 -62.919114 33.839808 -61.628385 -75.262370 222.235702 
-8.822031 20.956507 -2.809911 -0.709859 2.784378 -13.487526 -30.251961 -64.453230 38.219490 -59.669164 -71.356808 217.701210 
-8.831357 21.001353 -3.076807 -0.560482 3.595678 -13.533322 -31.437288 -65.796231 42.534464 -56.693740 -62.359774 211.978135 
-8.898233 21.021939 -3.331747 -1.127567 1.801760 -12.823426 -32.544304 -66.961214 46.643232 -57.554842 -54.078907 206.881509 
-8.923888 21.073806 -3.574354 -2.336747 1.702833 -12.344841 -33.683047 -67.993319 50.786512 -54.654886 -48.293164 204.003994 
-8.971271 21.074701 -3.809263 -0.687939 -0.418040 -11.704334 -34.757028 -68.900967 54.798508 -54.619601 -45.739518 198.888768 
-9.013594 21.109896 -4.018081 -2.649048 1.310970 -10.304979 -35.789886 -69.785235 58.778363 -54.410043 -39.768041 194.077701 
-9.083901 21.125965 -4.216925 -2.691593 -0.103676 -9.834445 -36.858961 -70.503314 62.599984 -49.984904 -32.234606 190.968561 
-9.131655 21.121163 -4.397389 -0.940323 0.521610 -9.108548 -37.879292 -71.109045 66.416305 -49.236248 -28.804193 184.933047 
-9.153843 21.166339 -4.572552 -2.882649 2.626235 -8.819091 -38.836448 -71.619705 70.135136 -45.891252 -26.255576 183.427024 
-9.204900 21.165026 -4.740226 -2.874517 1.893507 -8.543404 -39.689604 -72.046201 73.711337 -45.581972 -17.789542 177.391377 
-9.308310 21.209689 -4.901748 -3.243608 -0.876211 -8.150736 -40.598160 -72.473011 77.280135 -45.830574 -13.802529 177.039707 
-9.376534 21.212250 -5.057105 -3.422313 -0.395527 -7.797050 -41.500767 -72.732448 80.753069 -44.370975 -10.657549 169.976097 
-9.423861 21.223301 -5.201032 -3.209149 0.627408 -7.315216 -42.347893 -72.891809 84.123785 -42.454585 -9.697323 169.287721 
-9.504272 21.201027 -5.335614 -1.419368 -0.076923 -6.668163 -43.141160 -73.046292 87.425398 -39.772367 -2.935882 163.522910 
-9.544794 21.220487 -5.458523 -3.739018 1.862999 -6.011142 -43.918336 -73.103569 90.704563 -39.448433 -1.849010 162.351950 
-9.625803 21.203779 -5.576589 -2.215889 0.552666 -5.761624 -44.702989 -73.109984 93.921819 -38.801534 0.481665 158.386875 
-9.701446 21.212231 -5.684838 -3.264088 0.318292 -5.075446 -45.469346 -73.005282 97.040605 -36.874755 5.448599 155.279291 
-9.801933 21.241307 -5.787000 -5.160232 -0.544778 -4.767911 -46.175901 -72.968702 100.062851 -36.020613 8.338797 150.209589 
-9.913160 21.227513 -5.883182 -4.535988 -1.954548 -4.845645 -46.880624 -72.796158 102.977025 -35.485483 11.089808 146.102408 
-9.974949 21.217765 -5.972494 -3.857734 -1.136558 -4.099395 -47.547812 -72.564113 105.883586 -31.876521 9.494430 143.571445 
-10.060308 21.194763 -6.058643 -2.597243 -1.993888 -4.240973 -48.191346 -72.294102 108.726248 -30.049933 15.201270 141.719846 
-10.118955 21.215003 -6.137864 -3.147708 0.372542 -3.949656 -48.848785 -71.946113 111.487225 -30.949895 19.871722 134.921043 
-10.214256 21.227689 -6.213585 -3.142744 -0.819282 -3.609061 -49.476587 -71.571489 114.177684 -30.393862 18.775397 131.790052 
-10.258375 21.236445 -6.288441 -3.618105 1.338965 -3.558837 -50.113007 -71.130722 116.837169 -28.829041 21.935996 132.570464 
-10.371852 21.261047 -6.354055 -5.389575 -0.229464 -3.206053 -50.699919 -70.715074 119.378373 -29.960576 22.461996 128.155041 
-10.482862 21.285481 -6.415683 -6.318178 -1.830885 -3.310589 -51.243859 -70.184499 121.902399 -28.056462 22.011352 124.847069 
-10.576810 21.312298 -6.478232 -6.770037 -1.362897 -3.104758 -51.801124 -69.674322 124.432615 -25.585049 24.209329 123.267093 
-10.704081 21.274121 -6.527121 -3.556969 -3.032961 -1.875117 -52.353463 -69.158519 126.816999 -25.152809 30.701755 119.308975 
-10.763674 21.242969 -6.571414 -2.336649 -1.681489 -2.051225 -52.856872 -68.504973 129.150451 -26.704717 32.365010 116.200061 
-10.789004 21.237496 -6.616551 -1.461573 2.536657 -2.431712 -53.343517 -67.841040 131.440096 -24.056406 32.677961 114.179883 
-10.878666 21.278242 -6.652086 -3.949887 2.488071 -1.684853 -53.799094 -67.181061 133.652693 -22.357777 32.036593 108.829530 
-10.958289 21.350067 -6.694708 -6.440129 3.720784 -1.885619 -54.270628 -66.467629 135.841765 -23.546173 35.988077 105.826732 
-11.090760 21.392541 -6.722392 -7.643692 1.829257 -1.582935 -54.711561 -65.802772 137.961649 -20.607472 37.506621 105.655866 
-11.214358 21.375745 -6.748094 -5.433958 -0.883396 -1.539221 -55.154107 -64.957516 139.989208 -21.583216 39.713811 100.747990 
-11.330698 21.367259 -6.775343 -4.325226 -1.700141 -1.165760 -55.526306 -64.127141 141.987873 -21.778751 41.000249 98.688383 
-11.403460 21.352512 -6.802787 -1.991295 -0.080712 -1.266804 -55.895062 -63.298024 143.925267 -20.024006 41.359242 95.289022 
-11.430284 21.368071 -6.824813 -1.671405 3.661137 -1.234406 -56.264869 -62.466514 145.768394 -20.113198 41.457819 92.017948 
-11.489812 21.425313 -6.852925 -4.663416 5.989363 -1.534783 -56.687349 -61.630503 147.615205 -17.957457 43.721617 91.636404 
-11.598287 21.481887 -6.879021 -7.524678 3.834676 -1.727949 -57.075141 -60.731268 149.382725 -16.921040 48.151141 87.781962 
-11.723507 21.548427 -6.908226 -10.937682 2.749025 -1.399896 -57.306953 -59.782556 151.137447 -15.699840 49.842153 83.218829 
-11.864598 21.527247 -6.935367 -8.438416 -0.410169 -1.356855 -57.681370 -58.736340 152.817352 -16.310909 49.407427 83.038132 
-12.031660 21.524767 -6.957779 -7.269593 -4.055706 -1.275486 -57.972751 -57.747477 154.397736 -17.553497 49.292709 79.686254 
-12.115506 21.472346 -6.987610 -3.956285 -3.162850 -1.385157 -58.244614 -56.783383 155.990915 -13.589695 50.528045 78.455099 
-12.163310 21.417378 -7.015507 -0.218007 0.368456 -1.151117 -58.499205 -55.762799 157.537937 -12.323579 52.454242 74.878588 
-12.189802 21.451173 -7.032788 -2.814201 3.297551 -1.345146 -58.772304 -54.700231 158.991287 -14.180818 51.809663 71.158219 
-12.395918 22.642640 -7.041409 -61.978966 9.333927 -2.258486 -59.019055 -53.659546 160.395508 -9.226055 54.781778 67.532116 
