# MW x(kpc), MW y(kpc), MW z(kpc), MW vx(km/s), MW vy(km/s), MW vz(km/s) LMC x(kpc), LMC y(kpc), LMC z(kpc), LMC vx(km/s), LMC vy(km/s), LMC vz(km/s) 
-2.772673 1.516892 1.017509 -2.871753 2.297225 1.228736 24.995683 307.992769 88.601004 6.029992 -37.383276 -68.302015 
-2.873648 1.561277 1.036736 -4.237826 -2.683002 0.736767 25.127516 307.244947 87.212836 8.270187 -40.132973 -69.919019 
-2.890169 1.546611 1.057474 -1.164056 -0.973591 1.282203 25.234194 306.469766 85.839582 6.448179 -41.051980 -69.014783 
-2.881789 1.544486 1.086173 0.720166 3.222446 1.352226 25.396662 305.692018 84.446853 5.094909 -39.938274 -69.343458 
-2.939392 1.609194 1.099979 -1.676447 1.624000 1.174478 25.487103 304.867746 83.089621 5.549839 -39.943997 -68.531396 
-2.999141 1.643751 1.125662 -2.423188 1.547959 0.826811 25.576186 304.038670 81.684623 4.356779 -40.316002 -67.782251 
-3.053907 1.695896 1.157746 -3.906447 1.185358 1.285980 25.680508 303.155100 80.322469 6.079818 -41.583757 -69.615127 
-3.114868 1.711207 1.172952 -2.578868 1.687659 1.031663 25.767014 302.307231 78.874819 6.129442 -43.677728 -69.149006 
-3.161069 1.733739 1.200246 -1.812980 2.792927 1.127701 25.888706 301.379040 77.495573 3.969464 -45.519551 -70.691039 
-3.226523 1.802646 1.236757 -3.023552 1.180671 1.372507 26.001123 300.472857 76.108445 4.463108 -48.323657 -67.177450 
-3.256336 1.827458 1.257956 -1.251803 2.376169 0.887072 26.073837 299.539862 74.662194 6.540267 -48.114223 -66.757171 
-3.324255 1.894981 1.291337 -2.801333 0.788576 1.770357 26.207620 298.553141 73.284555 3.776484 -48.365666 -72.791386 
-3.369349 1.935679 1.326626 -1.907861 1.286712 1.536067 26.250707 297.609611 71.851994 3.160965 -49.451990 -70.368122 
-3.396803 2.024051 1.365654 -4.360754 2.515965 1.991753 26.392893 296.600779 70.440334 5.202651 -48.103090 -71.748306 
-3.452449 2.118179 1.404897 -6.144487 2.661121 1.852803 26.501127 295.573618 69.016756 5.048562 -52.317341 -70.219810 
-3.512171 2.114714 1.434732 -0.702697 1.532566 2.263375 26.606659 294.544388 67.557191 3.642564 -53.004827 -71.666916 
-3.552431 2.161381 1.475171 -0.562256 2.054350 1.829795 26.661405 293.458301 66.060685 3.687439 -53.744027 -73.818766 
-3.589593 2.245591 1.508646 -2.449352 1.880804 2.064141 26.723241 292.396043 64.571278 3.712724 -54.404052 -72.851068 
-3.605208 2.331581 1.548879 -3.209227 3.682115 1.896530 26.841167 291.282663 63.156407 6.393065 -56.641324 -73.861589 
-3.652331 2.385482 1.593347 -1.886801 3.708355 2.038299 26.901686 290.092644 61.691355 5.200734 -58.243218 -72.675367 
-3.701222 2.465024 1.636824 -2.580904 3.249423 2.239626 27.004447 288.917582 60.201705 4.326003 -61.043612 -71.640262 
-3.745987 2.533976 1.679622 -2.617577 2.594246 2.180249 27.095253 287.748264 58.727020 2.211382 -58.090968 -73.291627 
-3.752906 2.626742 1.723798 -3.327334 5.708061 2.157283 27.145883 286.562115 57.206899 2.384260 -60.662671 -72.730509 
-3.826118 2.715703 1.763271 -3.664502 4.409638 2.277326 27.185110 285.344538 55.735919 3.511245 -64.571580 -74.794638 
-3.847038 2.801365 1.806064 -4.281819 6.457715 2.410182 27.286117 284.012206 54.282892 2.113251 -63.559321 -74.385944 
-3.887005 2.848186 1.861868 -2.155170 5.851161 2.877377 27.394158 282.687627 52.766823 3.992359 -67.239388 -75.296907 
-3.923171 2.965808 1.903683 -3.820149 6.027582 2.676509 27.470767 281.376500 51.221639 0.714516 -65.541592 -73.401398 
-4.035047 3.045806 1.963032 -2.627708 1.341539 3.241005 27.484371 280.005522 49.709067 3.457786 -67.209322 -73.607736 
-4.036269 3.097715 2.023676 -0.539228 4.204870 2.727015 27.475945 278.612042 48.225180 1.606921 -69.533532 -74.798740 
-4.055040 3.203536 2.073064 -1.154298 4.666762 3.014580 27.534700 277.313590 46.718754 3.525652 -70.693550 -76.531675 
-4.064746 3.322833 2.124855 -1.514875 7.331570 2.518972 27.576337 275.868133 45.211847 3.462304 -72.041890 -74.562342 
-4.150301 3.472364 2.183149 -5.402333 4.549838 3.124742 27.626881 274.495054 43.657149 3.060091 -72.059754 -77.247688 
-4.184340 3.515398 2.234176 -0.110347 5.425341 3.044159 27.667041 272.993084 42.150607 1.075616 -75.597460 -77.050781 
-4.225494 3.665116 2.295689 -3.514126 6.001629 2.702654 27.741131 271.455703 40.610891 1.293444 -77.047034 -77.156497 
-4.269135 3.783911 2.349866 -4.662303 6.778966 2.748730 27.734257 269.960788 39.047638 3.744497 -79.333129 -77.544704 
-4.326343 3.881258 2.401253 -3.675391 6.844632 2.757208 27.816441 268.372223 37.582528 -1.097924 -79.806577 -77.716425 
-4.394434 3.986626 2.453670 -3.660210 4.938271 2.543549 27.875221 266.819707 36.000909 2.377049 -80.550574 -77.760945 
-4.465823 4.081449 2.519128 -2.139149 3.477387 3.505863 27.920865 265.187311 34.443748 2.391537 -81.185260 -76.035054 
-4.497970 4.225572 2.586852 -4.230743 4.263615 3.349437 27.945918 263.571872 32.843002 -0.783964 -83.160058 -78.912660 
-4.529983 4.334644 2.640141 -4.466833 5.113346 3.124596 27.936466 261.839883 31.268851 1.665501 -82.661269 -76.860322 
-4.565389 4.434435 2.703672 -2.926995 5.558215 3.226501 27.968839 260.148422 29.754467 4.120364 -85.022522 -78.409793 
-4.566008 4.529989 2.775080 -1.289926 8.773613 2.966531 27.997330 258.476531 28.214533 2.535629 -85.844317 -79.282431 
-4.655959 4.650979 2.834889 -1.931357 5.383861 3.005884 28.026488 256.765722 26.649313 -0.835323 -89.324574 -80.713028 
-4.677731 4.772675 2.886658 -2.025961 6.916485 2.681326 28.043409 254.953993 25.036241 1.278333 -90.450272 -78.649241 
-4.719727 4.924952 2.948959 -4.194509 7.084123 3.571397 28.033770 253.119033 23.441230 -1.487027 -90.804099 -79.100408 
-4.751420 5.014114 3.010455 -1.461232 8.114607 2.653358 27.984044 251.182496 21.860905 -0.007071 -91.928166 -80.382005 
-4.820675 5.173147 3.070889 -2.731526 6.210357 3.503294 27.995298 249.360301 20.341360 1.581870 -96.168283 -76.147245 
-4.854192 5.281041 3.136480 -1.083603 7.573117 2.793891 27.983065 247.388356 18.744318 -1.831126 -97.516899 -79.391654 
-4.908862 5.388156 3.194332 1.422786 6.259827 3.426048 27.995510 245.481806 17.143883 -0.286945 -99.789378 -78.954175 
-4.944992 5.566596 3.265737 -1.340776 6.840301 3.569751 27.938790 243.470960 15.558352 -3.444737 -98.852754 -78.915207 
-4.999403 5.684301 3.337340 0.337842 6.176791 3.546088 27.903603 241.434812 14.036381 -2.725588 -99.658047 -79.191435 
-5.046609 5.840112 3.409350 -1.510138 5.943351 3.190777 27.885322 239.460297 12.451686 -2.021660 -100.709569 -78.161421 
-5.074986 5.983405 3.474676 -0.961748 7.314413 3.286948 27.840368 237.327345 10.864478 -2.352636 -104.721742 -79.477034 
-5.104543 6.146960 3.547454 -2.316808 7.924666 3.576407 27.815950 235.162935 9.264249 -2.381525 -108.000240 -80.453429 
-5.189691 6.294056 3.620521 -1.145284 5.861024 3.868342 27.720815 232.955784 7.690012 -1.608100 -109.780534 -80.396510 
-5.207551 6.491188 3.685157 -4.416215 7.935538 3.347039 27.676930 230.757804 6.113090 -1.982265 -111.298638 -78.108461 
-5.243119 6.634263 3.753107 -3.237982 7.615605 3.574931 27.606343 228.513993 4.576454 -4.632509 -111.294851 -77.841154 
-5.308491 6.776546 3.816240 -1.326114 6.613656 3.185617 27.549694 226.189103 2.962395 -3.662012 -116.339726 -79.787427 
-5.357060 6.977105 3.879235 -3.590894 6.759498 3.173656 27.467864 223.875551 1.369138 -3.474981 -115.274247 -79.360541 
-5.374294 7.124321 3.945819 -3.265410 9.201922 3.172444 27.376475 221.522784 -0.161587 -2.625465 -120.128386 -78.371993 
-5.438717 7.288834 4.013290 -2.470136 7.415294 3.427811 27.318087 219.151036 -1.756719 -5.349939 -120.852183 -80.517046 
-5.451963 7.498778 4.071013 -4.745949 9.669504 3.109806 27.255438 216.724733 -3.323869 -3.724991 -122.607863 -78.014973 
-5.497029 7.628374 4.140706 -1.092382 8.558449 3.402389 27.150305 214.216089 -4.962587 -3.787900 -124.534114 -81.071310 
-5.556046 7.815604 4.209598 -0.652987 7.802199 3.565221 27.025957 211.662915 -6.508837 -4.673194 -126.312388 -78.454672 
-5.570304 8.016382 4.275051 -0.639608 9.166094 3.384349 26.944260 209.076932 -8.106761 -6.032274 -131.786684 -79.930139 
-5.574622 8.206980 4.356526 0.320681 11.594417 3.489440 26.826838 206.417299 -9.680005 -7.840144 -131.774533 -77.737726 
-5.647023 8.452790 4.408252 -2.620030 9.836193 2.947096 26.728765 203.810286 -11.234571 -6.524281 -137.516447 -77.573428 
-5.677322 8.643692 4.476427 -0.914929 10.725417 3.194794 26.566300 201.094596 -12.789633 -8.455447 -138.393050 -77.133602 
-5.715903 8.848629 4.538686 -0.493979 10.458969 2.807477 26.370246 198.256524 -14.331604 -8.565548 -142.079952 -76.620384 
-5.752176 9.065138 4.593875 -0.371841 9.962179 3.167867 26.210828 195.431677 -15.888177 -6.716734 -143.555658 -74.176178 
-5.756102 9.291905 4.665159 -1.686306 12.156645 3.397998 26.087569 192.531470 -17.405268 -6.625128 -144.930221 -76.615352 
-5.810450 9.544828 4.734532 -3.508116 10.836389 2.900654 25.931524 189.568396 -18.907206 -9.304762 -149.300934 -77.247648 
-5.835280 9.748308 4.791375 -1.756222 11.552017 3.277469 25.766053 186.656361 -20.474761 -9.462116 -150.679863 -76.947381 
-5.853184 9.955758 4.860708 -0.651824 12.716988 3.388043 25.540620 183.635875 -22.052157 -11.583227 -155.447064 -77.043932 
-5.876329 10.208415 4.918574 -1.909155 12.417653 3.476017 25.307794 180.583845 -23.532024 -12.965782 -158.540794 -74.947632 
-5.914746 10.422539 4.987552 0.379698 11.660591 3.538197 25.129878 177.382382 -25.011930 -10.667672 -158.267866 -74.700806 
-5.925292 10.712755 5.053776 -3.561249 12.921351 3.171480 24.952499 174.120730 -26.569703 -9.814464 -163.390478 -72.982052 
-5.926556 10.958387 5.119158 -2.713833 14.841404 3.208847 24.694967 170.836838 -28.028182 -12.160419 -163.908275 -72.769178 
-6.000126 11.251577 5.185646 -4.829279 12.761199 2.800651 24.442675 167.540119 -29.476955 -12.268056 -168.198306 -71.326636 
-6.043680 11.446911 5.226543 -0.491578 11.526423 2.268821 24.108072 164.131380 -30.918851 -12.907901 -172.724449 -72.591775 
-6.017059 11.709701 5.283367 -0.768515 15.877053 2.356942 23.858560 160.659532 -32.275848 -15.680602 -176.457035 -69.789290 
-6.059016 11.953643 5.334854 2.219711 14.257363 2.836868 23.576799 157.099332 -33.749410 -14.736321 -178.629024 -71.322251 
-6.099820 12.249853 5.392864 0.084430 13.316526 2.697337 23.253744 153.560013 -35.134248 -16.883254 -182.990272 -70.679539 
-6.087314 12.509961 5.446206 1.802918 15.207091 2.421458 22.927036 149.856370 -36.484469 -17.906433 -186.392560 -68.836362 
-6.105306 12.828272 5.496439 -0.508638 14.402696 2.081217 22.539712 146.081630 -37.857793 -15.683103 -189.343361 -66.290141 
-6.099030 13.120102 5.536262 -0.769886 16.853785 2.237666 22.156014 142.224528 -39.133455 -17.594725 -193.205729 -66.213542 
-6.136811 13.421400 5.586018 -0.861430 14.999241 2.264051 21.815597 138.341140 -40.462303 -17.788511 -197.542494 -64.236638 
-6.147099 13.710712 5.618497 0.986006 15.844525 1.982899 21.438439 134.352416 -41.724798 -21.198483 -201.976912 -61.901482 
-6.185670 14.010142 5.657882 0.737691 15.128838 1.901341 21.043693 130.280091 -42.940655 -18.818213 -206.766079 -60.393087 
-6.208244 14.343928 5.690111 -1.199512 13.409756 1.772798 20.621286 126.079409 -44.088964 -22.270632 -211.568203 -60.236951 
-6.208084 14.621269 5.722050 1.985141 15.560996 1.452719 20.139641 121.732343 -45.230887 -24.155402 -219.245447 -52.625756 
-6.189378 15.032352 5.737742 -3.201935 19.761434 1.207852 19.641863 117.346065 -46.366839 -25.856364 -218.619964 -52.770513 
-6.206363 15.344153 5.761480 -1.001577 16.983142 1.252055 19.159461 112.884113 -47.404465 -29.565049 -227.992196 -48.658561 
-6.192821 15.678828 5.781763 -0.242037 17.943580 0.596281 18.621935 108.334401 -48.336141 -26.343020 -231.933630 -46.635129 
-6.174187 16.033331 5.779391 0.633002 18.925330 0.560728 18.082051 103.598969 -49.187759 -28.801875 -236.203747 -44.016295 
-6.186221 16.374397 5.780176 2.132077 19.698316 -0.590024 17.496787 98.857644 -49.978694 -31.138619 -241.771124 -39.113435 
-6.173873 16.736156 5.763159 2.095442 20.192289 -0.647113 16.819293 93.934154 -50.798414 -33.657899 -248.025158 -35.571575 
-6.142978 17.152508 5.739983 0.894475 22.623704 -1.269048 16.188842 88.933881 -51.471655 -31.413418 -253.270286 -32.761854 
-6.161443 17.531323 5.703311 2.017061 19.226372 -2.322645 15.488641 83.818530 -52.074959 -36.686020 -258.897546 -25.546726 
-6.131804 17.934342 5.651188 1.430084 20.965705 -2.784159 14.753443 78.543687 -52.496457 -35.374976 -266.222850 -17.148821 
-6.116409 18.363053 5.590427 -0.017241 20.720466 -4.033567 13.993704 73.112045 -52.835080 -40.236642 -271.559024 -9.774392 
-6.121111 18.763243 5.507015 1.859222 19.994173 -4.123099 13.117765 67.617388 -53.033526 -43.884708 -280.457051 -6.619568 
-6.090224 19.190803 5.414273 2.024634 19.595243 -4.866923 12.270043 61.993239 -53.057367 -48.031541 -283.148350 3.084461 
-6.062391 19.618467 5.302108 3.196691 19.569132 -6.208358 11.269411 56.275911 -52.904082 -49.198295 -289.916560 12.176066 
-6.000074 20.089822 5.167166 2.229519 22.945769 -7.472060 10.263074 50.420121 -52.533171 -53.336193 -296.409662 22.314417 
-5.911424 20.516966 5.005913 4.267625 25.215004 -8.571856 9.154856 44.440546 -51.965138 -54.728096 -305.026217 34.630013 
-5.882584 21.030088 4.812513 1.276514 24.320881 -10.085856 7.978262 38.314451 -51.121571 -60.372668 -304.934551 47.561114 
-5.853764 21.510577 4.596183 2.404842 23.575462 -11.990019 6.753245 32.125678 -50.047220 -60.963087 -310.957078 63.695669 
-5.771770 21.972836 4.342674 3.868103 25.488382 -13.360460 5.467980 25.920126 -48.647588 -63.831920 -309.656217 79.262020 
-5.709217 22.424557 4.048983 4.845974 23.647090 -15.520985 4.161945 19.757161 -46.899929 -70.802568 -310.585818 97.242619 
-5.628638 22.912679 3.711741 4.420408 23.170210 -17.832799 2.778588 13.551595 -44.815636 -72.162618 -308.039126 112.543477 
-5.530009 23.381084 3.337524 3.669411 23.852641 -19.798101 1.362431 7.502675 -42.277832 -74.631167 -301.386467 132.788401 
-5.465724 23.809218 2.923182 5.331158 20.718370 -21.897988 -0.167177 1.545402 -39.421716 -75.673043 -291.830811 152.925547 
-5.380562 24.208486 2.473167 7.136904 19.701635 -23.040533 -1.777863 -4.255775 -36.230947 -78.453690 -279.094440 168.226453 
-5.243188 24.632936 1.996858 4.457946 20.867950 -24.703031 -3.341438 -9.699706 -32.712008 -78.926311 -268.314233 182.702419 
-5.177778 24.956991 1.490473 6.193424 17.674072 -25.707180 -4.957547 -14.916114 -28.890024 -79.121476 -250.884510 194.425463 
-5.070640 25.356125 0.964546 3.899272 16.574405 -26.914150 -6.597963 -19.762916 -24.918652 -81.647035 -235.996239 203.489437 
-5.000100 25.696313 0.417746 0.830409 15.573529 -27.670825 -8.223041 -24.377612 -20.748270 -82.451948 -223.913294 213.941077 
-4.905363 25.919363 -0.137932 2.597448 13.579572 -27.688713 -9.804103 -28.654287 -16.499938 -76.734774 -205.232986 218.026254 
-4.856034 26.155821 -0.697118 2.795428 10.322060 -27.806157 -11.313864 -32.583601 -12.063024 -76.674720 -189.982398 221.308578 
-4.774377 26.344619 -1.249703 4.767227 9.709809 -27.419711 -12.758439 -36.257112 -7.633547 -73.266484 -173.966349 223.691002 
-4.686956 26.530475 -1.808854 3.384562 9.472155 -27.352427 -14.274842 -39.563284 -3.171541 -74.574837 -159.883526 222.560899 
-4.619623 26.692708 -2.346885 3.533128 8.277716 -26.257708 -15.700797 -42.616220 1.213194 -70.596978 -146.624727 219.505701 
-4.558105 26.886573 -2.880772 1.706335 7.726376 -26.300136 -17.086716 -45.456693 5.639917 -70.524852 -133.597183 217.383043 
-4.520204 27.007147 -3.401101 0.717169 6.017000 -25.802046 -18.407343 -48.045496 10.053500 -64.087511 -123.965846 218.077427 
-4.511046 27.131977 -3.909894 -1.370810 3.972754 -24.716983 -19.723715 -50.442670 14.367120 -63.170460 -114.696028 214.119537 
-4.471277 27.176215 -4.401521 0.273212 2.725035 -23.842548 -20.952363 -52.629207 18.614728 -62.647737 -103.511472 211.685291 
-4.457334 27.218743 -4.878803 1.328959 1.110354 -23.151917 -22.224986 -54.667147 22.784592 -62.454571 -95.825105 209.166978 
-4.377343 27.251599 -5.338751 3.369349 3.036307 -22.612560 -23.392734 -56.457319 26.986094 -56.884404 -91.896234 205.819441 
-4.340303 27.306908 -5.778533 2.748031 2.672610 -21.625029 -24.527160 -58.168559 31.026216 -57.206760 -80.367522 202.430995 
-4.306189 27.356562 -6.201874 2.024695 3.281772 -20.647267 -25.650205 -59.770386 35.067372 -54.694719 -74.512999 198.254745 
-4.285691 27.408216 -6.609268 0.869115 2.586678 -19.889227 -26.738854 -61.142211 38.933629 -52.301408 -68.185906 195.330076 
-4.304617 27.470149 -6.993164 -1.146413 1.273172 -18.211158 -27.808415 -62.478263 42.767334 -53.131030 -62.320435 190.986182 
-4.305289 27.501026 -7.356025 -2.975597 1.022137 -17.850557 -28.847295 -63.620011 46.571960 -50.229582 -56.680370 184.717118 
-4.314479 27.504644 -7.709934 -2.342901 0.156048 -17.357895 -29.781902 -64.669749 50.320963 -49.809006 -51.447517 183.227570 
-4.327398 27.515191 -8.052654 -2.118180 -1.474404 -16.134160 -30.749369 -65.676894 53.954966 -47.036516 -48.188331 178.093139 
-4.321146 27.504172 -8.363856 0.191074 -0.356228 -15.567291 -31.601424 -66.513749 57.527148 -44.096221 -40.786901 174.524335 
-4.338212 27.471714 -8.667280 2.092883 -0.938189 -14.856262 -32.553370 -67.212864 60.927441 -44.254461 -33.480451 172.112953 
-4.327355 27.467054 -8.949951 3.033509 -1.008344 -14.054008 -33.421568 -67.872143 64.364997 -43.045997 -30.928038 169.804520 
-4.306200 27.507818 -9.236154 1.783016 1.477211 -13.529717 -34.249918 -68.449752 67.691924 -41.417020 -24.950317 164.491450 
-4.281590 27.542609 -9.507125 -0.047100 4.123187 -13.718762 -35.024172 -68.985901 71.033803 -40.927656 -23.808216 163.676291 
-4.296806 27.584393 -9.766656 -2.055748 2.459544 -13.230538 -35.738745 -69.430057 74.169729 -38.541951 -21.286716 155.966864 
-4.333986 27.622766 -10.017433 -3.086458 2.195750 -12.581028 -36.520183 -69.804206 77.270981 -36.925619 -16.886103 153.092818 
-4.391016 27.630155 -10.262745 -1.401251 0.100323 -11.890332 -37.322732 -70.056838 80.278071 -39.095549 -13.063002 151.291972 
-4.444605 27.581064 -10.498232 0.871329 -1.089519 -11.268281 -38.001444 -70.276975 83.341941 -33.235503 -8.077023 148.190258 
-4.444006 27.566688 -10.711779 2.170174 -0.295681 -10.620579 -38.716113 -70.414054 86.289444 -33.079163 -8.591152 146.808525 
-4.461564 27.570782 -10.919508 2.103412 -0.359846 -10.602863 -39.400828 -70.479505 89.139462 -30.403730 -4.807126 140.278372 
-4.438157 27.556307 -11.110443 2.858530 2.307298 -9.473333 -40.018985 -70.591364 91.935155 -31.136606 -1.872621 138.936141 
-4.417438 27.586847 -11.296446 -0.009033 4.827040 -8.557129 -40.651224 -70.571661 94.613502 -29.680002 0.656871 135.603393 
-4.482961 27.603830 -11.464574 -1.064396 2.772717 -8.518496 -41.233352 -70.561868 97.309403 -31.158705 4.997470 131.382907 
-6.777114 26.900448 -11.591984 9.198333 -84.535321 -7.726881 -41.791045 -70.388642 99.897611 -30.093250 10.994272 126.994611 
