# MW x(kpc), MW y(kpc), MW z(kpc), MW vx(km/s), MW vy(km/s), MW vz(km/s) LMC x(kpc), LMC y(kpc), LMC z(kpc), LMC vx(km/s), LMC vy(km/s), LMC vz(km/s) 
0.003303 -0.006298 -0.004092 0.675303 0.292728 -0.230829 24.996168 307.992888 88.601256 6.020613 -37.405235 -68.366849 
0.002302 -0.005093 -0.000419 0.230478 0.467058 0.109842 25.128277 307.243647 87.212814 8.132514 -40.012970 -70.030761 
-0.030026 0.012800 0.001490 -1.297255 -1.523925 -0.027099 25.236207 306.470570 85.832643 6.471312 -41.088895 -69.751059 
-0.048040 0.043701 0.011432 -2.974407 -1.504814 0.260816 25.399886 305.690757 84.431723 5.294211 -39.742575 -69.732387 
-0.068924 0.016705 0.012067 -0.505661 -1.446278 0.374059 25.491482 304.870536 83.060778 5.835469 -39.934255 -68.578603 
-0.074899 0.070215 0.020633 -3.989774 0.250493 0.682632 25.586281 304.040900 81.650946 4.694348 -41.016779 -67.386807 
-0.109056 0.049815 0.037267 -0.610099 -0.906087 0.861931 25.694573 303.155417 80.289655 5.335505 -41.599820 -69.195321 
-0.144211 0.103859 0.053175 -3.328867 -0.736511 1.216134 25.780269 302.302701 78.856925 6.597480 -44.204456 -69.496671 
-0.160839 0.117605 0.075720 -2.422015 -0.197744 1.046535 25.898271 301.388547 77.481845 5.179277 -45.802732 -71.028022 
-0.180215 0.142944 0.090603 -2.779600 -0.040709 0.867471 26.025385 300.465043 76.107570 5.070502 -48.320646 -66.325832 
-0.219923 0.181214 0.108755 -2.990652 -0.160682 1.545208 26.096317 299.530395 74.699231 7.024368 -47.533878 -66.206968 
-0.219123 0.171426 0.137667 -0.270469 1.682210 0.856719 26.245465 298.543591 73.327094 4.390998 -49.310585 -71.789372 
-0.259148 0.243158 0.147675 -2.538791 0.308308 0.949969 26.298212 297.596098 71.910036 2.995762 -49.179911 -69.283693 
-0.290854 0.292897 0.163841 -3.147811 0.634823 0.835132 26.442579 296.581682 70.522135 5.964882 -47.694606 -70.894595 
-0.313938 0.289980 0.172271 0.170990 1.513897 0.610740 26.560433 295.559457 69.086079 6.346520 -52.067920 -70.085192 
-0.336396 0.361928 0.191942 -2.966464 1.810760 0.753426 26.676243 294.517376 67.644434 4.090470 -52.322452 -70.765536 
-0.381315 0.443175 0.204272 -6.037980 0.720872 0.849082 26.743499 293.423852 66.160100 4.332987 -53.571110 -73.835666 
-0.429914 0.465661 0.225317 -4.723943 -0.511380 0.826118 26.828183 292.375836 64.686564 4.256082 -55.077357 -72.784529 
-0.420328 0.465676 0.238302 -1.019925 2.877890 0.441861 26.955445 291.250784 63.284835 7.646328 -57.810484 -72.779218 
-0.455997 0.557548 0.251236 -4.510713 1.184086 0.857761 27.015351 290.087074 61.825739 5.701663 -58.866873 -71.568450 
-0.514231 0.614483 0.269253 -4.894149 -0.526796 1.013518 27.137837 288.891561 60.347521 5.512220 -61.696804 -71.365165 
-0.522116 0.637922 0.282475 -2.799448 1.379928 0.464620 27.220600 287.722378 58.887697 2.411893 -58.498126 -72.341530 
-0.551071 0.678047 0.302900 -2.013861 1.023854 0.900611 27.296417 286.531639 57.361083 2.535579 -59.737896 -71.502637 
-0.551968 0.754970 0.319968 -3.244861 2.706720 1.001186 27.349898 285.318913 55.900371 1.781062 -64.205648 -75.316422 
-0.619896 0.818697 0.344671 -3.036680 -0.295449 1.143512 27.460137 283.987000 54.440699 2.834896 -65.802836 -74.988047 
-0.656015 0.882377 0.364625 -3.742683 -1.030757 0.747157 27.578991 282.667191 52.937604 3.833911 -67.818508 -74.665306 
-0.609525 0.891861 0.376789 -0.227932 5.366195 0.696472 27.670694 281.348698 51.416796 1.460932 -65.585650 -74.545048 
-0.660785 0.988034 0.396556 -2.987996 2.213267 0.673340 27.702009 279.978663 49.898068 1.904712 -67.230662 -74.032826 
-0.688971 1.045059 0.407954 -2.317497 1.543156 0.706796 27.682596 278.572990 48.420232 3.434610 -68.647000 -75.001469 
-0.717576 1.095262 0.424972 -1.749125 1.789973 0.904754 27.789389 277.270791 46.908857 2.731666 -71.461134 -75.449392 
-0.715232 1.156965 0.438631 -2.418519 4.177093 1.415231 27.807007 275.823077 45.406058 4.059353 -71.861763 -74.440962 
-0.727311 1.202747 0.467310 -1.074920 4.283513 0.854200 27.886973 274.432933 43.847465 4.157922 -72.735259 -77.532994 
-0.791790 1.283852 0.482833 -2.171288 2.244207 0.890982 27.954873 272.966805 42.350404 2.204404 -74.513558 -77.227389 
-0.793021 1.351115 0.497224 -2.370064 4.591686 1.196802 28.018004 271.418399 40.808246 1.654721 -76.550798 -77.039758 
-0.836434 1.374413 0.526165 1.443870 3.168376 1.039816 28.038559 269.904913 39.269832 5.261441 -77.036915 -78.266427 
-0.845976 1.482271 0.544790 -1.440380 5.006291 1.139764 28.142274 268.330339 37.794000 0.495443 -79.994951 -77.823952 
-0.919757 1.581021 0.568171 -2.361943 2.450168 0.695125 28.206224 266.794550 36.225721 3.491112 -80.699483 -77.393023 
-0.947882 1.678986 0.589477 -3.558775 2.976863 1.122933 28.293604 265.153897 34.652807 1.346995 -79.546444 -77.431350 
-0.937234 1.752506 0.601792 -2.446544 6.018077 0.362267 28.311110 263.526632 33.079861 0.695574 -82.902332 -78.316126 
-1.004110 1.818600 0.613162 -0.627519 2.889448 0.552610 28.322322 261.779043 31.498613 2.228909 -83.356540 -76.717969 
-1.001576 1.922190 0.619238 -1.113381 6.333262 0.218445 28.360484 260.102031 29.999562 6.317765 -86.973461 -76.160602 
-1.055841 2.014476 0.638602 -1.204526 5.088675 0.744055 28.421217 258.455791 28.459915 2.080257 -85.604940 -78.280062 
-1.105777 2.140792 0.648328 -2.340851 3.849928 0.497912 28.473068 256.722094 26.888610 2.135904 -89.200448 -79.087481 
-1.161851 2.226904 0.668094 -0.868033 2.564985 0.696438 28.510439 254.894769 25.256466 0.541751 -90.762190 -79.683759 
-1.176961 2.342901 0.681520 -1.648979 4.827119 0.442951 28.500386 253.077798 23.674384 0.259938 -91.786464 -78.108035 
-1.204880 2.455481 0.694769 -1.907366 5.113985 0.837124 28.476644 251.137046 22.105081 0.190005 -91.738314 -80.532876 
-1.257448 2.579292 0.704741 -2.050763 4.651420 0.225378 28.525110 249.322716 20.605536 3.767226 -96.575437 -76.853754 
-1.311995 2.721796 0.729033 -4.371114 3.763810 0.747293 28.523909 247.356351 19.023505 -0.567951 -97.598660 -78.442443 
-1.323453 2.797845 0.745487 -0.905578 4.945867 0.706577 28.557016 245.461777 17.411363 -0.551018 -98.194328 -79.347640 
-1.357037 2.958763 0.766864 -2.949238 6.028323 0.879357 28.525844 243.418201 15.834221 -3.229253 -99.038030 -79.861188 
-1.358164 3.068912 0.785604 -1.548605 9.136021 1.306115 28.508177 241.424304 14.288300 -2.174405 -100.186011 -78.651744 
-1.474723 3.196867 0.810819 -1.632421 2.785343 0.885816 28.532726 239.438359 12.679871 -1.050359 -101.345500 -79.060384 
-1.475932 3.351156 0.838383 -2.631204 6.554093 1.190626 28.510201 237.307060 11.083009 -1.177095 -104.922714 -79.766949 
-1.513680 3.501025 0.852735 -4.617462 6.547905 0.697333 28.516220 235.124968 9.475457 -0.465293 -107.231104 -80.781023 
-1.529903 3.617967 0.870284 -2.101444 7.669137 1.238034 28.468513 232.949098 7.910370 -0.239381 -111.197422 -81.247874 
-1.599464 3.770718 0.901789 -3.158952 4.779773 1.070740 28.470957 230.737362 6.332869 -0.481020 -112.355099 -77.826011 
-1.588386 3.894900 0.918542 -1.403388 8.328033 0.605060 28.400121 228.512830 4.820564 -3.054211 -111.010425 -78.761512 
-1.671844 4.037112 0.942142 -0.328634 4.818986 1.467342 28.355904 226.192208 3.186435 -0.677981 -115.336991 -78.494590 
-1.677748 4.221614 0.960017 -2.440028 7.931320 1.077578 28.310637 223.867675 1.614574 -2.304220 -116.107848 -77.766233 
-1.718392 4.402690 0.978564 -3.900754 7.882344 1.153432 28.251388 221.536176 0.075089 -1.343903 -119.700380 -76.186857 
-1.756034 4.593765 1.003996 -5.797005 8.204585 1.542868 28.232663 219.171843 -1.557266 -4.036485 -119.558705 -79.440364 
-1.780844 4.709372 1.038457 -1.352284 8.089112 1.353652 28.194703 216.778196 -3.098160 -0.414011 -120.345683 -77.766120 
-1.792957 4.878641 1.059039 -1.204277 10.072395 1.197564 28.124455 214.268202 -4.719282 -2.567764 -124.685847 -81.836343 
-1.842100 5.033889 1.072650 1.235783 9.748661 1.095716 28.018462 211.741527 -6.334106 -3.906458 -128.248041 -79.847796 
-1.885635 5.277468 1.096880 -3.947160 9.824124 1.158418 27.997811 209.186462 -7.890216 -3.173641 -132.018269 -80.312324 
-1.947243 5.440522 1.119760 -2.356592 7.826140 1.195823 27.945076 206.549318 -9.505751 -5.234887 -130.397424 -76.854297 
-2.007355 5.618368 1.148136 -1.964242 6.220682 1.073042 27.864870 203.929607 -11.087781 -5.707645 -135.424020 -77.509998 
-2.005912 5.848870 1.162999 -4.520113 10.216957 1.107376 27.722776 201.243144 -12.591083 -5.340166 -138.962915 -77.898748 
-2.054235 6.021482 1.190372 -2.641142 9.389205 1.585685 27.558091 198.417110 -14.111985 -6.665006 -139.362114 -76.847003 
-2.072424 6.207396 1.220361 -2.165359 10.493585 1.354269 27.453292 195.591204 -15.701279 -4.748239 -141.952902 -76.638334 
-2.135579 6.411841 1.230491 -1.773442 8.748228 0.608980 27.369614 192.705384 -17.235861 -2.697742 -143.183713 -77.482991 
-2.174987 6.623662 1.251560 -2.267128 8.922185 1.570601 27.259451 189.790697 -18.755490 -5.526330 -146.194069 -77.279311 
-2.195344 6.811003 1.285625 -0.697019 10.124852 1.534438 27.149786 186.866712 -20.353842 -7.886743 -147.233682 -78.667828 
-2.246773 7.016867 1.295849 -0.223262 8.780752 0.918678 26.957682 183.830205 -21.906361 -10.042152 -152.087791 -78.152097 
-2.269214 7.276869 1.331211 -3.243780 9.628127 1.483111 26.820476 180.792300 -23.449118 -9.041243 -155.902448 -77.006749 
-2.298698 7.458869 1.346719 -0.132168 10.737709 0.956839 26.655206 177.664269 -24.883126 -7.885405 -158.562468 -74.143960 
-2.341172 7.684182 1.372333 0.371529 10.156864 1.546570 26.493258 174.453445 -26.441238 -9.107020 -160.910228 -75.256447 
-2.349510 7.954449 1.389169 -3.028398 11.914906 1.073237 26.317633 171.204061 -27.923668 -9.977123 -162.520976 -77.552611 
-2.343763 8.178305 1.407797 -1.463211 14.576466 0.962687 26.117729 167.946493 -29.451029 -10.004751 -165.946702 -74.289689 
-2.426496 8.396866 1.440892 0.900510 9.839233 1.211780 25.837433 164.546578 -30.902827 -11.516465 -171.539235 -72.617047 
-2.451951 8.673079 1.460641 -1.984056 10.895259 1.263030 25.677446 161.058275 -32.310452 -10.947834 -174.789022 -73.137513 
-2.474722 8.874684 1.474369 1.483819 11.733225 0.973244 25.407127 157.557308 -33.792215 -13.889513 -174.945474 -71.886145 
-2.484424 9.127756 1.485222 1.224206 13.210913 0.652824 25.144280 154.015402 -35.227551 -12.009821 -179.661432 -71.630724 
-2.500290 9.419091 1.507065 -0.209059 14.462020 1.117189 24.886463 150.338336 -36.589819 -14.074026 -186.601352 -70.397198 
-2.560498 9.755794 1.523998 -5.228071 11.803331 0.404298 24.622188 146.651233 -37.931421 -11.850704 -190.291619 -67.879793 
-2.581473 9.988212 1.526992 -1.884393 13.745076 0.637826 24.276938 142.776536 -39.282700 -14.201982 -190.046018 -66.931917 
-2.599290 10.267245 1.533731 -1.529075 15.142686 0.163514 24.002915 138.945394 -40.671679 -14.590835 -196.039046 -64.789568 
-2.661176 10.522964 1.533361 0.213815 12.082583 0.126400 23.716278 134.965855 -41.985524 -14.853712 -198.954903 -65.896785 
-2.655097 10.847771 1.537967 -1.871928 14.363210 -0.246102 23.383645 130.972402 -43.239914 -18.848904 -203.827593 -62.835510 
-2.671016 11.132438 1.527731 0.254814 15.596675 -0.637035 23.067147 126.724821 -44.417330 -19.473859 -207.822445 -61.192822 
-2.672563 11.433057 1.519199 1.728132 16.731167 -1.007797 22.615071 122.461017 -45.602997 -22.434734 -214.154305 -57.658450 
-2.666858 11.804486 1.490742 -1.894168 18.005193 -1.056100 22.221821 118.100769 -46.882265 -20.602324 -218.390482 -54.411485 
-2.718197 12.147191 1.466646 -2.495906 15.595815 -1.560515 21.735540 113.641508 -47.936791 -20.537615 -226.328076 -52.758613 
-2.748102 12.440775 1.436360 0.741855 15.452157 -1.897979 21.331435 109.133953 -48.975116 -23.213215 -229.556637 -49.154071 
-2.717353 12.827346 1.396288 -2.384150 19.289429 -2.521743 20.892521 104.506930 -49.870066 -25.836264 -236.888672 -49.229803 
-2.741256 13.185955 1.339093 -1.403205 18.671484 -3.003830 20.410067 99.768532 -50.798321 -25.316189 -241.829973 -44.826119 
-2.765545 13.527222 1.279198 0.093315 18.799042 -2.905504 19.818610 94.826328 -51.698710 -28.529870 -245.556130 -42.732499 
-2.810578 13.849607 1.207521 3.132918 15.609222 -3.377204 19.241317 89.888463 -52.462924 -28.356049 -248.235217 -36.536706 
-2.745427 14.260722 1.134702 1.475256 19.600212 -4.399300 18.585783 84.720150 -53.145654 -28.093339 -258.544313 -30.563623 
-2.741622 14.677370 1.043485 -0.602159 20.001854 -4.488993 17.989286 79.559601 -53.653399 -34.426466 -264.106137 -25.936324 
-2.742164 15.103434 0.951450 -3.235507 19.696138 -5.165836 17.342183 74.128814 -54.126459 -35.994610 -275.051881 -20.008968 
-2.730927 15.436869 0.839269 3.122802 20.716486 -6.182374 16.566846 68.572028 -54.457824 -38.899917 -280.740375 -14.266837 
-2.674723 15.899995 0.714715 0.326751 23.299598 -6.982337 15.776008 62.902146 -54.620893 -39.829818 -283.092582 -2.728802 
-2.668611 16.339382 0.572390 0.460260 22.669876 -7.975120 14.906427 57.193899 -54.622590 -42.467172 -290.872111 5.933485 
-2.663031 16.792297 0.407302 0.264613 21.632093 -8.932561 14.026454 51.309009 -54.450093 -46.521456 -298.108129 13.718007 
-2.627733 17.194797 0.217921 3.265992 21.957457 -9.943339 13.015669 45.314465 -54.024733 -50.615086 -304.928549 23.813982 
-2.584648 17.670607 0.005836 2.868095 21.843863 -11.627850 11.967340 39.059686 -53.417306 -53.901786 -310.311853 39.134721 
-2.562087 18.158018 -0.247949 2.146810 20.197342 -13.417908 10.777391 32.698035 -52.470388 -58.455436 -317.658688 51.868533 
-2.466638 18.614731 -0.519621 3.876193 23.753573 -15.180706 9.580414 26.453201 -51.213476 -59.540684 -318.294670 70.174892 
-2.394408 19.097473 -0.835654 3.307902 24.758896 -16.974315 8.379563 20.021383 -49.670316 -64.719670 -320.032009 91.693737 
-2.377080 19.573959 -1.201052 3.054737 20.360849 -18.998983 7.095393 13.774570 -47.733412 -67.510320 -319.035999 107.818760 
-2.293623 20.001844 -1.595071 5.656395 19.973815 -20.854852 5.671866 7.435562 -45.388289 -75.143090 -311.431701 126.925290 
-2.174865 20.466053 -2.027335 3.336320 21.815551 -22.566597 4.140439 1.280795 -42.644370 -75.514283 -306.839667 150.071438 
-2.090408 20.859681 -2.516243 5.271042 18.868673 -25.020846 2.616204 -4.674714 -39.480344 -78.036677 -293.949449 164.553741 
-1.978660 21.213444 -3.030305 7.819709 19.010767 -26.572675 1.052975 -10.364676 -35.969383 -81.374984 -277.859688 179.666047 
-1.887235 21.552162 -3.577549 9.081219 17.198172 -28.018832 -0.594271 -15.792861 -32.216775 -82.703767 -262.738213 195.979927 
-1.795310 21.893556 -4.149866 7.014725 14.468645 -29.153235 -2.222185 -20.868057 -28.178261 -81.084971 -244.718338 206.258779 
-1.655516 22.224105 -4.745556 3.665450 15.899131 -30.124007 -3.884900 -25.607290 -24.032778 -81.478429 -228.114375 212.375230 
-1.613628 22.460087 -5.349293 5.012144 9.538215 -30.565490 -5.477366 -29.948372 -19.655976 -79.339058 -211.015544 221.633691 
-1.455971 22.629764 -5.960477 7.946819 13.179362 -30.682678 -6.941807 -33.911563 -15.299928 -77.390560 -194.314858 222.011869 
-1.422506 22.851063 -6.574217 3.710726 8.089051 -30.745485 -8.497427 -37.692007 -10.816167 -74.053992 -177.865258 220.611067 
-1.336176 23.006796 -7.182765 3.459459 6.867396 -29.999193 -10.037190 -41.176021 -6.372681 -75.286151 -163.729544 225.140609 
-1.294908 23.151358 -7.769340 2.800388 3.129822 -28.990599 -11.527611 -44.239191 -1.888750 -71.858650 -149.243589 220.888660 
-1.173713 23.214818 -8.350069 4.638967 6.732948 -28.753176 -12.924972 -47.088212 2.494019 -68.612043 -140.150206 216.614583 
-1.141558 23.325964 -8.921303 3.466191 4.738172 -28.028305 -14.290077 -49.689560 6.799042 -64.641085 -127.794811 216.779662 
-1.108496 23.450711 -9.467057 -0.229029 1.445021 -26.796146 -15.544141 -52.176925 11.066332 -65.506729 -117.028576 214.232817 
-1.062909 23.538285 -10.003725 -1.600108 2.077169 -26.091080 -16.831620 -54.435640 15.293011 -62.089164 -105.620665 210.787235 
-1.016894 23.547382 -10.525164 1.375909 4.135476 -25.391664 -18.148732 -56.450250 19.464637 -62.092889 -97.038673 205.164598 
-0.990282 23.587179 -11.019146 1.576411 3.156941 -23.447984 -19.324962 -58.256685 23.594424 -61.056118 -88.288785 203.723032 
-0.979141 23.650932 -11.467826 0.031106 2.389307 -22.907100 -20.515478 -59.985595 27.594850 -57.073439 -83.394837 198.586631 
-0.935021 23.680875 -11.918979 0.580344 4.045427 -22.143322 -21.603727 -61.586135 31.524117 -56.313435 -74.940765 194.052793 
-0.945098 23.722612 -12.354906 -0.790471 1.224107 -20.612617 -22.710882 -63.074392 35.378053 -53.661199 -68.870154 191.509205 
-0.909995 23.794599 -12.764019 -3.102397 3.579308 -19.902056 -23.870610 -64.426933 39.116956 -53.297987 -62.840847 185.260987 
-0.972486 23.782195 -13.160382 -1.245073 -0.995004 -18.955846 -24.954436 -65.631556 42.777400 -49.536755 -57.596794 183.522229 
-0.937252 23.770467 -13.535375 -0.677838 1.482454 -18.812566 -25.928528 -66.668741 46.461175 -49.549198 -52.023651 178.626298 
-0.942191 23.771086 -13.901258 0.445190 0.744793 -18.471066 -26.842353 -67.664499 50.006217 -47.624734 -45.381713 175.103404 
-0.935987 23.821884 -14.269075 -2.767292 0.470369 -17.691863 -27.763970 -68.565388 53.461701 -47.472460 -41.809971 171.302100 
-0.936778 23.791459 -14.591848 -0.591277 1.601613 -16.576078 -28.711117 -69.354036 56.824280 -43.371594 -36.503394 167.139258 
-0.973502 23.781878 -14.918638 -0.983725 -1.197101 -15.743694 -29.610335 -70.012143 60.053196 -44.372257 -32.251777 161.400898 
-0.933874 23.739925 -15.228110 1.333522 1.875811 -15.135443 -30.472072 -70.684350 63.306866 -40.909337 -28.098771 159.144653 
-0.932660 23.792006 -15.529035 -2.431990 2.584502 -14.716094 -31.301811 -71.178046 66.485934 -40.692247 -24.871285 157.759290 
-0.965285 23.776649 -15.802066 -0.162008 1.867934 -13.990834 -32.031864 -71.630129 69.642274 -38.652715 -20.447088 153.619302 
-1.049836 23.787542 -16.064792 -2.517038 -2.120999 -13.341235 -32.803355 -72.054174 72.642440 -39.350214 -17.407838 149.891605 
-1.047222 23.747491 -16.332388 -0.881035 1.681044 -13.271788 -33.562838 -72.437147 75.573846 -37.347914 -13.938412 144.818894 
-1.095828 23.722077 -16.586449 -0.773825 -0.255158 -12.426248 -34.336946 -72.681286 78.459275 -37.198283 -10.753398 140.875339 
-1.115227 23.695024 -16.817188 -0.535149 0.129826 -11.492298 -35.053727 -72.773617 81.251221 -37.118315 -8.956264 139.033447 
-1.228066 23.707426 -17.053072 -1.523291 -3.555938 -11.289263 -35.736153 -72.939493 83.996491 -34.986840 -5.101557 134.629160 
-1.229393 23.684035 -17.271232 -1.947206 -1.485111 -10.719366 -36.429053 -72.927391 86.701580 -32.546782 -3.308743 134.088752 
-1.274938 23.613814 -17.476440 0.689505 -0.350150 -10.300561 -37.074607 -73.079516 89.332233 -32.094725 -0.683809 131.802132 
-1.338039 23.623164 -17.676063 -1.425053 -2.055419 -9.631703 -37.664607 -73.126759 91.865896 -30.340066 1.937567 126.804462 
-0.292353 24.750322 -18.081049 -70.713600 114.092677 -10.255587 -38.296599 -73.060936 94.328567 -26.789833 5.884746 122.920287 
