# MW x(kpc), MW y(kpc), MW z(kpc), MW vx(km/s), MW vy(km/s), MW vz(km/s) LMC x(kpc), LMC y(kpc), LMC z(kpc), LMC vx(km/s), LMC vy(km/s), LMC vz(km/s) 
0.005977 -0.002626 -0.001516 0.056398 0.146856 0.303358 24.995685 307.992769 88.601004 6.029992 -37.383276 -68.302015 
-0.009674 0.005376 0.006043 -0.469360 -0.604472 0.415989 25.127333 307.250386 87.207100 8.747227 -39.794695 -70.126400 
-0.044388 0.017873 0.003944 -2.088242 -1.896660 -0.037439 25.237706 306.482243 85.830663 6.672620 -41.066526 -70.961399 
-0.010557 0.038934 0.006834 -1.582179 1.744946 0.347658 25.389804 305.717573 84.426255 4.355224 -40.825003 -69.790354 
-0.019687 0.044951 0.016520 -1.310008 1.418542 0.511491 25.485688 304.885626 83.079410 6.155814 -40.752813 -69.881143 
-0.036050 0.056452 0.015927 -2.014103 0.858824 -0.189021 25.559949 304.060561 81.657963 3.241595 -41.449387 -68.750031 
-0.020683 0.039252 0.020701 0.580751 2.471542 0.222397 25.712007 303.171597 80.220415 4.948766 -40.581643 -70.847105 
-0.055826 0.083364 0.021657 -1.658282 -0.198454 -0.083107 25.802780 302.313895 78.812080 6.313147 -45.302402 -70.687991 
-0.058200 0.105381 0.022132 -1.608807 0.752134 0.381431 25.904385 301.409472 77.412217 5.860552 -46.421679 -71.706801 
-0.095830 0.102923 0.024853 -0.476926 -1.185018 0.079407 26.031242 300.446708 76.008286 4.580943 -47.583619 -69.766427 
-0.077728 0.146505 0.030054 -2.306538 0.895054 0.820808 26.103477 299.531969 74.593685 5.504979 -48.317644 -70.934035 
-0.085370 0.152471 0.037178 -1.961990 0.331105 -0.026658 26.172493 298.578093 73.163541 4.869415 -48.939690 -72.302289 
-0.086419 0.143949 0.048351 1.135062 1.992445 0.468491 26.303909 297.634081 71.771880 5.678234 -50.682893 -69.952029 
-0.122819 0.165555 0.060307 0.761856 0.443754 0.569367 26.438521 296.641753 70.341334 4.856946 -51.179100 -71.363893 
-0.122262 0.207977 0.074970 -0.599270 1.725329 0.633935 26.534519 295.574692 68.913990 7.506925 -51.609191 -72.658512 
-0.153629 0.262438 0.090365 -1.954599 0.252593 0.456904 26.604484 294.573881 67.460857 3.988809 -53.634512 -72.484705 
-0.165871 0.287863 0.104489 -2.472139 0.188322 0.686473 26.690492 293.497552 65.939453 3.815069 -53.478238 -73.419378 
-0.176873 0.313982 0.120713 -2.458742 0.145836 0.351651 26.780110 292.399208 64.520946 2.123571 -56.459440 -73.876540 
-0.203430 0.316580 0.129593 -0.792412 0.208928 0.989108 26.889715 291.283644 63.086384 5.408055 -55.569321 -73.405430 
-0.196986 0.362684 0.144999 -1.880792 2.784693 0.626782 27.025037 290.158346 61.580443 6.408512 -55.515514 -74.430529 
-0.225176 0.421227 0.162306 -2.977585 1.638766 1.205826 27.060549 288.975624 60.103472 4.356986 -57.083463 -71.995521 
-0.228222 0.436997 0.180217 -0.996471 3.721774 0.384120 27.155551 287.840236 58.636802 6.270686 -58.860847 -75.056951 
-0.231778 0.482497 0.189435 -1.690789 2.930899 0.599652 27.216213 286.633029 57.176713 3.651659 -61.454924 -70.991818 
-0.276534 0.540249 0.202168 -2.318955 1.496942 0.759180 27.362352 285.396169 55.725944 4.290628 -63.179278 -74.045725 
-0.315251 0.589393 0.213930 -3.079449 0.000085 0.728901 27.439905 284.106904 54.237958 5.301057 -65.404741 -75.755587 
-0.303826 0.605670 0.232250 -0.114579 2.850034 0.381374 27.537732 282.819451 52.714284 4.043173 -66.373701 -77.002208 
-0.333386 0.663451 0.246614 -1.162838 2.433209 0.595322 27.607069 281.486876 51.225742 0.937503 -68.251064 -76.073122 
-0.383318 0.710383 0.269302 -0.931677 0.572553 0.827259 27.618321 280.124507 49.713205 4.743384 -67.069056 -75.271261 
-0.349374 0.778343 0.281991 -2.009010 4.959612 0.912108 27.656446 278.809691 48.210068 5.701354 -69.041161 -76.838691 
-0.407659 0.826554 0.302929 -1.244299 1.447394 0.721089 27.728650 277.429664 46.699071 3.609110 -69.518792 -75.713472 
-0.428243 0.882749 0.319954 -1.348933 1.461891 0.859987 27.822680 276.027191 45.161421 3.371046 -71.576836 -75.969330 
-0.446680 0.959077 0.338074 -2.132022 2.771415 0.846167 27.867176 274.565430 43.607162 2.392806 -73.108351 -74.478468 
-0.467182 1.026168 0.355242 -2.242519 3.284818 0.445026 27.909314 273.066482 42.095606 1.345436 -73.938822 -77.711407 
-0.495771 1.102661 0.380447 -2.298746 4.035207 1.183073 27.957083 271.607436 40.618790 3.223104 -76.766651 -74.446362 
-0.508191 1.167776 0.393865 -2.093001 3.610490 0.884882 28.033998 270.072368 39.060982 4.922593 -75.786801 -75.974396 
-0.529185 1.184105 0.411953 1.386042 3.143747 0.921828 28.107371 268.527760 37.530622 2.609775 -75.953386 -78.201037 
-0.561298 1.275210 0.431908 -1.411197 3.123831 0.810233 28.170141 266.901410 35.940659 2.591818 -82.497076 -78.670616 
-0.572327 1.372467 0.454591 -2.595482 4.387508 1.266668 28.189734 265.262268 34.368105 3.244683 -79.559770 -77.166023 
-0.595970 1.458791 0.469280 -3.025263 4.985967 1.025407 28.292814 263.600587 32.811467 1.641401 -84.013023 -78.396272 
-0.659801 1.535463 0.485547 -2.834211 2.794945 0.892382 28.311969 261.950438 31.334805 3.209455 -85.354742 -78.661227 
-0.687751 1.581500 0.504202 -0.075686 3.073508 1.237084 28.325159 260.264274 29.746421 1.470055 -85.647437 -80.189486 
-0.675941 1.696002 0.525162 -1.532937 5.466855 0.832579 28.377836 258.500732 28.180539 0.972882 -85.540001 -79.314171 
-0.681638 1.777277 0.546239 -1.452715 6.476726 1.587063 28.426011 256.711661 26.593298 -0.251915 -90.390028 -79.593231 
-0.716204 1.861534 0.581122 -1.452225 5.765111 1.226523 28.422668 254.940255 24.964528 0.552031 -91.760132 -78.236469 
-0.774310 1.953394 0.597139 -1.231480 3.935692 1.278074 28.433937 253.067935 23.407510 0.020122 -95.786100 -79.417230 
-0.804690 2.056906 0.617438 -3.660668 4.030314 1.110844 28.442601 251.158005 21.822070 0.618444 -94.758510 -79.039901 
-0.831486 2.124722 0.641705 -1.696211 4.272547 1.090815 28.493166 249.237481 20.284606 0.479433 -95.748997 -79.242511 
-0.832902 2.194801 0.664608 0.342914 6.438251 1.173216 28.479656 247.310490 18.656177 0.383321 -98.312549 -79.817411 
-0.870528 2.360239 0.686839 -4.974565 5.252470 1.329553 28.450177 245.349733 17.086554 0.220682 -99.461919 -79.572629 
-0.896926 2.445279 0.702831 -2.352289 6.093875 0.762993 28.414512 243.379769 15.496975 -1.414887 -102.768915 -77.942579 
-0.945014 2.541262 0.732580 -2.177479 5.925216 1.600019 28.464719 241.309003 13.917788 2.012120 -106.490150 -80.426928 
-1.009881 2.643412 0.754790 -0.230915 3.761977 1.224987 28.500498 239.201638 12.329642 -1.547005 -104.285299 -80.953505 
-1.012155 2.753737 0.782942 -0.702261 5.821797 0.815238 28.457277 237.070717 10.730514 -1.352649 -110.422105 -79.433931 
-1.049499 2.890920 0.791854 -1.778616 5.197136 0.896866 28.389578 234.927388 9.119668 0.010676 -109.480981 -80.674458 
-1.034718 3.004973 0.809668 -0.990776 8.373645 0.825151 28.341586 232.658737 7.539353 -2.306492 -112.445998 -78.497034 
-1.107421 3.174901 0.832550 -4.088463 5.753751 1.240901 28.330437 230.396843 5.964382 -1.055876 -112.218355 -80.079446 
-1.188445 3.311412 0.864396 -4.511608 3.727795 1.688567 28.326344 228.122028 4.371454 -0.991728 -114.658678 -77.692194 
-1.219560 3.377948 0.896973 -0.602903 4.103624 1.452507 28.231638 225.797702 2.781744 -2.514770 -115.666274 -78.084163 
-1.178720 3.520237 0.923931 -0.879457 6.983293 1.271995 28.175765 223.439911 1.256203 -2.118830 -119.510265 -78.520301 
-1.195749 3.685724 0.934280 -2.740342 7.227921 1.163891 28.124134 221.029494 -0.327432 -2.758249 -120.940963 -80.489984 
-1.257016 3.885300 0.956707 -7.145476 6.497974 1.421424 28.083860 218.610082 -1.938420 -3.072512 -124.198093 -79.864503 
-1.335885 4.034793 0.973869 -6.864132 6.260039 1.830059 28.037393 216.118517 -3.544394 -3.403367 -125.125779 -80.869052 
-1.374182 4.210188 0.995144 -8.578176 6.458027 2.136762 27.953799 213.596527 -5.174769 -3.314691 -127.389829 -80.832705 
-1.448198 4.380698 1.015646 -9.276664 5.035939 2.644124 27.887959 211.024918 -6.747550 -3.600841 -129.606209 -79.868889 
-1.525353 4.550931 1.053130 -8.917524 3.553178 2.461083 27.801284 208.430269 -8.285470 -6.132865 -131.410982 -79.345393 
-1.547517 4.728521 1.072559 -9.330495 6.347386 2.876775 27.665606 205.772207 -9.898366 -6.248169 -134.802912 -76.929630 
-1.598940 4.924741 1.098869 -9.480109 5.221699 2.965507 27.567604 203.053615 -11.509965 -5.932829 -139.693869 -76.302962 
-1.638693 5.182131 1.122653 -13.174822 6.097954 3.445555 27.500836 200.241398 -13.034425 -5.400487 -141.481186 -77.836985 
-1.715882 5.452825 1.150922 -17.024395 7.140588 3.873305 27.313657 197.428391 -14.574329 -6.880918 -142.809550 -78.034962 
-1.828884 5.757864 1.180893 -22.131473 6.058303 4.882726 27.198056 194.541279 -16.121255 -6.212167 -143.578439 -75.307399 
-2.005798 6.014515 1.224625 -21.810496 2.938196 5.063250 27.049012 191.580662 -17.638900 -3.982614 -146.736896 -78.252642 
-2.074589 6.356775 1.231460 -26.620179 6.986280 5.669361 26.927186 188.582637 -19.212250 -4.758259 -151.404596 -77.397916 
-2.208930 6.818208 1.254017 -36.656837 4.801222 8.205926 26.802192 185.579751 -20.739987 -7.966788 -151.526993 -75.279401 
-2.400407 7.306383 1.290018 -44.741103 1.625478 10.320220 26.635928 182.497280 -22.258599 -8.098486 -156.953789 -74.786137 
-2.633312 7.773772 1.331704 -51.955332 -1.322629 12.189216 26.484193 179.321803 -23.801621 -8.621277 -159.918141 -75.091475 
-2.782594 8.306880 1.354915 -61.037798 -2.707065 14.178414 26.281276 176.050244 -25.325217 -10.245252 -162.470547 -76.104073 
-2.928777 8.865832 1.378712 -70.312208 -5.167819 17.496211 26.085721 172.757026 -26.759736 -9.348034 -166.471452 -73.310879 
-3.117254 9.452736 1.418157 -78.154820 -7.162532 19.701535 25.850595 169.449981 -28.279579 -11.913134 -169.733714 -74.520914 
-3.182001 9.953092 1.429655 -79.165825 -2.792963 19.773013 25.646701 166.012950 -29.744649 -11.128435 -173.199434 -74.512755 
-3.194281 10.368197 1.442465 -77.396384 -2.815040 19.723247 25.374829 162.533890 -31.168721 -12.209845 -175.178192 -71.767831 
-3.099421 10.707267 1.419479 -75.074919 -0.849555 19.056512 25.103017 158.921678 -32.598728 -15.752861 -179.091976 -70.441887 
-2.926844 10.966465 1.378374 -70.184737 1.616672 18.338407 24.786642 155.311038 -33.982325 -14.090693 -184.725124 -69.192920 
-2.759162 11.171941 1.351753 -63.641351 1.730448 16.607388 24.447498 151.595855 -35.331246 -14.222668 -187.949207 -68.471422 
-2.562949 11.365661 1.306922 -55.568094 4.956838 14.496545 24.162731 147.778362 -36.724056 -15.679692 -191.616754 -64.386478 
-2.465614 11.473081 1.288789 -44.580366 8.564465 11.325175 23.834803 143.896278 -38.018149 -17.075118 -197.110631 -65.902615 
-2.358017 11.634126 1.259999 -43.233422 12.253114 11.238132 23.450353 139.906905 -39.293073 -16.341068 -200.382301 -65.889782 
-2.261976 11.688332 1.235317 -36.055719 13.850163 8.828168 23.087706 135.871054 -40.610771 -17.769483 -204.944174 -61.666557 
-2.179063 11.744550 1.211740 -31.244100 15.129651 7.535003 22.721873 131.717914 -41.818495 -22.402835 -210.000779 -58.809945 
-2.109075 11.810669 1.183478 -25.122811 14.160669 5.712521 22.309161 127.446801 -42.956182 -20.519378 -215.351377 -58.234154 
-2.134184 11.883242 1.184105 -21.060461 10.509878 4.575193 21.833377 123.044200 -44.096401 -23.311011 -220.514447 -55.095390 
-2.115481 11.845196 1.165155 -8.399772 11.037146 1.240175 21.327530 118.520961 -45.102074 -24.762208 -225.930087 -49.799919 
-2.099435 11.856735 1.142505 2.381074 11.961283 -2.149274 20.792261 113.968799 -46.155848 -26.554440 -233.085685 -48.676281 
-1.973845 11.889328 1.086763 13.487265 18.988296 -5.678117 20.312774 109.285031 -47.087183 -30.532516 -237.288941 -42.647354 
-1.867646 12.147078 1.019566 11.965079 24.174275 -5.870819 19.700739 104.473926 -47.932809 -30.179582 -241.620245 -40.290846 
-1.873067 12.510149 0.961022 6.427376 24.294122 -4.483831 19.037987 99.571559 -48.684959 -33.198015 -249.053125 -34.627715 
-2.030454 12.845200 0.966982 1.013431 17.384547 -2.689623 18.396404 94.537592 -49.350324 -35.806575 -252.897413 -29.406302 
-2.111734 13.172075 0.929531 -4.290131 17.136415 -2.396611 17.710906 89.407081 -49.899316 -36.518581 -262.024428 -26.368086 
-2.245179 13.456879 0.904329 -5.821543 13.245268 -1.953147 16.921010 84.071161 -50.334232 -40.455243 -269.716706 -19.848180 
-2.274250 13.636101 0.829903 1.156155 16.033289 -4.569815 16.131078 78.633966 -50.623957 -42.431025 -277.760438 -9.598049 
-2.170691 13.798919 0.716341 10.538394 22.517896 -8.515743 15.238242 73.077429 -50.809257 -44.934799 -283.164920 -3.082177 
-2.046247 14.133142 0.555956 9.991937 25.938408 -8.648033 14.269370 67.423381 -50.804700 -48.044410 -285.236179 5.911724 
-1.978347 14.539918 0.403823 6.220650 25.306527 -8.691477 13.293283 61.667326 -50.543628 -51.350767 -292.890046 15.031055 
-1.980452 15.034394 0.262786 -1.327649 20.276709 -8.060145 12.219100 55.772440 -50.140545 -56.313393 -299.502051 26.270421 
-2.029808 15.461417 0.088350 -3.763263 16.718978 -8.534193 11.020084 49.738170 -49.439892 -57.559423 -305.195750 38.270377 
-1.996870 15.942651 -0.121845 -11.602100 17.574103 -8.267472 9.804096 43.567930 -48.512248 -63.102132 -314.201104 53.962470 
-1.948454 16.358500 -0.370431 -11.785675 18.724703 -9.943819 8.489155 37.224946 -47.356416 -67.811850 -317.422794 71.039720 
-1.927182 16.808311 -0.654925 -13.096830 19.330903 -11.731215 7.103380 30.845387 -45.733877 -71.909911 -320.207332 87.281724 
-1.858324 17.165953 -0.986839 -7.660320 24.120994 -14.993527 5.661426 24.374194 -43.739829 -74.022695 -321.379980 108.732811 
-1.760714 17.508401 -1.375412 -2.232837 27.086981 -18.962855 4.096587 17.916925 -41.300348 -76.478433 -320.764260 131.716325 
-1.658587 17.969631 -1.826014 -4.597765 28.326853 -21.006737 2.492239 11.445214 -38.386542 -77.464135 -321.823141 159.383205 
-1.587935 18.369357 -2.298712 -4.519488 27.123053 -24.180297 0.916265 5.025664 -34.946949 -80.841138 -316.960714 189.486541 
-1.555815 18.723363 -2.828143 -2.746525 23.965798 -25.953077 -0.614136 -1.273028 -30.835762 -79.707664 -311.805055 217.986644 
-1.499648 18.977774 -3.389164 0.935646 20.618771 -27.940865 -2.233433 -7.333960 -26.112963 -78.200929 -297.036213 252.653474 
-1.433251 19.238517 -3.954378 4.237950 13.388709 -28.418066 -3.731419 -13.121505 -20.721846 -71.131209 -278.048838 283.672019 
-1.412223 19.536413 -4.505676 2.575483 5.163815 -27.864883 -5.097635 -18.392939 -14.788690 -60.606102 -251.413373 310.314970 
-1.365102 19.819399 -5.040525 -5.607230 1.322803 -25.313743 -6.185101 -23.136204 -8.435750 -49.859081 -219.483544 322.690948 
-1.288438 20.081421 -5.577577 -14.445178 -0.208867 -23.471745 -7.066512 -27.266343 -1.927837 -37.369167 -193.054743 325.673136 
-1.296757 20.269841 -6.081919 -17.694818 -0.744251 -21.478397 -7.712546 -30.868133 4.520022 -27.699370 -166.518003 313.769918 
-1.362683 20.430474 -6.549833 -19.174254 -2.103714 -20.552780 -8.143059 -33.997488 10.730962 -19.492788 -148.079904 303.852756 
-1.421475 20.432055 -6.997611 -14.966318 -3.278040 -20.512962 -8.442320 -36.767465 16.662361 -13.960099 -126.457495 289.601301 
-1.337683 20.409320 -7.459211 -11.919710 1.005470 -19.733111 -8.623504 -39.203603 22.302625 -9.815347 -115.593815 275.465026 
-1.314400 20.427283 -7.894760 -13.937826 0.266805 -18.746630 -8.833667 -41.312516 27.666331 -7.556883 -103.779050 258.503170 
-1.412415 20.387946 -8.272106 -15.666715 -3.169923 -17.652016 -8.942638 -43.240609 32.777815 -6.227652 -94.677293 247.355590 
-1.550023 20.272966 -8.655678 -16.568325 -7.361676 -17.169807 -9.008683 -45.027964 37.587688 -0.874276 -86.074882 235.372268 
-1.608419 20.103310 -8.998922 -16.820625 -9.031253 -15.191181 -9.062611 -46.696048 42.187287 -1.774161 -77.587385 225.227638 
-1.601406 19.882309 -9.318157 -12.928654 -4.235417 -13.957676 -9.112100 -48.244442 46.562003 1.665142 -73.915299 214.555035 
-1.711964 19.698444 -9.596916 -13.229786 -6.185413 -12.588490 -9.059749 -49.629103 50.768571 1.533870 -67.552505 203.044741 
-1.824054 19.410904 -9.839254 -7.055052 -7.374883 -11.353448 -8.945947 -50.953790 54.731571 3.346488 -62.440422 193.553618 
-1.804238 19.132432 -10.072408 0.360492 -3.430548 -9.976749 -8.930655 -52.149002 58.553902 2.038726 -62.268307 185.179221 
-1.765663 19.032357 -10.269449 0.721756 2.772810 -8.979606 -8.883511 -53.360194 62.174538 4.632738 -56.484286 177.224238 
-1.831315 19.083318 -10.437636 -3.148317 4.497790 -8.007984 -8.805219 -54.430759 65.630986 2.782208 -51.104508 168.436928 
-1.978051 19.192825 -10.586689 -8.366276 3.504058 -7.979423 -8.686742 -55.469173 68.915762 5.385513 -47.389843 161.976347 
-2.183863 19.326951 -10.750735 -12.855944 0.175488 -7.886825 -8.587427 -56.415104 72.080248 6.472620 -45.848272 155.088028 
-2.286295 19.383529 -10.905166 -12.265996 2.931725 -8.431270 -8.499238 -57.264544 75.108183 5.288509 -42.033854 148.649148 
-2.368434 19.359374 -11.069003 -8.008805 3.373313 -8.867707 -8.428898 -58.077206 78.014350 3.624019 -40.757085 142.327651 
-2.452884 19.382496 -11.225330 -6.507262 -0.229322 -8.334551 -8.316845 -58.880300 80.827319 5.881054 -36.075099 138.184013 
-2.352798 19.469584 -11.379796 -9.207338 5.618502 -9.076771 -8.137012 -59.625152 83.489227 6.448765 -35.604455 129.661676 
-2.385723 19.554075 -11.536915 -11.438353 6.104688 -8.815104 -7.948037 -60.238438 86.058364 6.583045 -31.118427 124.889756 
-2.456507 19.607175 -11.693708 -13.009113 4.083960 -8.771453 -7.801684 -60.855757 88.509359 6.983592 -27.419182 120.846922 
-2.551669 19.667708 -11.843527 -14.530812 -0.575412 -8.563352 -7.657454 -61.344383 90.856217 9.019414 -27.683966 117.208618 
-2.565970 19.661834 -11.982594 -11.778647 2.332531 -7.831167 -7.590566 -61.856348 93.114344 5.848711 -26.305516 110.230211 
-2.668396 19.580587 -12.114612 -4.921405 1.729941 -7.486153 -7.459630 -62.351317 95.310496 8.251380 -22.395214 106.918218 
-2.703755 19.614470 -12.239602 -6.934648 2.553300 -6.498488 -7.327102 -62.822830 97.419425 8.160223 -20.280189 105.221751 
-2.705709 19.617791 -12.357112 -7.246159 4.956424 -6.360379 -7.131697 -63.165040 99.384980 8.977840 -16.741480 97.962081 
-2.767294 19.683296 -12.472409 -9.749055 4.625715 -6.618594 -6.966443 -63.519337 101.286909 6.515579 -14.918893 91.116194 
-2.868938 19.758857 -12.577555 -11.843134 1.844592 -6.181245 -6.777608 -63.773278 103.107723 7.376243 -13.216017 89.649984 
-2.986908 19.815230 -12.681628 -14.199041 0.575975 -6.161671 -6.666550 -64.045083 104.897243 7.814525 -9.775876 87.636404 
-3.174642 19.760285 -12.778133 -12.463507 -4.334617 -5.591168 -6.554530 -64.229689 106.574199 7.576972 -10.986046 81.073504 
-3.281391 19.627353 -12.866760 -7.719414 -5.501787 -4.767631 -6.350689 -64.441414 108.167528 7.508622 -5.830394 77.995021 
-3.215188 19.506621 -12.915971 -3.550543 1.530781 -4.182382 -6.202685 -64.513603 109.698475 8.073413 -6.246006 74.630047 
-3.358533 19.621181 -13.016387 -12.960984 -6.555599 -5.115226 -6.042060 -64.598661 111.139852 7.820591 -2.896897 72.010201 
