# MW x(kpc), MW y(kpc), MW z(kpc), MW vx(km/s), MW vy(km/s), MW vz(km/s) LMC x(kpc), LMC y(kpc), LMC z(kpc), LMC vx(km/s), LMC vy(km/s), LMC vz(km/s) 
-4.394495 2.050076 1.557547 -1.393459 3.003086 1.571048 24.995683 307.992801 88.601004 6.029992 -37.383280 -68.302015 
-4.498249 2.139449 1.590174 -4.929908 -0.114954 1.675353 25.126794 307.248808 87.208686 8.754074 -39.616426 -69.849386 
-4.530416 2.164770 1.623182 -3.264580 2.505955 1.860335 25.238218 306.482691 85.829069 6.670845 -41.133119 -70.934605 
-4.556437 2.218560 1.667469 -2.657470 4.996190 1.975829 25.388839 305.717170 84.427672 4.168981 -40.746203 -70.020962 
-4.641955 2.269363 1.713797 -2.730307 4.125863 2.138345 25.483327 304.888165 83.082798 5.990958 -40.654541 -70.058993 
-4.749385 2.362184 1.756250 -5.239501 0.775471 1.893235 25.557922 304.062532 81.658737 3.059384 -41.358930 -68.901189 
-4.795524 2.412805 1.795495 -5.094012 3.266921 2.008066 25.706251 303.173550 80.218636 4.735166 -40.514751 -70.619033 
-4.880910 2.424840 1.834484 -2.273178 1.739533 1.780064 25.792784 302.313759 78.811855 6.107990 -45.341240 -70.489009 
-4.946046 2.509038 1.885705 -4.344095 3.053667 1.898213 25.896959 301.410854 77.410420 5.655314 -46.533000 -71.509626 
-5.020673 2.546885 1.921014 -2.557434 2.711766 2.507433 26.018676 300.453267 76.005193 4.235593 -47.114425 -69.717626 
-5.074381 2.607132 1.971307 -2.253807 3.000770 2.222676 26.086825 299.535937 74.593245 5.340900 -48.148771 -70.777181 
-5.097100 2.680135 2.015319 -3.417819 5.669532 2.480657 26.151177 298.586223 73.160379 4.336095 -48.812516 -71.878033 
-5.223583 2.751519 2.068557 -4.225861 1.648736 2.480386 26.279676 297.646193 71.767259 4.611586 -50.303958 -70.135533 
-5.277532 2.814822 2.119846 -3.910357 2.837212 2.556411 26.412434 296.652454 70.338025 4.467336 -50.965682 -71.328686 
-5.329190 2.875073 2.172299 -3.217744 4.350850 2.422282 26.497818 295.593939 68.908550 6.828041 -51.529328 -72.373850 
-5.428068 2.971457 2.216341 -5.300270 3.287027 2.742422 26.567521 294.595596 67.454361 3.812640 -53.831187 -72.089827 
-5.548746 3.008894 2.264523 -2.833181 -0.316829 2.373756 26.638387 293.525781 65.935876 3.480349 -52.872371 -72.916138 
-5.529986 3.068015 2.315981 -1.175400 5.242555 2.394463 26.730571 292.437058 64.516857 1.853594 -56.148572 -73.862314 
-5.603217 3.151188 2.366017 -1.652545 5.419314 2.181513 26.830422 291.332531 63.083255 5.156932 -54.649986 -73.298867 
-5.687458 3.227493 2.410993 -2.212197 4.658242 2.678783 26.960151 290.225735 61.578682 5.209662 -54.851599 -74.234268 
-5.763959 3.349235 2.467051 -4.649971 3.502527 2.240554 26.977076 289.064666 60.098433 3.574876 -56.651101 -72.051136 
-5.803975 3.383732 2.512220 -2.209789 6.261506 2.888728 27.052170 287.958960 58.624474 5.411113 -56.940083 -75.212723 
-5.922792 3.515205 2.569836 -6.196315 3.222063 2.746935 27.112358 286.781059 57.162535 3.512528 -60.682285 -71.817178 
-5.968478 3.575673 2.622739 -3.579858 4.749393 2.937805 27.253331 285.542605 55.706410 3.275370 -63.728048 -74.137450 
-6.076510 3.705938 2.686713 -5.929353 2.327879 3.449058 27.315687 284.257492 54.211977 2.888269 -65.242216 -75.712005 
-6.119313 3.744741 2.749822 -3.022533 5.517602 2.932111 27.409586 282.961288 52.694073 2.064806 -66.720540 -77.296987 
-6.238000 3.817843 2.801559 -0.615224 1.709267 3.020660 27.462001 281.609925 51.186149 0.585972 -68.852748 -74.482946 
-6.274339 3.901956 2.873232 -0.262453 4.301583 2.912803 27.462406 280.247144 49.665347 2.722194 -68.330365 -74.744682 
-6.332275 4.015792 2.938643 -2.066381 5.440597 3.570134 27.473601 278.919140 48.166892 3.907646 -69.893164 -76.441728 
-6.445621 4.113019 3.004968 -1.877875 1.513221 3.429813 27.533217 277.550659 46.654457 3.189214 -69.481731 -77.355813 
-6.470584 4.278294 3.069610 -5.696185 5.819312 3.262454 27.606969 276.134262 45.118345 2.236554 -71.696092 -77.112029 
-6.530721 4.361815 3.139589 -4.000418 7.262334 3.734512 27.641572 274.680392 43.553427 1.189162 -72.920622 -75.769821 
-6.652190 4.470706 3.210689 -3.413274 3.816456 2.966775 27.676243 273.183835 42.036539 0.523480 -74.548613 -77.504424 
-6.672098 4.587296 3.280448 -3.768233 6.717045 3.796552 27.698265 271.698811 40.532009 2.853821 -76.372399 -75.649964 
-6.756866 4.723636 3.350135 -5.033576 5.975064 3.697124 27.763114 270.172622 38.960842 5.085640 -76.870406 -76.626160 
-6.838642 4.809261 3.420783 -2.509887 5.969729 3.580407 27.815613 268.610096 37.434106 0.840730 -76.495672 -79.366466 
-6.887216 4.967358 3.487360 -4.922183 7.467603 3.585833 27.824276 266.994912 35.834689 2.125761 -82.453423 -78.755959 
-6.989371 5.119824 3.558453 -6.379382 4.860152 3.541557 27.836347 265.344307 34.275458 1.575175 -80.423695 -78.119655 
-7.060591 5.182033 3.629094 -1.608044 4.794075 3.443851 27.935691 263.662679 32.693323 1.842323 -86.078349 -76.630206 
-7.086890 5.338464 3.693307 -4.148380 8.117980 3.580037 27.908947 261.989166 31.206650 1.177238 -85.463763 -78.610870 
-7.182038 5.436749 3.771044 -1.048017 6.422454 3.469720 27.894393 260.304238 29.613636 0.160559 -85.599284 -79.837806 
-7.267174 5.591033 3.848980 -3.317238 5.386582 3.984495 27.920948 258.539703 28.067471 -0.088395 -87.457023 -77.824987 
-7.311683 5.692283 3.921353 -0.730150 8.266325 3.441182 27.932953 256.767844 26.470633 -2.050541 -90.486500 -79.871336 
-7.430078 5.845570 3.998735 -2.184315 4.883366 3.856889 27.921054 254.973264 24.824665 -1.084890 -91.413731 -78.230619 
-7.477267 5.978515 4.072186 -2.123920 7.124326 3.453100 27.908933 253.093467 23.265894 -2.400975 -94.208554 -78.957358 
-7.563804 6.156040 4.143731 -4.671275 5.855967 3.751764 27.904331 251.192581 21.693752 -2.441173 -94.477478 -79.752485 
-7.602367 6.274402 4.212256 -2.303765 8.409088 3.917866 27.898772 249.273564 20.137437 -0.424914 -96.915149 -79.240912 
-7.718382 6.419439 4.287996 -2.349003 4.424968 3.543412 27.844157 247.336618 18.526390 -0.094299 -100.128331 -80.504082 
-7.710819 6.601866 4.370480 -3.654076 10.242361 3.955882 27.794912 245.332063 16.941270 -1.910818 -99.004725 -79.420331 
-7.800078 6.769970 4.452473 -5.059663 8.856020 4.387002 27.752038 243.369835 15.376436 -1.460465 -103.919695 -79.027654 
-7.894697 6.921218 4.545704 -2.701551 7.099631 4.221558 27.746721 241.293001 13.777033 -0.947151 -105.589502 -80.375143 
-7.932666 7.062459 4.628273 -2.601432 9.625427 4.466058 27.732633 239.168838 12.224270 -2.251855 -106.392081 -78.934682 
-8.025806 7.194624 4.718881 -1.206448 7.389045 4.593700 27.665433 237.024758 10.586582 -3.461830 -110.456260 -78.685161 
-8.093202 7.392065 4.809099 -2.959984 8.344558 4.869332 27.551391 234.869845 8.989077 -4.577200 -111.137089 -79.829599 
-8.123695 7.573652 4.900129 -4.195097 10.406378 4.272865 27.479010 232.610266 7.412104 -5.417223 -113.757553 -79.362333 
-8.168117 7.750995 4.989218 -3.287108 12.530354 4.410004 27.397761 230.301311 5.867632 -1.949204 -111.306041 -80.015707 
-8.286676 7.924232 5.074043 -3.740018 9.013194 4.606221 27.352263 228.008220 4.258857 -6.481698 -114.712801 -78.379149 
-8.333864 8.123661 5.170675 -4.519481 11.565646 5.050294 27.216019 225.672891 2.664427 -5.958922 -117.187762 -78.196821 
-8.431368 8.349854 5.259492 -6.683877 9.936280 4.379434 27.107185 223.294165 1.150292 -5.035241 -118.506585 -77.698007 
-8.491854 8.509021 5.357709 -4.348391 11.132415 4.812666 27.038644 220.894515 -0.443480 -4.601516 -119.860555 -78.125566 
-8.596801 8.688705 5.460364 -3.755749 8.623051 5.253653 26.925239 218.474354 -2.024908 -3.875955 -123.310125 -78.990319 
-8.682757 8.858988 5.551779 -1.840192 7.358266 4.426122 26.848547 215.952552 -3.639032 -5.572906 -126.127721 -78.913187 
-8.718203 9.046551 5.649083 -2.015698 9.808824 4.895463 26.700264 213.412755 -5.253475 -7.905014 -130.060381 -80.867046 
-8.792263 9.265114 5.744250 -3.119765 9.790967 4.579367 26.581152 210.812973 -6.787756 -4.912548 -129.432045 -80.263717 
-8.854620 9.471741 5.827327 -2.899870 11.095593 4.611447 26.471148 208.199134 -8.362262 -6.099571 -133.246581 -80.463721 
-8.901893 9.735133 5.922627 -6.741021 11.281509 4.725312 26.246565 205.492517 -9.946756 -8.462307 -137.516251 -78.524698 
-8.961873 9.873420 6.014399 -0.017340 12.008804 4.533108 26.096881 202.719959 -11.504052 -7.312813 -139.736937 -77.133178 
-9.044471 10.145329 6.105360 -3.990345 11.285136 4.789291 25.936771 199.901346 -13.025797 -8.305248 -140.164212 -76.070573 
-9.120754 10.379803 6.201678 -5.729982 10.265609 4.362369 25.737100 196.988241 -14.609217 -9.012904 -143.700851 -75.511694 
-9.166103 10.584219 6.282340 -2.594357 12.363134 4.349397 25.512158 194.115390 -16.133855 -10.076375 -145.613416 -74.992816 
-9.193975 10.831614 6.367173 -3.591456 14.384261 3.956523 25.325303 191.153803 -17.620242 -9.361868 -148.442687 -75.557077 
-9.296143 11.075082 6.460657 -4.030294 11.837692 4.168236 25.133431 188.131454 -19.206374 -11.250311 -152.572917 -76.522791 
-9.365770 11.310698 6.544401 -3.092717 11.772159 4.152880 24.902523 185.092331 -20.674851 -13.606871 -155.172332 -77.207855 
-9.419323 11.583241 6.622926 -5.118653 12.194143 4.082009 24.683621 181.982513 -22.219531 -10.596221 -158.291572 -74.653204 
-9.446283 11.796526 6.712376 -1.774116 14.380717 4.151126 24.415450 178.712484 -23.761287 -11.862566 -158.764518 -74.860693 
-9.512540 12.033062 6.785826 -0.278826 14.224983 3.952191 24.185438 175.444497 -25.219530 -14.626245 -164.224671 -74.322505 
-9.548655 12.330613 6.872259 -3.001422 15.836652 4.280351 23.902303 172.136540 -26.615030 -12.784661 -166.658308 -73.435166 
-9.615770 12.581029 6.947071 -1.520108 14.589546 3.602353 23.579439 168.772553 -28.121335 -15.418131 -171.695126 -72.934198 
-9.696291 12.874773 7.021700 -2.209053 13.700901 3.840834 23.345110 165.350934 -29.597082 -14.183913 -173.922850 -71.856773 
-9.726927 13.174416 7.107057 -4.022324 15.667379 3.528706 22.951543 161.772750 -30.975031 -17.525086 -177.656109 -71.174445 
-9.805916 13.461944 7.169750 -3.499311 14.661049 3.370260 22.625765 158.168623 -32.391952 -20.146615 -183.701634 -65.878645 
-9.863500 13.797008 7.246215 -5.498172 15.996367 3.799056 22.222823 154.494733 -33.732801 -16.714075 -188.932425 -67.976835 
-9.927707 14.047183 7.317679 -2.687936 15.552663 3.358424 21.826552 150.789957 -35.089961 -19.631471 -189.332110 -67.586032 
-9.973385 14.353191 7.394189 -2.362740 16.247245 3.692191 21.417888 146.949279 -36.395235 -20.828551 -189.728212 -64.893574 
-10.023550 14.673768 7.460097 -2.484083 16.550450 3.094006 21.030779 143.050498 -37.636479 -23.611075 -198.452439 -63.744929 
-10.081723 14.992197 7.522476 -2.695189 16.379502 3.035042 20.526055 139.020592 -38.947721 -21.612197 -201.211110 -65.444110 
-10.142201 15.361307 7.585395 -4.533809 15.154537 3.030224 20.050051 134.966277 -40.183775 -23.044406 -206.352303 -59.317052 
-10.153338 15.647181 7.647615 -1.866167 17.335873 2.771531 19.598460 130.789657 -41.390215 -26.856433 -211.865258 -57.535570 
-10.181773 15.983873 7.702643 -1.019283 18.586362 2.406345 19.132800 126.503607 -42.490323 -26.946764 -216.214061 -58.451551 
-10.294866 16.340005 7.742455 -2.479471 14.856508 2.231312 18.577089 122.123043 -43.561652 -28.753605 -223.582545 -52.203928 
-10.284680 16.658737 7.796400 -0.585626 18.677497 2.522208 17.963113 117.521952 -44.598629 -27.212279 -227.205256 -51.576140 
-10.332346 16.996971 7.848505 -0.496736 18.361591 2.121772 17.382679 112.953173 -45.632948 -31.735506 -230.401900 -48.949411 
-10.366071 17.346804 7.880354 0.104749 18.797826 1.425396 16.764851 108.301271 -46.576239 -33.998122 -236.539459 -44.132634 
-10.407869 17.718838 7.905368 0.199496 17.297395 1.185639 16.110560 103.500262 -47.410226 -34.943140 -241.627361 -39.963290 
-10.429772 18.097407 7.916567 0.336732 18.882758 0.696133 15.433076 98.573315 -48.122332 -37.178907 -248.591902 -36.436883 
-10.446395 18.500326 7.930628 -1.674943 18.858092 0.734772 14.605331 93.532991 -48.784638 -38.257460 -253.147992 -31.025271 
-10.461195 18.896390 7.938095 -1.042772 20.049371 -0.056155 13.877662 88.396023 -49.405697 -40.029783 -261.790550 -26.159616 
-10.484731 19.309053 7.926286 -1.797752 20.262134 -0.771846 13.085747 83.062051 -49.835957 -41.537324 -268.130235 -18.427728 
-10.519693 19.723880 7.901585 -0.496165 19.415654 -1.484326 12.216005 77.604318 -50.179732 -43.307698 -276.337558 -14.113330 
-10.519582 20.131080 7.861451 0.591147 21.073351 -2.070629 11.247450 72.024962 -50.383247 -44.701458 -280.330195 -3.183368 
-10.505793 20.570677 7.808851 -0.264231 22.390896 -2.856274 10.250343 66.384176 -50.370388 -52.407613 -288.966301 4.804769 
-10.520993 21.013753 7.742319 0.770388 22.415661 -3.993811 9.164752 60.608545 -50.226050 -54.896248 -295.808724 12.534507 
-10.519175 21.488048 7.647386 -1.034961 22.279209 -5.102450 8.022383 54.681313 -49.843920 -58.636314 -299.109925 23.209720 
-10.515795 21.912084 7.531662 1.781025 22.873263 -6.222253 6.821705 48.595612 -49.302423 -61.221626 -308.783744 35.166994 
-10.508341 22.412850 7.386731 0.139605 23.493509 -7.655962 5.518576 42.407158 -48.410010 -66.672704 -312.575897 48.540706 
-10.461692 22.860796 7.220089 3.446639 24.542308 -8.967948 4.132929 36.092318 -47.273501 -69.003591 -315.433893 63.620539 
-10.438890 23.363492 7.023660 1.414386 24.360843 -10.804085 2.649726 29.731170 -45.820705 -77.437013 -319.737707 82.268612 
-10.435517 23.805111 6.790009 3.629217 22.849103 -12.636488 1.103609 23.321065 -43.951112 -77.632606 -317.813514 101.648477 
-10.369831 24.298455 6.518823 3.322043 23.315779 -14.267584 -0.585217 16.958152 -41.726508 -83.026266 -316.546500 122.980891 
-10.340595 24.793875 6.202890 2.402229 20.672186 -16.780805 -2.248157 10.703885 -39.052651 -84.517942 -310.309834 142.733139 
-10.304844 25.207689 5.850160 5.036465 19.766558 -18.357376 -3.959331 4.631867 -35.992163 -87.790854 -301.650013 164.098643 
-10.243895 25.637767 5.459978 4.017364 19.052531 -20.085924 -5.779849 -1.297561 -32.503085 -92.559238 -290.312370 182.768300 
-10.180382 26.005637 5.047452 5.510253 16.989089 -21.736442 -7.615857 -6.943001 -28.661120 -94.273821 -276.083643 200.908585 
-10.061112 26.446384 4.606086 1.740303 18.482528 -22.612010 -9.534220 -12.250592 -24.510293 -94.219327 -257.395701 213.748681 
-9.990216 26.753119 4.142593 3.316136 16.688435 -23.769254 -11.486656 -17.232119 -20.141984 -95.272752 -237.078571 227.205038 
-9.936593 27.084291 3.653890 1.789495 14.140860 -24.496270 -13.334435 -21.855721 -15.461099 -93.676655 -220.086290 233.749498 
-9.877284 27.350177 3.171713 2.374607 11.581375 -24.168114 -15.173962 -26.043929 -10.668500 -92.841955 -200.329392 243.188864 
-9.790330 27.584061 2.685693 2.740249 11.694985 -24.300968 -17.042266 -29.904355 -5.842997 -90.363484 -183.493359 242.974875 
-9.741296 27.776747 2.205534 3.515732 10.049701 -23.574517 -18.810811 -33.392990 -1.011215 -88.061762 -165.460978 243.742360 
-9.674714 27.948333 1.736906 3.144964 9.675042 -23.243968 -20.540378 -36.586040 3.858927 -85.244135 -150.297032 244.082224 
-9.645087 28.128272 1.279447 1.414907 6.681000 -22.599128 -22.198960 -39.448157 8.748323 -81.374006 -137.543462 241.167308 
-9.599499 28.262199 0.841765 -0.254312 6.351347 -21.170182 -23.786358 -42.052965 13.571000 -79.755881 -124.360264 239.604487 
-9.573563 28.371465 0.423728 0.615723 5.460546 -20.471062 -25.388965 -44.350727 18.345129 -74.857006 -110.389230 236.715644 
-9.555518 28.471403 0.023841 0.442496 3.992753 -19.313807 -26.901103 -46.493180 23.018107 -75.229850 -100.059587 233.525423 
-9.566596 28.522954 -0.356190 1.398544 2.546891 -18.281769 -28.344538 -48.367223 27.617937 -70.151866 -90.730946 228.080066 
-9.531884 28.591160 -0.715672 1.464218 3.326571 -17.103565 -29.805497 -50.134821 32.193447 -67.584842 -80.849133 224.030488 
-9.510818 28.661372 -1.051286 0.629538 4.257779 -16.693503 -31.083805 -51.627586 36.632645 -66.764332 -71.816889 218.273334 
-9.490749 28.740906 -1.375109 -1.439705 4.701226 -15.790749 -32.431775 -53.030315 40.966397 -63.689346 -64.845267 214.287414 
-9.521412 28.796166 -1.675110 -1.010517 2.526210 -14.586586 -33.702614 -54.230254 45.178483 -62.681983 -57.176467 209.587325 
-9.552934 28.873783 -1.962349 -3.270894 1.362050 -13.973944 -34.933091 -55.375153 49.388589 -60.299651 -50.065095 206.615683 
-9.597183 28.887080 -2.228491 -0.437295 0.327378 -13.183080 -36.119758 -56.280805 53.482359 -58.516224 -45.560873 200.463277 
-9.624930 28.899652 -2.483354 0.610195 -0.184736 -11.961685 -37.230091 -57.126844 57.497167 -55.781961 -38.186403 198.880659 
-9.638480 28.934669 -2.717623 1.258587 0.557124 -11.271949 -38.335816 -57.777477 61.358742 -54.627020 -33.052833 192.786390 
-9.639483 28.969725 -2.938466 1.124375 3.200682 -10.767776 -39.423330 -58.452281 65.159859 -53.373167 -29.493928 188.203414 
-9.668027 29.040953 -3.148352 -1.598985 3.928404 -10.711866 -40.430824 -59.020761 68.859375 -51.519660 -24.829891 182.899445 
-9.729749 29.089843 -3.352322 -1.853778 3.584914 -9.821585 -41.456225 -59.388876 72.521705 -48.408303 -17.246459 180.273004 
-9.824609 29.141255 -3.544767 -3.575600 0.506465 -9.422958 -42.419194 -59.754764 76.072561 -46.818250 -15.687604 176.310300 
-9.899095 29.174997 -3.718940 -3.091574 -0.546194 -9.116033 -43.342573 -59.941338 79.521163 -44.679839 -8.758531 170.667135 
-9.961458 29.166923 -3.883539 -0.179404 -0.267876 -8.323168 -44.212274 -60.134488 82.926791 -45.006671 -6.636059 170.326960 
-9.994577 29.200095 -4.037162 -0.332108 1.996959 -7.558704 -45.075649 -60.241572 86.288553 -42.996928 -3.709634 162.161547 
-10.057737 29.222058 -4.184082 1.832950 2.460511 -7.457685 -45.923373 -60.260009 89.533774 -42.260844 1.654701 159.523214 
-10.086460 29.284711 -4.319758 -0.770661 4.730775 -6.669732 -46.733368 -60.219704 92.616985 -38.715604 5.170140 154.747833 
-10.117729 29.387845 -4.438788 -4.874402 5.941585 -6.807706 -47.508134 -60.112919 95.570535 -37.382689 5.569030 150.935985 
-10.227305 29.478458 -4.562833 -7.522397 3.455458 -5.910127 -48.308301 -59.980537 98.610700 -35.682538 6.204718 148.723311 
-10.365426 29.537057 -4.667262 -7.991025 0.366788 -5.890181 -49.031234 -59.768501 101.544886 -36.539007 13.093442 144.446750 
-10.490011 29.540442 -4.775742 -7.194212 -0.811424 -5.376384 -49.784529 -59.503894 104.481026 -33.327905 16.228950 141.148908 
-10.568470 29.499035 -4.862845 -3.157259 -0.600708 -4.952895 -50.446914 -59.137516 107.169039 -33.261750 19.732137 136.643391 
-10.613534 29.471437 -4.958299 -0.907397 1.158980 -4.605282 -51.036905 -58.809829 109.898225 -29.427677 19.713290 132.849752 
-10.634481 29.489987 -5.041354 -1.553579 4.001831 -4.415293 -51.711197 -58.434443 112.553594 -32.472509 22.353903 127.852499 
-10.651528 29.594480 -5.120991 -5.184930 5.670618 -4.006177 -52.364856 -57.934962 115.102395 -30.205314 23.125494 127.776927 
-10.731084 28.240463 -5.166022 59.396388 -1.628825 -2.459435 -52.956889 -57.440351 117.602005 -31.355402 24.991247 123.126550 
