# MW x(kpc), MW y(kpc), MW z(kpc), MW vx(km/s), MW vy(km/s), MW vz(km/s) LMC x(kpc), LMC y(kpc), LMC z(kpc), LMC vx(km/s), LMC vy(km/s), LMC vz(km/s) 
0.003303 -0.006298 -0.004092 0.675303 0.292728 -0.230829 8.322222 211.879199 122.718926 14.069651 34.646891 -71.172869 
0.002350 -0.003908 0.000410 0.234113 0.590002 0.191778 8.704973 212.653662 121.248166 17.524242 34.506469 -73.867769 
-0.029841 0.017650 0.004836 -1.289063 -1.274242 0.139156 8.944339 213.230723 119.786760 13.639664 34.014021 -73.436738 
-0.047309 0.054542 0.018811 -2.947715 -1.099508 0.509547 9.192594 213.878182 118.280041 15.393475 30.930274 -73.311720 
-0.068388 0.036101 0.025302 -0.477143 -0.951922 0.702909 9.479916 214.530427 116.816729 13.996952 30.514723 -77.784527 
-0.062687 0.094871 0.042324 -3.523571 1.816853 1.078133 9.727981 215.096888 115.354807 13.860779 29.295596 -72.998398 
-0.068672 0.113890 0.074677 -2.062802 2.911093 1.367225 10.031131 215.675157 113.835003 10.621268 25.366153 -75.071718 
-0.142910 0.163888 0.093328 -3.278011 0.143576 1.794676 10.210569 216.132125 112.289180 10.838362 24.470430 -78.462641 
-0.158788 0.198126 0.128227 -2.495080 0.816512 1.694117 10.434410 216.558728 110.675566 8.592847 24.579580 -78.950654 
-0.183761 0.241260 0.156281 -2.567223 0.668634 1.597671 10.729511 217.027824 109.106210 15.269341 23.117065 -79.644313 
-0.224150 0.317889 0.194570 -3.898863 0.526053 2.343854 10.950509 217.445420 107.505598 11.196815 18.674279 -79.012497 
-0.217294 0.326799 0.235082 -0.547977 2.979814 1.752877 11.258889 217.840702 105.921442 12.728895 18.555612 -80.612391 
-0.223109 0.429368 0.263968 -2.931174 4.380745 1.882792 11.522055 218.194305 104.329907 14.179204 20.396825 -80.925914 
-0.283244 0.504189 0.300327 -2.991831 2.523608 1.869009 11.790611 218.581730 102.655059 13.552603 14.287423 -81.784776 
-0.301914 0.591175 0.336683 -4.049234 3.850126 1.789819 12.052968 218.848659 101.024413 12.657640 15.185938 -81.162387 
-0.374619 0.631562 0.373619 -1.632141 0.116226 1.971855 12.278058 219.123485 99.346765 13.552848 12.741508 -84.328677 
-0.372648 0.768732 0.409773 -6.000618 2.818414 2.133484 12.518358 219.364468 97.702890 12.505257 10.978903 -85.940509 
-0.392290 0.829620 0.461426 -4.277575 3.837260 2.248634 12.827495 219.563724 95.977811 13.606062 8.598789 -85.701042 
-0.439420 0.884955 0.499714 -1.390264 2.720034 1.888121 13.031013 219.738058 94.339410 13.700129 8.673078 -84.793387 
-0.436987 1.017665 0.540432 -4.275536 3.886522 2.377150 13.379923 219.801738 92.592972 14.977537 6.661558 -85.514547 
-0.468197 1.131956 0.594522 -5.123644 4.166436 2.568377 13.554800 219.887294 90.791516 12.622689 5.465135 -86.861467 
-0.495023 1.202366 0.635151 -2.549030 4.378874 2.106870 13.850722 219.937674 89.038446 14.032361 1.737787 -87.259252 
-0.525227 1.288231 0.685114 -1.008320 3.814188 2.556587 14.129175 220.049994 87.270367 14.001761 0.288325 -88.310008 
-0.522804 1.432942 0.741678 -3.009730 5.709901 2.763355 14.364590 220.050114 85.500905 13.180323 -3.891092 -89.320876 
-0.533271 1.576634 0.797679 -4.384463 6.967588 2.948133 14.603787 220.026641 83.775631 14.013711 -2.548419 -88.104435 
-0.571075 1.659663 0.853460 -1.700860 6.011619 2.624276 14.843794 219.944903 81.983933 10.175200 -3.289935 -89.792232 
-0.605351 1.770050 0.905857 -1.056070 5.851078 2.613079 15.119716 219.881779 80.183287 9.700424 -5.812369 -91.301750 
-0.622305 1.902204 0.965985 -1.430437 5.407445 2.651303 15.312404 219.667067 78.334327 10.936280 -9.182608 -91.249135 
-0.623797 2.023140 1.017579 -0.231629 6.785901 2.823472 15.565808 219.466083 76.439626 9.326745 -10.373273 -92.390923 
-0.662605 2.160173 1.078129 -0.655521 6.213611 3.026146 15.710317 219.262167 74.604524 8.788774 -11.581269 -95.204470 
-0.656277 2.294980 1.136738 -1.020859 9.030404 3.583868 15.974346 219.028084 72.680527 13.636293 -13.754120 -94.393562 
-0.704041 2.468467 1.206190 -3.151244 6.656613 3.149731 16.155809 218.709672 70.899687 11.848255 -16.516722 -94.256090 
-0.766602 2.559920 1.266804 1.710691 4.970571 3.298737 16.381297 218.425303 69.041393 9.835175 -16.528712 -94.240947 
-0.782324 2.747795 1.335632 -0.793915 6.416281 3.547133 16.561047 218.017828 67.166828 7.149198 -21.733094 -98.871391 
-0.760748 2.906913 1.404650 0.014792 10.453065 3.407761 16.818311 217.618740 65.264219 11.489442 -19.497034 -95.073777 
-0.816509 3.099157 1.477451 -1.588484 8.863088 3.620186 17.051229 217.132307 63.290041 8.328415 -23.220948 -96.959584 
-0.867483 3.289000 1.547757 -1.405672 8.330108 3.195738 17.243128 216.720784 61.397154 12.964372 -25.198888 -97.246336 
-0.921317 3.470740 1.617568 -0.778226 6.955022 3.736618 17.446001 216.222297 59.414916 10.611330 -28.494365 -98.407949 
-0.943065 3.684013 1.686088 -2.196525 7.491597 3.217381 17.690100 215.600952 57.468967 7.773159 -27.853652 -97.577426 
-0.955801 3.876225 1.751037 -1.171129 8.748688 3.407417 17.836298 215.037838 55.506265 8.462858 -32.001390 -96.348980 
-0.973319 4.114220 1.813856 -3.203547 10.535634 3.177687 17.979610 214.322298 53.542281 8.338574 -32.147412 -98.726457 
-0.990774 4.322750 1.893114 -3.012362 11.954731 3.747042 18.122592 213.629007 51.541187 8.173803 -35.100076 -99.912237 
-1.054164 4.536554 1.966116 -1.683209 9.460372 3.650822 18.308582 212.858458 49.532960 7.416638 -36.899306 -100.316780 
-1.073425 4.759474 2.039415 -0.748722 10.753815 3.817557 18.479092 212.094679 47.543505 7.560781 -40.103396 -98.383509 
-1.075364 5.005681 2.113819 -1.851049 13.750034 3.503850 18.658057 211.317165 45.539102 6.645779 -42.324843 -101.071799 
-1.124228 5.262740 2.189484 -2.437389 11.948352 4.158919 18.809087 210.496563 43.568515 9.319491 -44.463432 -102.842763 
-1.157532 5.536809 2.269581 -3.546859 12.604005 3.511808 18.967697 209.549560 41.540939 9.879506 -44.714156 -97.496506 
-1.187229 5.800919 2.351695 -4.283737 13.108065 4.281434 19.146176 208.684416 39.501824 8.541472 -49.652745 -102.513368 
-1.203417 6.032055 2.442516 -1.261014 13.519418 4.208330 19.265422 207.673481 37.484614 6.324589 -49.762644 -100.967776 
-1.251838 6.338613 2.521725 -2.919002 12.819014 4.154275 19.461414 206.681569 35.425068 8.157287 -53.084654 -101.225398 
-1.321271 6.619624 2.616956 -2.793074 10.208216 4.513771 19.587230 205.506421 33.332278 9.258041 -53.234556 -101.978085 
-1.324325 6.924539 2.702076 -3.941386 12.184595 4.112940 19.716370 204.483992 31.292544 8.226683 -57.615354 -101.337930 
-1.338392 7.196858 2.789026 -1.638742 14.339098 4.263743 19.909678 203.254396 29.234781 4.572924 -58.495755 -101.898828 
-1.379577 7.488254 2.869251 -1.877456 13.644236 3.779132 19.996113 201.988896 27.128989 3.305807 -63.989061 -101.960607 
-1.338371 7.806708 2.953698 -1.827738 18.318104 4.477138 20.099329 200.692329 25.071036 4.786523 -64.275387 -102.657590 
-1.401088 8.117848 3.033931 -1.738465 14.807359 3.928888 20.228666 199.474264 23.025112 3.616190 -68.297096 -105.996035 
-1.396991 8.458965 3.109722 -3.788821 16.821528 3.567934 20.338958 198.047716 20.924204 6.686603 -70.301533 -103.309621 
-1.427823 8.744694 3.196715 -0.392149 16.359224 4.062508 20.411950 196.589234 18.915003 5.482940 -71.021295 -102.628371 
-1.477566 9.083326 3.267777 -0.819732 15.029516 3.884398 20.571238 195.112777 16.801305 5.902433 -77.166614 -103.583024 
-1.489890 9.438539 3.339152 -2.255880 16.375368 3.751799 20.660120 193.606103 14.728708 6.178549 -77.985157 -103.729667 
-1.497586 9.763909 3.416941 -0.279316 17.626234 4.214287 20.794112 191.973742 12.577922 4.463602 -81.430789 -103.677691 
-1.493447 10.107948 3.499953 -0.433173 18.385439 3.904476 20.901722 190.272632 10.497722 1.810110 -80.777779 -103.738853 
-1.512960 10.495434 3.581957 -2.423561 18.752501 3.665849 20.826590 188.700330 8.398228 5.206606 -87.727324 -103.816379 
-1.584727 10.876746 3.650715 -3.479720 15.243898 3.472251 20.924862 186.833371 6.402432 4.474557 -89.955667 -105.034132 
-1.562416 11.223860 3.719827 -2.495384 19.529816 3.431856 20.939034 185.023221 4.268046 0.905772 -92.245497 -106.218910 
-1.575096 11.549279 3.787126 1.648082 20.360621 3.741774 20.988544 183.129853 2.163999 4.861781 -93.909218 -103.748082 
-1.603562 11.927959 3.855554 1.861502 20.078954 3.099294 21.056652 181.141336 0.158676 1.510371 -98.926544 -104.495663 
-1.672379 12.355697 3.921080 -0.864186 17.120927 3.170132 21.191288 179.207606 -1.997384 2.284964 -100.799278 -104.215850 
-1.653878 12.735985 3.997175 0.703879 19.931303 3.375026 21.160993 177.133245 -4.011508 2.995931 -106.588067 -105.598161 
-1.651951 13.122666 4.063694 1.575201 21.217901 3.407951 21.253615 175.009760 -6.112771 -1.433454 -109.001002 -104.436369 
-1.667023 13.538299 4.116148 2.279002 21.938184 2.311378 21.118902 172.757549 -8.216475 -0.474920 -113.636274 -103.433528 
-1.721610 13.964812 4.172231 1.736977 20.051749 3.300059 21.139597 170.568029 -10.304275 -1.088077 -113.141334 -101.938438 
-1.730595 14.419740 4.237234 -0.214549 20.603263 3.103121 21.139570 168.223097 -12.311135 0.438711 -119.857942 -100.909069 
-1.775982 14.887554 4.289178 -2.350513 18.796099 2.318265 21.101007 165.718669 -14.295458 -2.797337 -121.225363 -99.758890 
-1.774203 15.319252 4.348067 -0.431232 20.276941 2.462658 21.131861 163.290933 -16.365099 -2.342626 -125.423195 -97.199903 
-1.771705 15.773965 4.398656 -0.138635 22.430641 2.433052 21.051940 160.741344 -18.394985 -2.851510 -129.562177 -99.989799 
-1.782742 16.271759 4.439024 -1.284117 23.151361 2.280520 20.957285 158.077896 -20.383630 -3.311969 -133.270087 -98.565916 
-1.781646 16.724552 4.483316 0.825162 24.148821 2.028184 20.926058 155.368581 -22.352886 -6.103753 -138.406934 -100.604503 
-1.788700 17.266443 4.521202 -2.052276 24.135513 1.618098 20.815297 152.602841 -24.265637 -4.608889 -141.002904 -97.265905 
-1.776454 17.725248 4.556888 2.171148 25.618819 1.985940 20.789286 149.705501 -26.209491 -3.614632 -146.152886 -97.693734 
-1.824206 18.304842 4.588762 -2.913544 22.985625 1.296500 20.646470 146.704084 -28.082649 -5.450723 -155.489692 -96.661868 
-1.793757 18.777307 4.625621 1.330072 26.604690 1.816453 20.530884 143.682426 -29.981033 -6.954513 -153.733715 -93.923937 
-1.824793 19.315604 4.646925 1.614488 24.307821 0.922989 20.355736 140.468304 -31.849177 -8.122601 -158.843686 -94.595661 
-1.759601 19.885667 4.661800 0.877303 29.599697 0.746950 20.132303 137.300122 -33.655674 -9.436203 -163.554024 -91.030722 
-1.772312 20.466298 4.673364 0.977022 28.961355 0.428613 19.992375 133.857777 -35.451837 -8.323129 -170.176311 -88.628621 
-1.765827 21.076467 4.688786 -1.559804 29.826915 0.297525 19.773746 130.405701 -37.198630 -10.777674 -175.315018 -87.875412 
-1.763830 21.631414 4.693968 1.836374 30.853923 -0.329541 19.595498 126.939517 -38.892530 -12.995848 -179.233196 -80.869072 
-1.755530 22.259141 4.674107 0.748500 30.878299 -0.815990 19.337008 123.215657 -40.587341 -15.169027 -184.914158 -81.451004 
-1.716047 22.854623 4.659326 3.104463 32.728983 -1.064593 19.043538 119.601370 -42.211996 -13.249284 -190.021849 -80.526614 
-1.671906 23.502672 4.634575 3.751611 35.739567 -1.539419 18.818539 115.629473 -43.789094 -12.494644 -197.411259 -76.764617 
-1.688769 24.153006 4.596271 4.509227 32.888466 -2.192125 18.439463 111.784745 -45.262066 -17.331349 -200.702931 -71.334622 
-1.627733 24.860983 4.545016 2.227167 35.153990 -2.690067 18.136102 107.575620 -46.594071 -17.827573 -209.060825 -67.873810 
-1.617214 25.559995 4.480314 2.047604 33.999704 -3.361943 17.782276 103.431960 -47.891209 -17.692914 -215.699211 -66.895241 
-1.565374 26.262715 4.398253 2.254679 37.008257 -4.577288 17.341268 98.967559 -49.158712 -21.365248 -220.197091 -60.223050 
-1.583491 26.984431 4.299504 2.376458 33.727931 -5.934282 16.930912 94.491713 -50.271157 -22.325866 -224.888002 -53.936301 
-1.486578 27.706726 4.176223 2.902813 37.316536 -6.519106 16.385507 89.925013 -51.372527 -25.447522 -233.498899 -47.384916 
-1.479748 28.441283 4.036077 4.397482 35.704523 -7.538938 15.816647 85.219768 -52.279074 -28.023261 -241.084920 -41.625474 
-1.412056 29.188725 3.872389 5.171138 37.574441 -8.809115 15.264395 80.344904 -52.922618 -29.445840 -246.587993 -34.260754 
-1.302111 29.964111 3.684081 5.397643 40.690670 -9.944487 14.641148 75.354939 -53.551515 -30.130081 -254.229434 -24.322450 
-1.230378 30.789769 3.468732 2.175810 40.721187 -10.990003 13.978551 70.262403 -53.905439 -34.049982 -260.065284 -14.722996 
-1.192505 31.570622 3.221332 3.133999 38.687536 -13.009640 13.246223 64.952038 -54.077734 -37.748514 -263.179148 -2.955393 
-1.107799 32.359044 2.945604 5.226690 39.477127 -14.956930 12.529601 59.659492 -54.082110 -37.674249 -269.065141 4.836988 
-0.997967 33.174584 2.630789 5.731475 40.799018 -17.429583 11.806489 54.158838 -53.843470 -41.547747 -277.325284 20.498078 
-0.907662 34.011158 2.258966 5.578742 41.087910 -19.455216 10.873777 48.645247 -53.263458 -44.832379 -279.094134 35.135351 
-0.805404 34.842414 1.850406 5.217028 41.763882 -21.848012 10.001619 42.987553 -52.359140 -49.641276 -281.868336 49.492236 
-0.704848 35.643181 1.397061 6.842488 39.291798 -23.947132 8.985363 37.273839 -51.253939 -52.365484 -283.784755 64.685228 
-0.554423 36.483128 0.887479 5.952543 41.299388 -26.828957 7.924214 31.634373 -49.769754 -54.120065 -280.360798 85.538750 
-0.416467 37.267117 0.336991 8.201157 41.959173 -29.174832 6.748131 26.065363 -47.718702 -56.061219 -275.611727 101.766028 
-0.301066 38.067874 -0.278353 7.185310 39.232273 -31.698282 5.609262 20.622937 -45.550521 -60.525978 -271.766699 121.786811 
-0.168358 38.819854 -0.932030 7.471142 37.727464 -34.542240 4.397309 15.234747 -42.962170 -62.104796 -262.952933 142.153945 
-0.055574 39.554554 -1.635527 6.289853 33.176465 -35.795119 3.185073 10.233191 -39.879237 -62.685687 -249.576958 158.559126 
0.124802 40.203704 -2.380691 7.664445 33.630737 -38.327277 1.880847 5.285489 -36.640405 -64.965263 -232.663937 171.370451 
0.251610 40.821353 -3.157519 8.949847 29.159327 -39.646899 0.557042 0.752273 -33.068996 -64.393418 -217.842473 184.341835 
0.402578 41.393762 -3.965595 8.390117 27.238297 -40.725673 -0.710215 -3.441801 -29.334508 -65.528984 -204.823357 193.343907 
0.523126 41.939331 -4.786583 7.057153 24.397627 -41.498488 -1.967167 -7.445115 -25.408527 -59.640106 -187.670054 201.244121 
0.687261 42.444298 -5.619941 5.393101 24.024168 -41.696138 -3.178273 -10.828017 -21.277066 -60.963517 -167.185475 207.694749 
0.816328 42.891039 -6.461612 5.741216 21.001942 -41.705243 -4.398582 -14.192167 -17.050733 -61.314765 -152.381231 212.863209 
0.937087 43.290146 -7.295240 6.667659 18.395396 -41.296895 -5.543030 -17.028600 -12.793837 -59.302025 -137.930432 215.079805 
1.049436 43.654190 -8.117725 6.373695 15.820982 -40.973455 -6.733685 -19.573180 -8.555015 -56.861232 -122.784303 211.135684 
1.181781 43.996861 -8.939635 4.453462 15.919679 -40.292806 -7.882319 -21.872100 -4.308852 -53.198546 -109.147769 212.275079 
1.270994 44.289725 -9.746875 4.456766 13.509253 -39.551908 -8.972054 -23.944196 -0.124696 -54.164535 -97.788326 207.850026 
1.362961 44.542735 -10.523576 4.728489 12.499659 -37.611313 -9.990697 -25.754377 3.978210 -46.607191 -84.756839 203.782346 
1.437363 44.791049 -11.265904 3.798132 11.515548 -36.618678 -10.972797 -27.333119 8.009218 -49.119561 -70.325672 202.667429 
1.500947 45.020659 -11.991427 1.219483 10.299424 -35.862433 -11.906656 -28.681836 12.062336 -46.661240 -61.322888 197.385286 
1.559672 45.221562 -12.709926 1.162346 10.056498 -35.013090 -12.817480 -29.862040 15.974599 -42.959798 -53.220089 194.318176 
1.589762 45.394351 -13.395176 1.632060 6.875874 -33.520235 -13.701939 -30.865499 19.766138 -41.983293 -43.065044 190.321827 
1.653394 45.605082 -14.063184 -1.123861 8.132311 -32.860411 -14.519304 -31.505352 23.462832 -39.334398 -35.739194 182.943988 
1.667831 45.700651 -14.697141 1.589171 6.785577 -31.158344 -15.298832 -32.179647 27.191739 -39.493945 -26.066392 182.679808 
1.689554 45.845483 -15.303672 0.629328 5.201452 -29.650338 -16.104214 -32.651321 30.652260 -36.499592 -17.909564 174.234663 
1.700972 45.949901 -15.886143 1.009426 3.032324 -28.149281 -16.806233 -32.895611 34.200605 -37.119601 -15.034786 170.612402 
1.732875 46.032956 -16.441502 1.997732 3.490247 -27.277427 -17.488067 -33.179497 37.515546 -33.088560 -5.097305 165.344701 
1.782470 46.160601 -16.975299 -0.626488 3.907323 -26.200219 -18.173874 -33.266034 40.856033 -32.629761 1.268542 160.593202 
1.809244 46.207732 -17.471995 1.190551 5.613730 -24.447954 -18.751928 -33.191007 43.962476 -31.043483 4.927707 151.930549 
1.828861 46.308478 -17.954112 -0.623567 6.218059 -23.291573 -19.417327 -33.075002 46.925651 -29.225397 13.035714 148.323305 
1.816625 46.353620 -18.414980 1.458578 3.868136 -23.114740 -19.930837 -32.804312 49.869289 -27.152239 18.989067 143.956522 
1.775198 46.402324 -18.854856 2.270113 1.672697 -21.323790 -20.493852 -32.331199 52.699354 -25.746339 24.525039 138.053861 
1.818034 46.491175 -19.275893 -0.731613 3.528538 -20.502366 -20.962891 -31.815112 55.375032 -22.899045 25.851776 134.199306 
1.807880 46.536131 -19.666634 -0.593317 3.236992 -19.101839 -21.375658 -31.192690 58.017419 -23.026933 31.801134 131.177758 
1.803259 46.519059 -20.042817 1.658798 3.216785 -18.238207 -21.938947 -30.475043 60.663983 -20.946203 34.793270 124.161316 
1.783340 46.602952 -20.389451 0.109251 2.344822 -17.174876 -22.296986 -29.756268 63.054481 -19.522433 39.793322 117.940636 
1.779652 46.631866 -20.720591 0.668850 3.581989 -16.094410 -22.705006 -29.024657 65.397486 -17.381443 43.756973 114.886467 
1.708273 46.682114 -21.039469 -1.564168 0.820707 -15.779423 -23.080516 -28.060711 67.582246 -16.605319 46.916861 110.965529 
1.695645 46.718813 -21.352516 -1.691850 2.695609 -15.035889 -23.365576 -27.122591 69.711812 -16.484867 52.614536 103.030910 
1.631703 46.719121 -21.638723 -1.447525 1.692235 -14.256139 -23.686669 -26.027379 71.749764 -13.810055 55.348838 100.322100 
1.559022 46.774018 -21.901236 -3.384793 -0.315958 -13.149604 -23.927903 -24.921377 73.716555 -14.656036 58.900539 93.266113 
1.542702 46.776463 -22.159506 -1.617940 2.331275 -12.362083 -24.180467 -23.655482 75.570696 -12.031426 59.849055 88.933786 
1.448178 46.803832 -22.401643 -0.612288 0.346499 -12.322029 -24.401861 -22.376551 77.445134 -10.502995 64.077037 87.448902 
1.392807 46.842793 -22.638628 -2.654904 0.999226 -11.326145 -24.573496 -21.064937 79.061325 -9.083093 67.996983 79.396611 
1.302889 46.872645 -22.852180 -2.732894 -1.168243 -10.378515 -24.855711 -19.697005 80.646410 -9.336625 67.175559 75.465373 
1.278979 46.849462 -23.074158 0.458050 1.395123 -10.650995 -25.011338 -18.351775 82.086514 -10.410114 68.313942 68.888125 
1.268387 47.506716 -23.284678 -31.588800 9.720584 -9.616271 -25.195345 -16.958919 83.419863 -5.268871 77.081938 66.391290 
