# MW x(kpc), MW y(kpc), MW z(kpc), MW vx(km/s), MW vy(km/s), MW vz(km/s) LMC x(kpc), LMC y(kpc), LMC z(kpc), LMC vx(km/s), LMC vy(km/s), LMC vz(km/s) 
0.005977 -0.002626 -0.001516 0.056398 0.146856 0.303358 8.322222 211.879199 122.718926 14.069651 34.646891 -71.172869 
-0.009650 0.006602 0.006885 -0.467641 -0.485822 0.499545 8.699468 212.645403 121.245636 17.118394 34.759867 -73.624283 
-0.044430 0.022721 0.007296 -2.089510 -1.664840 0.130867 8.935224 213.220395 119.789418 13.434883 33.911631 -73.636292 
-0.010461 0.049426 0.014392 -1.551250 2.103468 0.597812 9.189338 213.879901 118.288108 15.504230 31.137228 -73.261011 
-0.020078 0.064148 0.029956 -1.307188 1.841606 0.845566 9.474766 214.546562 116.794730 12.707379 29.637410 -77.963380 
-0.036592 0.084140 0.036701 -1.812625 1.384773 0.232867 9.707764 215.082630 115.366189 13.103570 28.564641 -72.965778 
-0.021773 0.082777 0.050905 0.555069 3.059020 0.723353 10.014364 215.641962 113.836081 10.076578 24.501106 -75.490238 
-0.064829 0.149580 0.064031 -2.270388 -0.164815 0.512594 10.214366 216.117946 112.269487 11.195642 23.504094 -78.614498 
-0.057018 0.183629 0.076261 -1.680186 1.760690 1.062978 10.442193 216.560778 110.703157 10.314506 23.538308 -79.965432 
-0.092259 0.199824 0.093137 -0.402391 0.108481 0.844576 10.738300 216.946941 109.081151 15.957393 22.143913 -79.651290 
-0.084148 0.234228 0.118050 0.516338 1.449371 1.689282 10.990488 217.383033 107.457435 11.892157 17.501482 -79.424553 
-0.076273 0.300890 0.138668 -2.060311 2.248865 0.886157 11.268977 217.775167 105.850863 13.095618 18.411893 -79.606907 
-0.117749 0.353252 0.165646 -1.803830 0.563032 1.499471 11.545322 218.129834 104.262102 13.183525 18.899123 -81.690707 
-0.121826 0.391351 0.201140 -0.948068 1.819785 1.604577 11.754169 218.469814 102.583099 13.521889 15.228197 -83.668716 
-0.126452 0.461018 0.239935 -1.772991 2.753878 1.787049 12.017191 218.762209 100.925133 13.490476 15.590128 -81.905317 
-0.158755 0.514736 0.277629 -0.016793 1.225108 1.714346 12.247792 219.004055 99.276986 13.330594 11.671959 -86.319902 
-0.159797 0.579767 0.313910 -0.593113 2.180642 1.991410 12.557477 219.202421 97.668161 11.868535 10.309017 -84.825027 
-0.180592 0.666562 0.358184 -2.223703 1.314616 1.712430 12.844129 219.408947 95.932590 13.592852 6.389005 -84.414451 
-0.206492 0.711692 0.396615 -0.398154 1.474332 2.443811 13.069775 219.517537 94.243072 13.117265 6.289005 -85.433835 
-0.171344 0.814323 0.441203 -2.311674 6.418534 2.129094 13.312608 219.566964 92.485204 14.472392 4.720765 -84.260555 
-0.198025 0.913525 0.488076 -2.598882 5.635745 2.797600 13.608337 219.681624 90.698877 14.570268 5.119992 -86.198437 
-0.239814 0.969428 0.538099 0.425941 4.329217 2.041548 13.817499 219.708700 88.964266 13.833328 1.490164 -89.214387 
-0.236921 1.052482 0.576007 1.305969 4.083769 2.301940 14.072682 219.765903 87.188497 10.763271 -0.046625 -90.209597 
-0.245986 1.176480 0.629692 -0.090592 5.426814 2.617847 14.333596 219.733591 85.395551 12.039117 -3.957582 -86.110316 
-0.256422 1.300635 0.689341 -2.145091 6.267791 2.626706 14.593664 219.662193 83.667418 14.046069 -5.161134 -90.140801 
-0.320152 1.408863 0.742734 -1.561919 3.224720 2.277374 14.827816 219.592747 81.806273 8.811980 -4.844363 -91.775532 
-0.310522 1.534705 0.793010 -2.713538 5.946008 2.634797 15.088273 219.400562 80.030723 8.450950 -6.976391 -91.173169 
-0.310325 1.603763 0.852027 1.621204 7.945260 2.843240 15.294035 219.237257 78.110640 12.668485 -10.925386 -92.166232 
-0.371722 1.765604 0.908944 -1.356917 4.493244 3.012679 15.516871 219.010471 76.257461 8.708078 -11.871395 -91.421998 
-0.380537 1.885536 0.968277 -0.283074 4.929301 2.923420 15.726776 218.805047 74.361758 8.811225 -14.427536 -96.256045 
-0.395096 2.064359 1.032827 -4.038681 5.457619 3.240374 15.955919 218.472585 72.499337 13.816183 -13.025714 -92.818127 
-0.414423 2.180049 1.091124 -1.450662 6.538949 3.208680 16.124123 218.174011 70.683670 10.854573 -17.467425 -94.185782 
-0.424966 2.339937 1.159221 -2.630680 7.785144 2.875588 16.315935 217.754565 68.808350 9.741149 -18.905887 -93.392955 
-0.445216 2.495224 1.226424 -1.516950 9.099232 3.541491 16.498671 217.390466 66.898111 8.942855 -23.841566 -95.698382 
-0.464801 2.669873 1.288286 -2.942171 8.247886 3.239403 16.743264 216.910975 64.919599 10.678018 -23.565107 -96.322754 
-0.482729 2.797461 1.363165 -0.527851 7.685564 3.264690 17.005051 216.446386 62.988084 10.934799 -22.880414 -97.629246 
-0.501152 2.942590 1.424287 0.239308 8.168952 3.528790 17.187441 215.883117 61.056752 10.537945 -28.743226 -96.388310 
-0.495839 3.136590 1.496324 -1.499572 10.883090 3.626439 17.433309 215.337230 59.159289 8.919711 -31.387650 -97.286622 
-0.534893 3.354155 1.564937 -3.784653 9.670359 3.760805 17.547543 214.692842 57.177385 9.253608 -34.508688 -97.692090 
-0.581565 3.551866 1.631257 -4.424050 9.178294 3.810555 17.728830 214.039149 55.184411 8.785941 -34.802850 -98.282712 
-0.623171 3.700656 1.711099 -1.452238 9.005004 3.556746 17.835977 213.304245 53.183629 5.897265 -37.717959 -99.393693 
-0.632073 3.894541 1.787131 0.000174 10.166632 3.594355 18.062415 212.524494 51.182449 7.935996 -40.862721 -101.085736 
-0.627035 4.099693 1.860086 -0.381984 10.620916 3.657442 18.192356 211.656088 49.153846 8.202279 -39.929788 -101.785516 
-0.651161 4.315489 1.939201 -1.042153 10.874907 3.868298 18.412279 210.783631 47.144236 8.766245 -42.207406 -100.007836 
-0.653137 4.541735 2.007467 -1.903541 11.775500 3.782423 18.548098 209.943986 45.161621 6.585952 -45.213054 -101.625848 
-0.717920 4.736387 2.088789 -0.215553 9.704251 3.814585 18.707890 209.062186 43.186465 8.296643 -46.091620 -101.966522 
-0.750294 4.986692 2.161582 -3.262557 9.698962 4.324947 18.835249 208.154309 41.118671 8.360011 -49.424122 -102.684165 
-0.801268 5.218183 2.243639 -3.068131 8.474632 4.846197 19.031438 207.131407 39.114636 9.643172 -52.634697 -101.134218 
-0.790287 5.422205 2.322662 -1.145401 10.750375 3.595541 19.190467 205.998101 37.003097 6.380741 -56.701110 -103.493344 
-0.791264 5.702880 2.386275 -3.994205 11.918713 4.541272 19.310247 204.891762 34.962899 8.155061 -56.071625 -100.419970 
-0.806981 5.969716 2.468600 -3.553695 12.846235 4.703849 19.405888 203.678380 32.847861 7.905876 -60.126000 -104.246740 
-0.868994 6.232263 2.559828 -4.222531 11.490149 5.094166 19.574257 202.470747 30.843957 6.616116 -63.459375 -102.477159 
-0.926523 6.487608 2.643815 -2.096481 10.160850 4.381375 19.727378 201.204175 28.678064 4.282406 -64.493642 -102.818979 
-0.895235 6.784493 2.705207 -3.932594 14.384553 4.616348 19.888584 199.843374 26.638697 4.483863 -67.111875 -105.403562 
-0.911231 7.079431 2.774226 -3.573119 14.223740 4.425989 19.858516 198.482563 24.563918 2.599579 -70.750500 -102.794266 
-0.931266 7.403522 2.845015 -4.329963 16.578996 4.994451 19.983584 197.055197 22.531501 3.343726 -74.675229 -103.456831 
-1.017689 7.760209 2.946475 -7.807388 12.667436 7.230276 20.111259 195.593498 20.444272 4.284707 -76.271451 -105.526685 
-1.034177 8.122433 3.027409 -10.051938 13.899688 7.938013 20.208076 194.057593 18.407206 4.539757 -77.654087 -105.950526 
-1.100331 8.479437 3.117159 -11.791677 12.453444 9.323029 20.367606 192.465564 16.280622 7.058116 -79.863969 -105.101136 
-1.093451 8.771608 3.190620 -8.481321 14.522948 7.409255 20.453531 190.803536 14.125087 2.916663 -84.827678 -107.860644 
-1.103878 9.159567 3.246601 -11.215461 15.159510 8.870070 20.521868 189.025084 11.981673 3.306734 -89.405013 -106.729750 
-1.169329 9.622120 3.339522 -15.725855 14.842474 11.717469 20.520667 187.269735 9.882468 0.955527 -93.144116 -106.060335 
-1.198543 10.009203 3.420770 -15.766330 17.406553 11.684261 20.526283 185.466078 7.824213 4.672807 -96.922480 -105.882655 
-1.290155 10.465149 3.527556 -19.257934 15.073253 15.474358 20.535946 183.471349 5.813139 3.169486 -96.693612 -103.904678 
-1.364378 10.962638 3.624724 -24.770651 14.463100 18.628109 20.592475 181.550878 3.726992 0.145247 -101.412303 -104.601199 
-1.438727 11.425969 3.738672 -24.687339 13.599317 20.056937 20.641604 179.421241 1.624834 0.988744 -104.589107 -102.417684 
-1.503048 11.973582 3.825010 -30.772311 14.439246 24.166083 20.718595 177.333344 -0.505665 -1.816915 -107.618669 -105.170747 
-1.617977 12.530086 3.944722 -35.761126 10.814318 29.140140 20.752400 175.186563 -2.600468 -2.101709 -111.857604 -100.816152 
-1.676759 13.099911 4.028855 -39.136779 10.997593 31.922238 20.683044 172.932265 -4.629707 1.740540 -115.039938 -104.129713 
-1.761744 13.744856 4.126241 -42.783361 13.092611 36.632814 20.648088 170.597427 -6.690383 -1.980030 -117.315134 -102.954506 
-1.855315 14.403286 4.231332 -47.702102 13.602594 41.877084 20.590116 168.147602 -8.754066 -0.250156 -122.587690 -99.768578 
-1.931918 15.094240 4.333744 -53.352506 11.462505 48.546148 20.511349 165.718451 -10.822860 -1.220262 -126.002484 -103.375959 
-1.989097 15.758817 4.401770 -57.160075 12.596990 53.762046 20.460729 163.099466 -12.882250 -0.967673 -131.580737 -99.002088 
-1.999257 16.335660 4.469022 -54.616531 13.385510 53.854565 20.488630 160.482963 -14.895312 -4.697470 -134.315387 -101.296138 
-1.970007 16.874126 4.494827 -51.898749 13.499212 53.318074 20.384492 157.751775 -16.845354 -5.901118 -137.618915 -98.210827 
-1.884434 17.346989 4.488138 -47.912061 15.671461 51.372251 20.266329 154.882749 -18.797860 -4.964795 -141.887872 -96.457644 
-1.806667 17.759632 4.487517 -44.585445 12.646376 50.676292 20.093617 151.947713 -20.736549 -6.199746 -146.858843 -96.870887 
-1.677971 18.106971 4.433054 -39.344316 11.616838 47.144246 19.986387 149.008503 -22.596582 -7.669939 -154.170243 -96.390641 
-1.479069 18.489245 4.304058 -32.314350 18.592123 39.542687 19.840434 145.853721 -24.541624 -7.432981 -158.627996 -93.194298 
-1.371701 18.923799 4.257432 -25.774230 23.816948 32.353609 19.640118 142.662836 -26.358630 -12.079512 -166.104801 -90.499434 
-1.321449 19.358596 4.263738 -22.987791 27.521357 29.200419 19.434989 139.304647 -28.107841 -11.293396 -171.890185 -90.854226 
-1.270094 19.750818 4.272500 -19.912614 27.874090 26.003591 19.220196 135.858842 -29.849783 -13.858814 -176.353526 -87.389397 
-1.229736 20.164508 4.270702 -17.436134 26.454702 23.871808 18.930968 132.306706 -31.592203 -15.558414 -181.835708 -85.763203 
-1.148794 20.621827 4.215457 -14.525091 27.642673 20.841904 18.673221 128.599143 -33.235202 -14.520025 -185.163205 -81.045425 
-1.138105 21.072983 4.248838 -11.288318 24.861953 18.262033 18.353046 124.820838 -34.899011 -17.265569 -192.480998 -76.643651 
-1.108268 21.527956 4.264418 -8.850589 26.258955 15.395379 17.960474 121.009836 -36.354074 -17.892379 -199.603167 -72.883603 
-1.088212 21.968111 4.265683 -6.147580 26.616332 10.585012 17.590613 116.936906 -37.857376 -18.551010 -202.769527 -70.209115 
-1.067879 22.406714 4.266803 -2.187839 27.655797 5.650356 17.169824 112.834555 -39.221010 -22.789473 -210.481497 -64.991192 
-1.023422 22.819192 4.215212 1.807042 30.755279 -1.997870 16.720314 108.520208 -40.483593 -22.619833 -218.298455 -61.765406 
-0.955571 23.278876 4.097203 2.618064 35.322506 -4.057384 16.270877 104.149732 -41.639678 -27.705354 -223.964741 -52.441158 
-0.866474 23.851022 3.921578 0.502500 39.001286 -1.611602 15.685087 99.530945 -42.634954 -29.326408 -230.828735 -49.956871 
-0.789624 24.494371 3.789466 2.016361 39.118076 -3.414158 15.104230 94.929308 -43.541260 -33.511044 -234.795986 -40.384372 
-0.755779 25.128893 3.693208 2.575201 37.144964 -5.414590 14.464220 90.070683 -44.273240 -34.002577 -244.373469 -33.046240 
-0.757406 25.752560 3.657425 2.030479 31.190441 -5.444903 13.763983 85.141520 -44.836221 -35.221370 -248.969453 -26.888852 
-0.762628 26.343989 3.606617 1.123839 27.346373 -6.183362 13.050496 80.091670 -45.264194 -37.628003 -258.937469 -16.202867 
-0.761530 26.845844 3.468846 3.212946 29.333977 -11.358320 12.252212 74.828755 -45.415028 -40.842199 -265.041721 -2.099899 
-0.646297 27.401137 3.171427 4.521817 36.154238 -15.056173 11.414458 69.528432 -45.430305 -45.877062 -273.108916 6.845557 
-0.512386 28.091820 2.780439 4.486336 41.730897 -15.618395 10.464933 63.995511 -45.158939 -48.336247 -277.375032 23.388735 
-0.393613 28.860090 2.407913 3.596390 43.958373 -15.963313 9.533101 58.331469 -44.602443 -47.592400 -285.704861 36.856578 
-0.322600 29.585447 2.081848 4.924093 41.752623 -20.111729 8.418724 52.647551 -43.714351 -52.432695 -288.691012 54.688834 
-0.213724 30.344489 1.680676 4.227733 40.395959 -20.878723 7.326190 46.808514 -42.469114 -56.072402 -292.900999 74.339956 
-0.143329 31.128231 1.246682 3.907001 38.569773 -24.695471 6.196487 40.888805 -40.766076 -59.579180 -299.789401 91.956927 
-0.003308 31.858643 0.643890 6.309267 40.588325 -31.118392 4.992786 34.931823 -38.666487 -60.917121 -299.034578 119.174300 
0.132927 32.736537 -0.005165 2.747968 41.732142 -28.183568 3.817871 28.933655 -36.001321 -63.950803 -300.396460 143.506321 
0.229531 33.612576 -0.639683 -2.603870 39.894117 -23.489943 2.524803 22.929311 -32.849728 -66.103125 -300.238333 176.256987 
0.264254 34.390984 -1.256506 -5.377151 29.659833 -23.515858 1.217392 17.003643 -28.982865 -62.405655 -292.549655 211.004921 
0.284767 34.856904 -1.946067 0.403498 22.367116 -34.511815 -0.073476 11.340011 -24.418223 -62.947250 -278.256948 244.477587 
0.381371 35.109679 -2.817482 7.070127 22.048968 -44.990958 -1.261947 5.978069 -19.176100 -57.277941 -259.930492 281.538099 
0.584957 35.390551 -3.809439 8.987009 24.180939 -45.800727 -2.389198 1.161015 -13.176535 -50.251638 -227.449740 313.582059 
0.766709 35.778014 -4.737884 8.705611 22.390353 -43.425389 -3.361951 -3.086136 -6.813068 -43.364972 -191.648813 326.713364 
0.819190 36.153902 -5.437116 5.709413 15.115048 -38.875137 -4.066157 -6.576812 -0.261841 -28.893428 -155.256957 321.538065 
0.764909 36.373258 -6.023171 4.067160 6.789226 -36.723022 -4.626399 -9.511811 6.111406 -25.903150 -128.675724 309.959145 
0.747254 36.466319 -6.650767 -1.176768 -2.257249 -31.441349 -5.038825 -11.859668 12.052284 -23.422370 -105.437989 290.778910 
0.777135 36.523972 -7.342884 -1.669675 -3.404655 -30.169906 -5.409548 -13.862348 17.712097 -17.414511 -87.393706 268.653421 
0.799343 36.616621 -7.981731 -4.547964 -4.582285 -26.246303 -5.642306 -15.454079 22.897042 -14.207635 -73.742898 252.297251 
0.788004 36.678312 -8.551534 -6.533064 -1.219958 -21.448118 -5.941638 -16.762458 27.769256 -12.715623 -63.465157 230.855136 
0.755311 36.678326 -9.082132 -8.140810 1.397089 -17.005708 -6.158018 -17.866783 32.240615 -11.384990 -56.060152 217.102356 
0.747868 36.618325 -9.601973 -6.289347 3.559969 -17.158039 -6.390088 -18.989881 36.436554 -11.817225 -52.346350 198.740441 
0.757660 36.620523 -10.091391 -5.102729 5.684258 -15.755474 -6.590391 -19.872550 40.276817 -7.072114 -43.634044 182.726773 
0.726529 36.614785 -10.486012 -4.231159 4.442652 -16.185848 -6.779084 -20.818895 43.802350 -7.977340 -40.084201 170.407427 
0.708298 36.669299 -10.864590 -4.763794 2.497851 -14.110506 -6.961345 -21.528374 47.125265 -7.460521 -35.938295 159.228690 
0.711165 36.769363 -11.201065 -3.016436 3.928662 -13.717550 -7.059501 -22.239762 50.127164 -7.007429 -29.011723 144.530808 
0.753291 36.948651 -11.537760 -5.368012 9.992113 -7.771560 -7.196430 -22.832969 52.915571 -5.713122 -26.647277 132.529007 
0.821456 37.189912 -11.815961 -8.744040 14.924680 -2.877703 -7.322451 -23.231372 55.432229 -4.918906 -24.766958 124.271005 
0.789489 37.434578 -12.003111 -10.092467 14.559998 -1.496485 -7.414025 -23.678679 57.790919 -3.796017 -18.625024 110.759580 
0.701841 37.656751 -12.136401 -11.623485 11.657929 -0.616044 -7.494466 -24.079249 59.905040 -4.512630 -15.880438 100.025777 
0.617052 37.811077 -12.275083 -9.483116 8.849524 -2.952751 -7.564057 -24.329221 61.832642 -2.316704 -12.309272 93.069640 
0.516663 37.890231 -12.423612 -6.849211 3.775716 -6.549688 -7.652156 -24.559911 63.625255 -3.934706 -10.349520 84.053332 
0.520377 37.859386 -12.674396 -3.504313 4.148436 -9.429101 -7.692003 -24.764184 65.234797 -5.256906 -5.777041 75.371752 
0.609907 37.838773 -12.999835 -0.966929 6.608660 -10.929933 -7.796622 -24.986451 66.631995 -2.996749 -5.383958 67.115346 
0.758107 37.847709 -13.364810 -0.200854 8.692430 -11.932585 -7.814315 -25.053941 67.916867 -2.255072 -1.969452 61.506549 
0.882490 37.947596 -13.666129 -0.892502 11.263360 -10.345240 -7.874063 -25.049645 69.144503 -1.047716 1.360665 54.068504 
0.943694 38.139738 -13.905194 -4.245290 12.622784 -6.654804 -7.874656 -24.849663 70.141688 0.213854 5.793037 47.148307 
0.832426 38.298851 -14.031552 -7.924412 8.442080 -3.833989 -7.866389 -24.858257 71.043711 0.177521 6.742353 41.232648 
0.654826 38.345507 -14.090925 -8.339656 2.923059 -3.028768 -7.897123 -24.560233 71.759333 -0.241074 10.611307 35.212284 
0.477882 38.355144 -14.127373 -9.356079 -0.495615 -2.003936 -7.892082 -24.441903 72.389957 -0.836266 14.634081 27.260959 
0.291586 38.311660 -14.164762 -8.857499 -3.284184 -1.464414 -7.934563 -24.168896 72.792883 -2.058922 17.326900 19.932991 
0.208169 38.200958 -14.239517 -5.711400 -3.599881 -1.787675 -7.936282 -23.736813 73.100101 -1.193496 18.216274 12.763681 
0.153778 38.086468 -14.321011 -5.923599 -4.037719 -2.107308 -7.984068 -23.337778 73.387947 2.441232 20.923234 6.566326 
0.143885 37.960957 -14.416032 -3.993061 -3.401410 -2.734533 -8.010872 -22.926417 73.405618 1.920573 23.790442 0.196790 
0.139891 37.885990 -14.519765 -3.045133 -1.406610 -3.181598 -7.980963 -22.390180 73.351992 1.115856 27.138178 -5.927132 
0.070485 37.809730 -14.575161 -4.705811 -3.471309 -2.504244 -7.845309 -21.761365 73.165922 4.058666 33.861298 -13.411092 
-0.027297 37.689271 -14.632188 -4.065456 -4.369404 -2.799249 -7.833626 -21.116365 72.775616 3.827292 34.473903 -20.835748 
-0.120202 37.569626 -14.682597 -3.403842 -4.394613 -3.553028 -7.768703 -20.433737 72.341342 2.283826 36.892633 -26.087355 
-0.183872 37.476896 -14.759344 -3.401050 -1.744026 -3.537775 -7.614973 -19.660004 71.687294 4.398687 42.228934 -32.290462 
-0.224447 37.463997 -14.863171 -4.908357 1.415260 -2.674059 -7.563668 -18.807908 70.973609 3.389435 43.564117 -40.950922 
-0.311519 37.490472 -14.918967 -5.230093 2.333101 -2.414588 -7.566743 -17.916983 70.012766 4.042587 44.734687 -46.977602 
-0.423287 37.533571 -14.971791 -6.143079 3.406645 -2.064470 -7.435066 -17.006647 69.141637 5.996074 50.699581 -54.705206 
-0.562978 37.573169 -14.999084 -7.071375 3.129551 -1.450893 -7.434197 -15.952994 67.943749 5.418194 51.723175 -59.785920 
-0.713826 37.617311 -15.015253 -8.216415 0.905134 -0.683573 -7.291426 -14.848239 66.635384 4.617543 53.625935 -71.285813 
-0.493245 37.946045 -15.301428 -20.917473 21.332164 2.563652 -7.204811 -13.822681 65.255726 5.416976 58.413580 -76.278411 
