#Time(Gyrs) | Rgal(kpc) | Xsat[kpc] | Ysat[kpc] | Zsat[kpc] |Xhost[kpc] | Yhost[kpc] Zhost[kpc] |Vgal | Vxsat | Vysat | Vzsat | Vxhost | Vyhost | Vzhost |
0.000000	300.004194	17.421516	277.429505	112.917009	-0.000712	0.030928	0.005486	77.822021	9.224878	-11.066313	-76.364828	-1.851539	-0.913429	-0.007124
0.020000	299.308059	17.599048	277.189975	111.379036	0.002080	-0.057707	-0.018376	76.945608	9.141814	-12.160362	-76.797470	3.102569	-0.091949	-1.044532
0.040000	298.432024	17.787809	276.937867	109.842267	0.037928	0.030773	-0.017079	79.106969	9.075448	-13.272647	-77.246287	-2.588977	2.920841	-0.698103
0.060000	297.639868	17.965038	276.659181	108.281757	-0.032991	0.002700	-0.008380	79.425893	8.986657	-14.378048	-77.682917	0.045846	-1.820965	0.232768
0.080000	296.823065	18.148643	276.359693	106.737084	-0.048746	-0.002580	-0.018155	78.178192	8.922608	-15.505652	-78.121188	-0.126865	-1.078198	-1.820563
0.100000	295.940925	18.323051	276.035929	105.167401	-0.049426	0.040719	-0.047273	80.630041	8.844101	-16.638733	-78.556112	-5.594311	-0.085757	-0.975607
0.120000	295.213652	18.500121	275.701137	103.586222	-0.074596	-0.090202	-0.072919	79.811085	8.756274	-17.768783	-78.985887	0.796367	-1.133894	-1.334553
0.140000	294.374717	18.674344	275.330040	102.006039	-0.092965	-0.135849	-0.086108	81.347693	8.683154	-18.923067	-79.407787	0.258683	-1.407709	-0.416093
0.160000	293.455101	18.847279	274.941657	100.413780	-0.167002	-0.111912	-0.084417	82.174684	8.604908	-20.075350	-79.834760	-3.878237	-3.466440	-0.330082
0.180000	292.596051	19.013993	274.520452	98.814781	-0.196894	-0.180689	-0.092621	82.110239	8.527122	-21.235378	-80.250338	1.528501	-1.706458	-0.803929
0.200000	291.610729	19.101053	274.179619	96.935226	-0.191779	-0.132434	-0.108584	83.297491	8.449537	-21.775388	-80.408761	-1.168936	0.055933	-0.600551
0.220000	290.633981	19.271176	273.719582	95.319392	-0.157307	-0.113284	-0.107056	86.252738	8.368314	-22.892529	-80.793869	-0.743800	2.923205	0.998870
0.240000	289.605741	19.523471	273.144866	93.970133	-0.191587	-0.046489	-0.100507	85.017034	8.267091	-24.767015	-81.478494	-0.400553	0.809291	-0.864472
0.260000	288.542425	19.601249	272.745419	92.069041	-0.191133	0.044542	-0.122198	85.672449	8.200961	-25.153089	-81.550807	-2.283610	3.947248	-1.657048
0.280000	287.564636	19.760125	272.225343	90.430172	-0.215739	0.037389	-0.168407	86.149829	8.114602	-26.296392	-81.924088	1.488629	3.842862	-1.490793
0.300000	286.493375	19.914176	271.673763	88.784603	-0.217774	0.091793	-0.189508	85.804958	8.025293	-27.451210	-82.296408	1.430626	2.455013	-2.142688
0.320000	285.395740	20.070945	271.100438	87.132518	-0.198314	0.159777	-0.223327	86.761256	7.933671	-28.616352	-82.663802	-1.472753	2.265824	-2.132281
0.340000	284.334736	20.230325	270.504958	85.473721	-0.255963	0.176745	-0.253822	87.841006	7.841113	-29.791052	-83.026558	-0.881118	-1.997369	-0.156320
0.360000	283.272978	20.382566	269.885713	83.804443	-0.230407	0.153754	-0.239329	89.847727	7.745838	-30.975790	-83.385783	0.140805	2.031049	-0.167238
0.380000	282.126883	20.627862	269.092802	82.363726	-0.320151	0.150979	-0.262267	88.747085	7.570137	-33.363963	-84.271997	0.992999	-3.321378	-1.023998
0.400000	280.951655	20.780707	268.415353	80.682193	-0.231302	0.197177	-0.258146	94.552140	7.460211	-34.642327	-84.656474	-1.767734	4.055979	1.118775
0.420000	279.739160	20.930655	267.701203	78.987295	-0.309201	0.261089	-0.250647	92.746308	7.352659	-35.938389	-85.037018	-1.263653	1.704417	-0.712312
0.440000	278.557118	21.076889	266.967049	77.283341	-0.388966	0.289848	-0.283117	90.735878	7.239976	-37.245480	-85.414591	-0.456253	-2.319121	-2.024441
0.460000	277.357678	21.216630	266.210163	75.570847	-0.329617	0.300543	-0.291627	95.443733	7.128384	-38.562714	-85.780382	0.568282	2.357680	0.196317
0.480000	276.098602	21.357574	265.419893	73.852742	-0.302899	0.348505	-0.298598	96.660059	7.017987	-39.891463	-86.145509	0.712599	4.594056	-0.562521
0.500000	274.811565	21.495100	264.613697	72.129564	-0.286272	0.419347	-0.315680	97.913315	6.901466	-41.232957	-86.504560	0.814557	6.704452	-1.346051
0.520000	273.534312	21.638669	263.774492	70.399623	-0.347626	0.463073	-0.344419	96.595026	6.784067	-42.588562	-86.855411	4.150256	2.713882	-1.583197
0.540000	272.190344	21.773852	262.910318	68.658129	-0.311977	0.547263	-0.373943	97.981482	6.667786	-43.955434	-87.204838	2.039932	2.923863	-1.290432
0.560000	270.857320	21.911570	262.018804	66.911463	-0.266557	0.591924	-0.377505	101.795306	6.547935	-45.337099	-87.548354	4.002012	5.307161	0.718069
0.580000	269.475813	22.034881	261.113248	65.143138	-0.268763	0.677295	-0.376905	100.757259	6.435988	-46.728622	-87.850248	1.639637	3.340915	-0.545828
0.600000	268.055246	22.161517	260.164388	63.387964	-0.235677	0.772487	-0.391515	102.342845	6.305203	-48.139119	-88.182092	-2.160983	4.047954	-0.552810
0.620000	266.690648	22.294735	259.181988	61.616229	-0.296375	0.792696	-0.420191	100.355636	6.167345	-49.571830	-88.512386	-1.091451	-0.003519	-1.555235
0.640000	265.326149	22.421433	258.181359	59.845621	-0.336524	0.793117	-0.414931	104.185215	6.027906	-51.010786	-88.824206	0.198565	0.866487	1.338570
0.660000	263.889844	22.540577	257.141148	58.068889	-0.301445	0.827012	-0.404661	104.780507	5.892491	-52.468992	-89.140268	3.070457	3.677696	-0.717759
0.680000	262.350027	22.656592	256.078798	56.279621	-0.294491	0.961475	-0.429596	103.668124	5.743103	-53.940581	-89.441899	-2.300176	0.901177	-1.836150
0.700000	260.862212	22.772204	254.991203	54.484626	-0.222937	1.008363	-0.406487	110.695750	5.596676	-55.434569	-89.746901	0.012141	5.275069	2.647374
0.720000	259.394860	22.886120	253.860559	52.692848	-0.233035	1.011021	-0.394901	108.284828	5.456589	-56.946000	-90.048634	3.948596	4.052161	-0.591637
0.740000	257.826922	22.991713	252.700107	50.889639	-0.250887	1.101968	-0.421955	107.490236	5.316874	-58.469698	-90.337383	2.758179	2.731890	-2.008625
0.760000	256.202834	23.094665	251.508077	49.082169	-0.257539	1.223714	-0.438580	110.674749	5.167123	-60.017351	-90.611570	-2.225612	2.137396	0.662934
0.780000	254.620510	23.196174	250.293283	47.273731	-0.341222	1.296169	-0.455008	108.810418	5.006679	-61.582263	-90.888547	-3.887832	-1.207460	-0.802599
0.800000	253.059920	23.294994	249.045347	45.454608	-0.344108	1.311618	-0.463972	111.398225	4.858815	-63.171907	-91.149076	-1.113107	2.820550	-1.600785
0.820000	251.525749	23.384793	247.770290	43.630828	-0.394333	1.287064	-0.480112	113.759386	4.704648	-64.770139	-91.416747	4.626192	2.458348	0.352105
0.840000	249.763784	23.476901	246.453892	41.805331	-0.351668	1.449661	-0.468463	116.773388	4.550643	-66.390564	-91.675098	0.433449	5.722865	0.078518
0.860000	247.975963	23.547762	245.132507	39.921593	-0.345011	1.637644	-0.469804	119.547333	4.375431	-67.979400	-91.966886	-2.661919	7.649698	0.349310
0.880000	246.199378	23.652205	243.732934	38.133828	-0.457485	1.778299	-0.477195	117.497039	4.220094	-69.711402	-92.162482	-3.177882	2.495305	0.233490
0.900000	244.468199	23.731852	242.318435	36.284376	-0.428623	1.840341	-0.475084	121.891823	4.043033	-71.411813	-92.407263	-0.133426	7.782281	0.158763
0.920000	242.613046	23.816400	240.865568	34.434520	-0.472221	2.008930	-0.474791	122.374031	3.864574	-73.129199	-92.650862	-2.862504	5.551129	0.834730
0.940000	240.828960	23.889205	239.385199	32.583516	-0.456152	2.077552	-0.446351	124.867760	3.696634	-74.869098	-92.873857	2.640270	6.693588	1.669095
0.960000	238.972658	23.963127	237.865208	30.726617	-0.469612	2.193127	-0.412471	125.558408	3.509976	-76.639426	-93.099885	2.562510	5.822507	1.578759
0.980000	237.112215	24.036473	236.314762	28.859202	-0.445845	2.291137	-0.394207	126.322154	3.318921	-78.432345	-93.310354	2.363261	6.104422	0.550759
1.000000	235.229343	24.105793	234.733236	26.995714	-0.435155	2.396757	-0.396732	126.819534	3.114802	-80.245331	-93.504361	2.144310	6.415337	-0.918288
1.020000	233.348128	24.138818	233.183302	25.059712	-0.501442	2.542815	-0.419142	125.598495	2.912612	-81.990999	-93.702267	0.667425	3.056691	-1.307291
1.040000	231.338477	24.200713	231.525717	23.184025	-0.516417	2.726171	-0.423645	127.760514	2.704806	-83.853336	-93.872477	-2.026799	2.521526	0.147436
1.060000	229.415553	24.268981	229.836064	21.303231	-0.496831	2.799119	-0.430978	130.116874	2.489408	-85.739253	-94.028743	-0.188224	4.255445	-0.091608
1.080000	227.364139	24.313550	228.098789	19.430807	-0.453341	2.961213	-0.421765	134.230103	2.278881	-87.660366	-94.177719	-1.699178	7.434731	0.473314
1.100000	225.304702	24.354396	226.331535	17.555557	-0.527561	3.126429	-0.404900	133.681725	2.059017	-89.607213	-94.316210	-2.870369	3.643212	1.343935
1.120000	223.227053	24.392341	224.514716	15.664807	-0.473866	3.260187	-0.410725	137.362268	1.831155	-91.594334	-94.436910	-1.471129	8.187564	-0.091478
1.140000	221.104035	24.428955	222.665482	13.777862	-0.458612	3.425460	-0.414249	139.034896	1.592073	-93.606149	-94.548898	-2.368768	8.246150	0.008616
1.160000	218.872699	24.396445	220.714498	12.023549	-0.487096	3.616743	-0.411584	140.879522	1.238205	-95.841348	-94.466163	-3.552124	7.713809	0.929969
1.180000	216.706757	24.407109	218.772502	10.139272	-0.529630	3.762530	-0.381632	142.266173	0.969254	-97.957625	-94.540737	-2.075783	6.812267	1.655216
1.200000	214.455894	24.431656	216.765178	8.250125	-0.566514	3.944729	-0.345126	145.395398	0.725656	-100.054031	-94.724413	-6.057706	8.679636	1.560567
1.220000	212.248066	24.442552	214.734206	6.353008	-0.579555	4.071766	-0.315710	147.935807	0.489844	-102.246009	-94.784227	-2.275881	10.263433	1.231289
1.240000	209.968174	24.447413	212.666175	4.461347	-0.582719	4.249779	-0.306479	148.602323	0.246662	-104.464862	-94.847328	-0.357438	9.277086	0.782452
1.260000	207.666530	24.457233	210.545552	2.567844	-0.528713	4.407634	-0.304264	149.074195	-0.014669	-106.690295	-94.867140	1.181302	9.231650	-1.145275
1.280000	205.297575	24.458460	208.388351	0.680208	-0.480589	4.613711	-0.336662	152.296902	-0.304895	-108.995282	-94.875731	-0.368592	11.396583	-1.601185
1.300000	202.969834	24.459457	206.199585	-1.245802	-0.434643	4.764023	-0.378544	155.271136	-0.558605	-111.318681	-94.897305	2.187891	12.518347	-1.270532
1.320000	200.563239	24.444741	203.948424	-3.144012	-0.421604	4.951570	-0.399999	154.737542	-0.839242	-113.671751	-94.839125	2.801986	9.482796	-1.226061
1.340000	198.118421	24.426539	201.653260	-5.043688	-0.291150	5.137047	-0.426046	161.221831	-1.147300	-116.095206	-94.771547	3.847845	15.259175	-1.425128
1.360000	195.605288	24.400252	199.314993	-6.941323	-0.277761	5.381930	-0.430469	160.996842	-1.455924	-118.548319	-94.650782	2.068155	12.353848	-0.990829
1.380000	193.158876	24.364322	196.918967	-8.836645	-0.260357	5.519165	-0.464524	161.882042	-1.802308	-121.096081	-94.519054	3.280193	11.080649	-1.195553
1.400000	190.596849	24.328817	194.469020	-10.724336	-0.254174	5.740777	-0.502518	162.936706	-2.142721	-123.678062	-94.359352	-1.486320	10.566434	-2.021090
1.420000	188.045783	24.282452	191.976782	-12.605490	-0.289097	5.933472	-0.549692	163.732221	-2.475787	-126.311113	-94.175195	-3.073102	8.642465	-1.463734
1.440000	185.488582	24.227919	189.417168	-14.490479	-0.310207	6.085289	-0.586636	166.935899	-2.858393	-129.021148	-93.928568	-1.902384	10.629727	-2.471946
1.460000	182.866336	24.176500	186.808653	-16.364220	-0.365180	6.280529	-0.635294	169.930603	-3.228448	-131.778299	-93.630721	-1.491395	11.239294	-1.873647
1.480000	180.150525	24.111506	184.153366	-18.230473	-0.423622	6.548938	-0.654745	171.662533	-3.609828	-134.636933	-93.324859	-2.833110	9.700224	-0.404424
1.500000	177.389719	24.033744	181.428508	-20.085828	-0.397591	6.805881	-0.665209	176.276320	-4.008272	-137.538219	-92.993921	-3.680523	12.166583	0.074365
1.520000	174.659687	23.955068	178.646445	-21.939059	-0.467688	7.016695	-0.660796	174.830284	-4.437075	-140.522340	-92.582283	-1.637180	8.125789	-0.595748
1.540000	171.911031	23.867410	175.816908	-23.783849	-0.440303	7.206352	-0.696665	179.700561	-4.872536	-143.563007	-92.153110	-0.036874	11.617821	-1.666543
1.560000	169.103278	23.766269	172.906619	-25.619958	-0.406213	7.401972	-0.723750	184.090841	-5.317301	-146.689232	-91.594868	2.579306	13.787287	-1.737379
1.580000	166.209533	23.650755	169.942825	-27.440852	-0.403935	7.661404	-0.762749	186.922148	-5.778657	-149.884952	-91.015621	2.319983	13.913051	-1.324397
1.600000	163.280408	23.528229	166.923845	-29.243154	-0.504630	7.951302	-0.771346	183.622048	-6.269250	-153.150370	-90.376963	-0.140028	7.384569	-1.449900
1.620000	160.342647	23.399958	163.834555	-31.037235	-0.440991	8.182433	-0.808263	190.379767	-6.767772	-156.531477	-89.659476	1.244335	12.596837	-2.619972
1.640000	157.302428	23.257261	160.676283	-32.818254	-0.424316	8.483028	-0.873774	192.809694	-7.332722	-159.977521	-88.837394	-0.601659	13.176613	-4.292040
1.660000	154.232274	23.080093	157.371419	-34.558622	-0.372540	8.685090	-0.943984	198.446350	-7.945030	-163.661739	-87.922094	5.473982	15.162518	-2.935218
1.680000	151.025917	22.911824	154.044581	-36.287870	-0.381876	9.059447	-0.995631	200.389078	-8.460045	-167.370635	-86.923046	2.325680	14.192874	-2.815122
1.700000	147.855477	22.739568	150.661456	-38.022922	-0.365188	9.373389	-1.075736	202.837994	-9.084352	-171.136682	-86.046616	2.789861	13.973681	-3.970990
1.720000	144.576252	22.552101	147.193949	-39.730519	-0.290240	9.745215	-1.151179	206.812809	-9.690952	-175.036127	-84.962720	-1.061417	15.220631	-4.343645
1.740000	141.325915	22.351910	143.649102	-41.412696	-0.214799	10.048235	-1.231029	212.217043	-10.339989	-179.004109	-83.683962	0.801871	16.926152	-2.917227
1.760000	138.059542	22.138729	140.023296	-43.076861	-0.224274	10.357193	-1.279316	213.927109	-11.111680	-183.109704	-82.293570	-0.241610	14.873881	-1.986973
1.780000	134.941929	21.934167	136.382689	-44.707223	-0.210097	10.536360	-1.329148	216.677927	-11.831551	-187.290382	-80.616591	6.643981	14.074732	-2.770141
1.800000	131.598261	21.697522	132.596032	-46.307261	-0.166333	10.845689	-1.397040	220.805249	-12.588073	-191.653365	-78.933488	4.473115	14.753684	-2.382825
1.820000	128.180557	21.435982	128.726657	-47.872633	-0.131810	11.216729	-1.434478	224.640720	-13.408348	-196.200831	-77.066007	-0.427964	15.482334	-3.003872
1.840000	124.812750	21.165143	124.751775	-49.396967	-0.114845	11.469540	-1.516701	228.649741	-14.286267	-200.861672	-75.003219	3.046413	15.926620	-4.412009
1.860000	121.248889	20.826369	120.635994	-50.857154	-0.044004	11.823710	-1.606700	234.824062	-15.219234	-205.626961	-72.672616	2.128540	18.456104	-4.641925
1.880000	117.780803	20.543703	116.504122	-52.291894	-0.064955	12.170724	-1.674282	233.466372	-16.184440	-210.620824	-70.265971	0.600665	12.501019	-3.621764
1.900000	114.279242	20.190306	112.222191	-53.662875	0.079794	12.416482	-1.757836	244.073983	-17.127663	-215.682944	-67.361033	6.662001	18.839083	-4.071384
1.920000	110.755639	19.854807	107.871874	-54.986944	0.215230	12.706119	-1.840189	250.911026	-18.283843	-221.013291	-64.387267	7.790116	21.284419	-4.651921
1.940000	107.048153	19.485332	103.403555	-56.237900	0.284120	13.166761	-1.942949	255.534190	-19.464911	-226.457096	-60.963119	3.366523	21.969935	-5.641712
1.960000	103.305212	19.095366	98.825253	-57.416656	0.306970	13.643734	-2.071632	259.218713	-20.691722	-232.047801	-57.168650	0.955790	21.545107	-8.012130
1.980000	99.587178	18.665301	94.125150	-58.508061	0.339728	14.022451	-2.246732	265.425288	-22.073586	-237.783050	-53.018599	2.322989	22.817136	-8.939880
2.000000	95.799233	18.201246	89.308870	-59.509628	0.293196	14.474532	-2.442854	265.196545	-23.380561	-243.768807	-48.267078	-1.983161	17.807782	-10.200727
2.020000	92.088818	17.717512	84.373671	-60.418562	0.307023	14.810614	-2.641348	271.046988	-24.905317	-249.797125	-43.075439	2.187630	17.857945	-10.011783
2.040000	88.327484	17.203907	79.324912	-61.231043	0.350032	15.228797	-2.841151	279.248338	-26.773545	-255.842097	-37.621072	0.997660	20.596477	-9.512192
2.060000	84.561619	16.653302	74.146028	-61.914098	0.455242	15.661359	-3.025780	289.861896	-28.478801	-262.080712	-31.203985	2.792896	25.316662	-10.114908
2.080000	80.765633	16.069940	68.845668	-62.433398	0.490566	16.150601	-3.242177	295.310985	-30.275505	-268.316490	-23.839549	1.793810	24.994637	-11.644482
2.100000	77.035167	15.438168	63.414680	-62.825937	0.525542	16.604114	-3.489594	302.653129	-32.298912	-274.569231	-15.833970	4.784880	25.791133	-13.120914
2.120000	73.363629	14.784246	57.852554	-63.049585	0.556263	17.074911	-3.745535	308.797610	-34.316668	-280.809949	-6.806262	4.396614	25.482952	-13.279648
2.140000	69.782310	14.065181	52.203515	-63.080978	0.608423	17.601412	-3.994762	315.274292	-36.714051	-286.572329	3.064722	3.117580	25.782069	-12.621259
2.160000	66.347505	13.309711	46.411267	-62.904970	0.660012	18.103482	-4.247951	322.290269	-39.084538	-292.013584	14.178372	5.519895	25.933415	-13.949341
2.180000	63.048988	12.500336	40.525353	-62.494137	0.676203	18.696519	-4.538406	326.141994	-41.486536	-296.859768	26.625135	2.062847	23.612585	-15.440558
2.200000	59.979958	11.634095	34.546531	-61.815601	0.779693	19.185887	-4.860988	332.354473	-44.121071	-300.814494	40.246497	3.809407	23.006585	-17.217176
2.220000	57.165211	10.730334	28.504938	-60.845427	0.907324	19.640117	-5.232616	339.071160	-46.779682	-303.480928	55.121819	6.930517	22.885905	-19.504966
2.240000	54.667504	9.764089	22.418304	-59.563104	1.049817	20.116515	-5.643727	347.113594	-49.328294	-304.481276	71.210698	7.333046	25.202106	-21.451095
2.260000	52.586796	8.760601	16.329307	-57.945788	1.145999	20.614803	-6.089993	351.376045	-51.686859	-303.626729	88.279223	5.915251	24.428144	-23.645405
2.280000	50.956538	7.698175	10.280382	-55.953266	1.196499	21.156848	-6.597421	355.137356	-54.248685	-300.531771	106.585103	4.283795	23.241129	-27.084638
2.300000	49.850520	6.597784	4.323998	-53.627700	1.324797	21.601027	-7.165089	359.578642	-56.335329	-294.653981	124.453226	5.992991	24.368333	-29.289234
2.320000	49.322103	5.450706	-1.480003	-50.924956	1.440143	22.083477	-7.781617	360.125454	-58.179633	-286.304893	141.640554	5.654437	22.684519	-31.971362
2.340000	49.367787	4.270749	-7.076608	-47.895510	1.511019	22.463141	-8.437107	356.316554	-59.364350	-275.388417	157.623819	9.186833	17.578537	-33.249400
2.360000	50.049583	3.075167	-12.445000	-44.556212	1.656796	22.853268	-9.102281	352.200733	-60.022674	-262.597021	171.894191	6.943208	15.875381	-33.079097
2.380000	51.245306	1.816611	-17.547526	-40.888259	1.813588	23.176489	-9.781411	351.560785	-60.897749	-247.437412	185.820595	6.364774	17.550464	-35.204661
2.400000	52.959372	0.579698	-22.311128	-37.050873	1.925515	23.499472	-10.512734	346.782213	-60.871859	-231.594736	195.882547	5.762272	16.731014	-36.823529
2.420000	55.173374	-0.644681	-26.776842	-33.057322	1.985392	23.826466	-11.228693	337.736187	-59.694481	-215.901292	203.482926	5.085113	13.631113	-35.649279
2.440000	57.723448	-1.814755	-30.908528	-28.905495	2.053937	24.131028	-11.944454	327.202309	-58.239381	-199.981440	208.892029	0.133445	10.734124	-34.527188
2.460000	60.523136	-2.961877	-34.747374	-24.674145	2.219709	24.337545	-12.625348	322.731093	-56.671153	-184.408186	212.966751	3.805794	12.676434	-35.338605
2.480000	63.515722	-4.085848	-38.259406	-20.384938	2.283624	24.543531	-13.351596	314.438217	-55.266112	-169.660543	214.873863	4.587618	10.125434	-36.056258
2.500000	66.705814	-5.188344	-41.487094	-16.090202	2.350903	24.761170	-14.091990	306.346132	-53.883458	-155.623004	215.646619	1.575484	9.049521	-36.653238
2.520000	69.974688	-6.237225	-44.443521	-11.771420	2.408038	24.928465	-14.811827	297.067457	-52.208232	-142.683936	215.377315	1.308347	6.832190	-35.680404
2.540000	73.242237	-7.270105	-47.150226	-7.461178	2.531138	24.984012	-15.524218	289.653105	-50.706963	-130.115512	213.805048	3.696036	8.172260	-34.822640
2.560000	76.588225	-8.274822	-49.623858	-3.211591	2.623332	25.058473	-16.232191	280.797883	-49.177374	-118.547576	211.347384	3.508358	5.170671	-35.159127
2.580000	79.973273	-9.246316	-51.875011	1.000590	2.740421	25.136840	-16.921944	272.717155	-46.996791	-107.676733	208.853640	5.038346	4.786559	-34.084622
2.600000	83.398276	-10.165786	-53.916407	5.129321	2.793503	25.271677	-17.598999	263.444462	-45.357387	-97.542506	205.565190	1.356475	3.371033	-33.259552
2.620000	86.704024	-11.053946	-55.763291	9.203010	2.827139	25.299380	-18.251435	256.364476	-43.509487	-88.604674	202.175301	4.031514	3.849634	-32.163768
2.640000	90.061467	-11.903507	-57.451283	13.174403	2.879517	25.403210	-18.882781	247.427003	-42.168563	-80.283018	198.552693	0.489146	3.457160	-30.331611
2.660000	93.359659	-12.713195	-58.986040	17.093295	2.862418	25.485444	-19.485313	239.116667	-40.904595	-72.109262	194.604984	-0.202169	-1.121014	-30.074258
2.680000	96.550099	-13.500382	-60.360236	20.937121	2.859106	25.495847	-20.087528	232.294595	-39.261227	-64.675467	190.673008	2.564852	-1.735490	-28.985630
2.700000	99.679135	-14.282180	-61.587305	24.695248	2.942200	25.492650	-20.651552	226.080210	-38.355215	-57.402806	186.886126	3.187828	1.325102	-27.444156
2.720000	102.784138	-15.045065	-62.675862	28.379362	3.069677	25.518357	-21.201027	220.176496	-36.919712	-50.728607	183.019812	3.354720	4.186459	-26.360214
2.740000	105.817175	-15.786418	-63.649986	31.983457	3.119039	25.529882	-21.745579	215.523991	-35.323828	-44.991401	179.421472	7.000421	2.445264	-26.513011
2.760000	108.755830	-16.482081	-64.479906	35.522430	3.172072	25.552690	-22.232885	206.503416	-33.970265	-39.167523	175.325347	5.161432	0.959079	-23.426324
2.780000	111.677407	-17.151134	-65.213802	38.968385	3.247047	25.637096	-22.690935	199.638303	-32.657663	-33.756571	171.163257	1.634796	0.117036	-22.568667
2.800000	114.520789	-17.781826	-65.854340	42.339162	3.294741	25.726320	-23.111370	192.536536	-31.231630	-28.804404	167.248329	0.133419	-2.282506	-20.855739
2.820000	117.180969	-18.403668	-66.382584	45.635266	3.342259	25.668774	-23.538729	188.401621	-30.092033	-23.919852	163.120971	2.262532	-1.954432	-21.177356
2.840000	119.800772	-18.983342	-66.841358	48.822703	3.361468	25.648379	-23.968663	184.850698	-28.730622	-19.355240	159.461117	0.309106	-2.343753	-22.299947
2.860000	122.306882	-19.556793	-67.202442	51.936527	3.394055	25.558973	-24.401877	180.010456	-27.648116	-15.005293	155.679999	6.132275	-3.160840	-20.735302
2.880000	124.815070	-20.089362	-67.480012	54.998335	3.450569	25.539685	-24.826531	176.823202	-26.505641	-10.814546	151.708873	5.004726	-1.142372	-22.015019
2.900000	127.276111	-20.691131	-67.680101	57.978184	3.460238	25.537960	-25.246289	169.893587	-25.727105	-6.903573	147.076761	-0.004459	-1.891514	-20.783465
2.920000	129.586692	-21.126762	-67.750030	60.865894	3.491269	25.538377	-25.643853	166.416205	-24.361437	-3.026813	143.975300	-2.468368	-1.836196	-20.990240
2.940000	131.883832	-21.610102	-67.781654	63.692843	3.482750	25.535360	-26.060312	161.978227	-23.349192	0.664529	140.243556	-4.053154	-2.505362	-20.549978
2.960000	134.030780	-22.070716	-67.737837	66.431525	3.485314	25.456856	-26.444136	156.133441	-22.350617	4.083307	136.462941	-2.245955	-0.747511	-18.295313
2.980000	136.086699	-22.508452	-67.632181	69.107229	3.545983	25.332362	-26.800799	152.045404	-21.427262	7.366943	132.818868	2.554857	-0.799740	-17.101005
3.000000	138.118718	-22.970221	-67.504185	71.729746	3.388532	25.366641	-27.047813	148.139471	-20.513768	10.354039	128.639552	0.143416	-10.735586	-16.528666
