# MW x(kpc), MW y(kpc), MW z(kpc), MW vx(km/s), MW vy(km/s), MW vz(km/s) LMC x(kpc), LMC y(kpc), LMC z(kpc), LMC vx(km/s), LMC vy(km/s), LMC vz(km/s) 
0.003303 -0.006298 -0.004092 0.675303 0.292728 -0.230829 11.574284 247.790673 129.908878 10.608177 11.305495 -76.673902 
0.002351 -0.003766 0.000416 0.233501 0.601553 0.192711 11.647507 247.838908 128.334058 10.538098 9.394675 -75.353896 
-0.029806 0.018103 0.004816 -1.284171 -1.249265 0.136745 12.142365 248.127505 126.897717 12.740440 7.151798 -78.242101 
-0.047285 0.055647 0.018780 -2.946114 -1.068109 0.507871 12.257761 248.230081 125.142160 14.437006 6.719893 -77.752890 
-0.068330 0.038108 0.025167 -0.476905 -0.911007 0.702233 12.527503 248.470170 123.619087 10.880839 8.734263 -78.705367 
-0.074527 0.103964 0.040783 -3.970568 0.874902 1.087408 12.788884 248.710007 122.010869 10.969927 6.942959 -75.927000 
-0.145411 0.098548 0.067356 -0.548409 -3.094396 1.336886 13.027199 248.753939 120.460815 12.473842 5.918802 -78.663192 
-0.142004 0.170320 0.092975 -3.270858 0.254004 1.783563 13.281066 248.760090 118.802442 10.771544 4.750753 -83.258839 
-0.157670 0.206700 0.127690 -2.498087 0.948707 1.687741 13.490897 248.815844 117.192864 9.029328 3.382275 -86.391275 
-0.179644 0.254083 0.155657 -2.704758 1.010886 1.595110 13.628852 248.789311 115.580040 9.559671 -0.994919 -84.129391 
-0.222626 0.332914 0.193779 -3.989222 0.676873 2.336382 13.902997 248.763462 113.910192 10.980909 -1.311722 -86.524327 
-0.215375 0.342463 0.234212 -0.465862 3.153833 1.742511 14.144164 248.698288 112.232506 10.152178 -0.871498 -85.764730 
-0.222655 0.448920 0.262965 -2.872588 4.452833 1.887816 14.370585 248.643166 110.534184 12.024636 -2.551046 -84.052507 
-0.281889 0.529301 0.299101 -3.067031 2.634245 1.860668 14.536981 248.603197 108.838501 11.267962 -4.755412 -84.369940 
-0.315163 0.604930 0.324576 -2.857860 2.798072 1.759015 14.688947 248.458008 107.110482 10.358289 -5.220097 -86.755477 
-0.324178 0.664191 0.374335 -1.702396 4.092856 1.966672 14.935396 248.312098 105.350919 7.875528 -9.844678 -84.761245 
-0.363917 0.792071 0.411797 -4.825027 3.443754 2.152731 15.186395 248.210398 103.632225 11.943306 -9.662855 -87.865707 
-0.416710 0.876492 0.450073 -4.594454 1.827985 2.213396 15.354664 247.928262 101.916539 10.343169 -12.123045 -84.156839 
-0.408592 0.947328 0.497613 -2.421160 5.009509 1.869600 15.657207 247.724909 100.180347 9.546445 -14.660613 -88.456278 
-0.436301 1.077494 0.538849 -4.691947 3.744335 2.377921 15.866116 247.450239 98.482358 11.295817 -14.496615 -87.961602 
-0.469482 1.190033 0.590637 -4.888258 3.779377 2.560173 16.043116 247.148300 96.651864 9.323374 -13.501257 -88.860576 
-0.490919 1.269614 0.632368 -2.507450 4.405225 2.123362 16.197906 246.815482 94.902376 9.069775 -14.961517 -89.328328 
-0.514776 1.370870 0.684685 -1.653781 4.271770 2.570503 16.407527 246.500290 93.058155 9.620414 -16.733433 -91.291951 
-0.510884 1.512039 0.741081 -2.848815 6.281393 2.796379 16.601577 246.131448 91.274212 8.214665 -16.879928 -89.487527 
-0.526215 1.660188 0.797239 -3.919334 7.103402 2.980112 16.852904 245.823423 89.493826 11.347710 -18.806215 -91.671582 
-0.581848 1.771323 0.855416 -2.797978 4.667970 2.676028 16.989702 245.428461 87.707083 10.272663 -18.480291 -89.038002 
-0.594856 1.870867 0.906875 -0.631057 6.192945 2.629044 17.194796 244.955183 85.832352 9.079864 -20.852706 -93.898414 
-0.604890 2.014811 0.967969 -1.216268 6.245507 2.701444 17.386192 244.471754 83.968987 11.323885 -24.288781 -93.068753 
-0.623089 2.156421 1.019409 -0.922323 6.227215 2.856324 17.624610 243.959578 82.089566 9.140764 -25.471779 -93.725203 
-0.655216 2.295637 1.080868 -0.706631 6.222134 3.073709 17.857741 243.430718 80.160822 10.074822 -27.131814 -96.128898 
-0.668904 2.450976 1.141665 -1.602638 7.433139 3.633712 17.971073 242.840135 78.364154 9.104376 -29.445599 -93.211598 
-0.697307 2.561628 1.209721 2.025404 6.575922 3.145047 18.259515 242.243317 76.535454 9.596262 -30.951792 -95.488564 
-0.734490 2.793775 1.274671 -3.175144 6.961922 3.290181 18.354191 241.566324 74.641832 7.600195 -33.480073 -92.526541 
-0.763473 2.929334 1.340540 -0.429794 7.290081 3.623216 18.578749 240.913796 72.838466 9.477809 -34.752266 -94.333603 
-0.802452 3.100549 1.410538 0.543899 6.546761 3.428634 18.720659 240.162370 70.862713 9.825395 -38.328157 -92.911988 
-0.807417 3.318519 1.485953 -2.109939 8.832431 3.675601 18.893452 239.531798 68.985615 9.778454 -37.568259 -93.425419 
-0.865459 3.538914 1.552347 -3.175846 7.713575 3.230532 19.137186 238.713467 66.988504 8.535306 -40.230266 -96.178542 
-0.898883 3.712642 1.627452 -0.724962 7.923935 3.841214 19.266947 237.939744 65.063221 9.292708 -42.309503 -96.480296 
-0.901857 3.935900 1.697800 -1.731728 9.737074 3.291980 19.473529 237.099021 63.145520 5.179023 -40.707012 -96.807284 
-0.938451 4.155657 1.765541 -1.708052 8.915229 3.462601 19.566018 236.255345 61.174658 6.973114 -44.821361 -96.018432 
-0.979670 4.401490 1.837808 -3.041183 8.840021 3.270387 19.716060 235.275481 59.246817 9.576836 -46.012874 -99.015947 
-0.981250 4.629323 1.911151 -2.964813 11.374485 3.872062 19.771537 234.342739 57.292407 7.483684 -49.261254 -100.857675 
-0.995583 4.855538 1.990309 -1.212446 12.578690 3.787333 20.021634 233.322990 55.256434 7.908410 -49.222889 -99.660188 
-1.075800 5.123437 2.066159 -2.382872 9.091573 3.872180 20.116250 232.373149 53.318880 6.661390 -51.407662 -98.933374 
-1.113530 5.363304 2.150602 -1.290882 8.987043 3.620228 20.358817 231.338248 51.301353 8.670604 -53.937340 -102.711313 
-1.084557 5.670780 2.225077 -4.505717 13.369289 4.301103 20.490668 230.293245 49.255086 5.599325 -53.429167 -97.742122 
-1.154675 5.931232 2.304918 -2.779556 10.967720 3.703010 20.714951 229.227367 47.314296 6.362011 -55.027674 -101.200051 
-1.178888 6.162771 2.381347 0.836776 11.972518 4.234354 20.806969 228.084278 45.245514 5.151470 -57.671906 -101.914125 
-1.171080 6.498659 2.478874 -2.968974 14.005713 4.340080 20.888514 226.840693 43.251148 4.859939 -59.149893 -101.898397 
-1.210894 6.787821 2.565281 -1.195240 13.979953 4.408156 20.934948 225.633549 41.196835 9.703028 -63.559549 -103.091961 
-1.240378 7.071813 2.658176 0.497376 14.328892 4.637669 21.102140 224.314349 39.190587 7.624879 -62.496658 -99.713359 
-1.252163 7.424767 2.751283 -2.786047 15.600667 4.342440 21.213775 222.999937 37.225917 4.150505 -62.942536 -103.693674 
-1.297238 7.763581 2.840785 -3.751007 14.786131 4.400405 21.371542 221.614959 35.203125 6.051064 -72.596621 -100.773160 
-1.344973 8.079356 2.929224 -3.792708 13.532102 4.065359 21.510278 220.188040 33.149585 5.916004 -70.260520 -102.968012 
-1.325577 8.388888 3.009699 -1.471107 16.261378 4.736430 21.586399 218.729514 31.128383 6.057089 -73.356159 -104.358653 
-1.357225 8.729733 3.104280 -1.682874 15.147863 4.089543 21.647960 217.310083 29.015384 6.175420 -77.963655 -102.971878 
-1.333209 9.072883 3.187826 -1.860779 18.474710 3.728504 21.703173 215.724207 26.957241 2.157458 -78.982749 -104.178299 
-1.309869 9.420589 3.269134 -1.328698 22.116866 4.306359 21.771886 214.171169 24.877692 5.890722 -78.539941 -105.806247 
-1.432896 9.742411 3.351470 1.816988 14.912029 4.178070 21.887126 212.563429 22.818722 3.989303 -83.796765 -104.059814 
-1.426276 10.150657 3.426905 -1.734263 17.034192 3.912965 22.027997 210.918168 20.759967 3.556226 -83.068287 -102.003597 
-1.385858 10.484949 3.516778 1.715332 22.035000 4.637634 22.109618 209.103276 18.675083 4.335170 -83.649878 -102.513871 
-1.434039 10.870783 3.596549 0.649797 18.562849 4.120826 22.229218 207.413179 16.673078 4.769093 -90.039157 -100.927904 
-1.417745 11.286026 3.684795 -1.375083 21.492143 4.001409 22.273589 205.632083 14.521932 3.994578 -90.459823 -104.113753 
-1.426172 11.670675 3.751267 -0.280191 22.713433 3.730442 22.256674 203.792701 12.481574 1.270970 -93.832151 -104.204263 
-1.491740 12.084629 3.829820 -1.604405 20.169183 3.581319 22.356735 201.869967 10.474139 3.150043 -96.872579 -104.070926 
-1.528064 12.468898 3.907620 0.486708 19.046643 3.903983 22.355016 199.919093 8.433200 3.309636 -97.787801 -103.895445 
-1.521702 12.909336 3.986668 -1.255609 20.832024 3.232548 22.440399 197.942661 6.314202 2.821278 -102.377486 -101.271998 
-1.564349 13.333439 4.056092 -0.570471 20.275374 3.515031 22.449934 195.883891 4.185543 1.548529 -107.458828 -103.135359 
-1.569214 13.745411 4.128951 1.639028 20.979993 3.557203 22.478736 193.761046 2.099351 -0.903936 -106.526199 -104.548556 
-1.552926 14.202032 4.204340 0.651914 23.673413 3.704604 22.450978 191.629263 0.023878 -1.461160 -112.200653 -103.734454 
-1.558849 14.688283 4.272202 -0.857627 24.424038 2.717106 22.448715 189.391711 -1.999295 -2.269575 -111.855397 -102.956776 
-1.622080 15.130951 4.327574 1.264829 21.884648 3.463821 22.454002 187.107275 -4.072449 0.159008 -116.824147 -103.193928 
-1.626204 15.616257 4.394709 0.811030 22.705198 3.345520 22.408615 184.753420 -6.106545 -2.370361 -119.923216 -102.720950 
-1.673368 16.134921 4.456749 -1.284661 20.110517 2.822678 22.383687 182.311816 -8.146817 -0.770446 -123.839925 -103.353337 
-1.605474 16.641413 4.514183 -1.391896 26.687342 2.643204 22.395341 179.799511 -10.257380 -2.324026 -126.269596 -101.906081 
-1.630998 17.135918 4.572347 -0.179846 26.267634 2.683143 22.360012 177.197125 -12.290873 0.448752 -130.493953 -98.236211 
-1.659434 17.651568 4.616094 1.517923 25.063748 2.578805 22.316934 174.603058 -14.327869 -3.118795 -132.887658 -100.692426 
-1.635734 18.224836 4.665379 -1.485171 27.572784 2.416635 22.306144 171.913819 -16.309634 -2.953893 -133.809265 -99.925675 
-1.639144 18.780865 4.708904 -0.865793 27.496632 2.144732 22.210428 169.171891 -18.287196 -4.220311 -140.475247 -98.976883 
-1.629332 19.346729 4.753916 -0.144393 28.203304 2.227844 22.075908 166.368357 -20.250135 -6.176328 -143.811081 -98.199965 
-1.649330 19.911261 4.800886 0.806627 27.160360 1.733268 22.033670 163.476228 -22.144309 -5.403909 -147.725137 -99.394666 
-1.602578 20.433234 4.831301 5.375325 31.642594 1.754672 21.908487 160.491256 -24.213504 -4.841337 -152.564396 -96.703501 
-1.621130 21.074298 4.860463 2.496196 29.618685 1.085740 21.774399 157.467808 -26.128535 -6.361099 -158.009454 -97.166976 
-1.606768 21.726911 4.884426 0.468922 30.481754 0.981768 21.647968 154.335755 -28.045372 -10.204985 -162.695590 -95.437905 
-1.595339 22.368479 4.903111 0.645026 31.424441 0.637104 21.503534 151.026197 -29.980167 -9.503367 -161.657328 -93.933220 
-1.604112 22.995959 4.917218 2.468951 30.923974 0.791904 21.322663 147.675802 -31.914421 -9.360060 -166.451431 -93.508440 
-1.573323 23.675709 4.925434 0.894369 33.139677 0.150964 21.183034 144.262135 -33.620435 -9.769127 -173.472628 -90.832956 
-1.534630 24.337497 4.922912 2.672534 35.637079 -0.561498 20.914124 140.755176 -35.447746 -9.808136 -174.905257 -89.045133 
-1.525599 25.029433 4.906144 3.559772 34.571463 -0.496609 20.704562 137.186776 -37.184084 -12.186768 -180.778418 -88.283720 
-1.468452 25.753897 4.886465 4.134924 38.350895 -1.410827 20.498133 133.536220 -38.843349 -11.933684 -188.114498 -83.630733 
-1.489783 26.513710 4.858541 2.812838 35.077640 -1.923274 20.196981 129.774191 -40.577728 -14.025397 -193.485514 -83.744883 
-1.404701 27.267944 4.803403 3.535385 38.212028 -2.317714 19.949737 125.913968 -42.161878 -12.619445 -200.396661 -80.090072 
-1.385358 28.050491 4.753991 2.604316 37.503949 -3.122611 19.658494 121.882051 -43.817823 -16.922537 -204.018247 -76.048343 
-1.313009 28.831459 4.678741 3.441188 40.571844 -4.091961 19.310268 117.814681 -45.319319 -17.830597 -208.121995 -71.239626 
-1.308660 29.668222 4.587609 1.502220 38.344735 -4.874382 18.986184 113.473097 -46.710111 -18.556396 -213.637898 -67.741434 
-1.221054 30.438955 4.480048 4.602454 41.838404 -6.343516 18.565713 109.072547 -48.100883 -20.925984 -220.323906 -62.330543 
-1.178887 31.267800 4.350625 5.494830 40.768431 -6.827221 18.112248 104.558947 -49.252504 -22.756223 -226.295910 -57.773433 
-1.123117 32.138017 4.192105 4.013249 40.819980 -8.565864 17.631875 100.006424 -50.460650 -23.821114 -233.731406 -53.198840 
-1.027364 33.015087 4.016674 3.400201 42.773272 -9.183509 17.103512 95.299485 -51.372030 -26.529913 -237.181497 -46.095907 
-0.947496 33.896329 3.813082 4.198664 42.575671 -10.864486 16.528224 90.404127 -52.269412 -29.679145 -245.265799 -42.310044 
-0.813109 34.788220 3.576281 4.992505 46.923903 -12.571912 16.041666 85.422083 -53.021036 -29.242468 -253.228420 -31.473789 
-0.741868 35.714737 3.315711 4.611424 45.549124 -14.120168 15.399493 80.330740 -53.616562 -33.654214 -259.646710 -23.327535 
-0.625741 36.654237 3.006323 4.798809 47.615752 -16.517230 14.709338 75.065768 -54.005460 -34.477590 -264.352566 -14.771935 
-0.503929 37.610774 2.663848 6.214056 48.451275 -18.465396 13.982133 69.596165 -54.157684 -38.259960 -269.180579 -4.775408 
-0.410358 38.590422 2.271561 6.024696 47.896595 -20.748512 13.153482 64.180308 -54.159097 -40.991807 -275.483415 9.788069 
-0.247896 39.577437 1.828267 5.679161 50.095301 -23.069792 12.347167 58.558699 -53.851274 -45.528749 -281.964397 23.508105 
-0.102659 40.551713 1.333056 8.428186 50.677439 -26.568701 11.415659 52.892823 -53.271181 -46.755197 -285.161286 35.854886 
0.032241 41.576948 0.779135 6.264130 50.391437 -28.970870 10.445279 47.146123 -52.360261 -48.754018 -286.257757 55.108808 
0.161825 42.533819 0.162817 9.413177 46.959607 -32.486305 9.455545 41.447872 -51.097807 -50.970913 -285.289316 69.737453 
0.316310 43.490319 -0.512157 10.883357 45.855655 -35.744811 8.372018 35.730910 -49.476178 -57.627345 -281.071293 90.997311 
0.514121 44.430680 -1.261341 11.236318 44.663592 -38.961265 7.186821 30.020794 -47.486752 -59.857065 -278.859438 108.833184 
0.741185 45.339388 -2.070322 11.965409 44.542036 -41.706980 5.991008 24.649308 -45.153719 -60.053187 -270.075578 127.169896 
0.942999 46.220618 -2.945392 10.034350 41.966702 -45.307739 4.758068 19.356866 -42.370417 -62.862793 -257.539441 147.435726 
1.105542 47.043152 -3.866883 11.217991 37.280214 -47.375490 3.504292 14.295011 -39.275469 -66.521809 -248.064582 163.778839 
1.312039 47.792504 -4.837441 12.081240 35.814403 -49.770577 2.261605 9.509367 -35.987452 -66.199073 -232.546406 170.783854 
1.505856 48.509315 -5.855391 10.922459 32.602660 -51.912133 0.976410 5.051739 -32.425621 -65.110481 -213.707352 184.864757 
1.722005 49.170038 -6.907845 11.086878 31.094895 -52.434485 -0.356635 0.940698 -28.674810 -64.448551 -198.263114 192.107280 
1.968667 49.772220 -7.962238 10.915784 31.818523 -53.034330 -1.660303 -2.940974 -24.730942 -65.410210 -180.948059 198.837895 
2.115044 50.328455 -9.029157 9.878979 25.660398 -53.503042 -2.890578 -6.136698 -20.740315 -61.993591 -161.495187 202.690115 
2.249564 50.846982 -10.093030 6.332953 21.357385 -53.246971 -4.125692 -9.324233 -16.661647 -60.291150 -145.889281 204.010707 
2.450951 51.236441 -11.167761 9.826403 21.430005 -52.683766 -5.305343 -12.085638 -12.605222 -57.720155 -135.110451 203.283498 
2.586573 51.653799 -12.201494 7.634789 17.399692 -51.204428 -6.355763 -14.639310 -8.486526 -53.807348 -116.532443 201.723294 
2.734589 52.005567 -13.215864 7.744223 16.556895 -50.228924 -7.488787 -16.839920 -4.468201 -55.506990 -104.262600 200.180620 
2.870067 52.333370 -14.211427 5.340811 15.743117 -49.164509 -8.519140 -18.964500 -0.503651 -53.915113 -91.460505 197.480929 
2.997962 52.626886 -15.195892 4.923986 14.575861 -48.533933 -9.541119 -20.698599 3.410454 -48.843061 -81.904127 193.313051 
3.084819 52.862861 -16.141637 6.330813 12.457707 -47.040312 -10.530537 -22.188982 7.288426 -47.799870 -71.748019 192.241653 
3.190821 53.094444 -17.072533 5.191012 11.386167 -45.315859 -11.537013 -23.600980 11.006941 -43.807747 -59.738574 185.899473 
3.273821 53.319843 -17.965543 3.820908 9.073922 -43.815112 -12.402485 -24.661691 14.717397 -43.761244 -54.199042 183.114691 
3.363605 53.471539 -18.820660 5.152474 8.363290 -42.200902 -13.198022 -25.580027 18.247325 -40.346653 -43.684735 177.443936 
3.438514 53.646011 -19.646030 3.505385 7.447828 -40.339157 -13.966299 -26.395895 21.868760 -40.613672 -38.335844 171.685469 
3.512679 53.785041 -20.448506 3.786174 5.907548 -39.142984 -14.662458 -27.109627 25.299711 -35.887872 -31.984188 167.567373 
3.602219 53.925085 -21.209290 2.606649 6.767873 -37.682454 -15.337387 -27.593374 28.468350 -35.974681 -24.886878 162.246702 
3.653360 54.016545 -21.936616 3.001890 6.214422 -36.205649 -16.058774 -28.155118 31.668111 -34.752332 -18.496497 158.114957 
3.674160 54.179829 -22.645055 -0.823629 4.082285 -34.523329 -16.736779 -28.391370 34.648510 -33.743682 -10.402402 149.604865 
3.699203 54.198317 -23.323960 3.221642 1.843490 -33.822683 -17.412954 -28.603299 37.579553 -31.274404 -3.370278 143.927967 
3.775032 54.270538 -23.987572 2.091231 3.755267 -32.329559 -18.016762 -28.530728 40.498885 -30.839759 1.761313 140.428327 
3.786582 54.303102 -24.618152 3.907216 2.864616 -30.929249 -18.701186 -28.457434 43.276749 -26.413522 7.457527 138.474847 
3.820011 54.399483 -25.219731 0.674848 2.268724 -29.575025 -19.194037 -28.223621 46.016343 -25.128378 10.490426 131.037682 
3.826829 54.393020 -25.801013 2.588697 1.137595 -28.255618 -19.708478 -27.989756 48.591558 -24.291542 17.816548 127.038438 
3.849792 54.459956 -26.350890 0.130958 1.394584 -27.228304 -20.172525 -27.516063 51.109888 -22.997474 24.000941 122.937898 
3.836778 54.497754 -26.886002 0.140019 -0.164134 -26.071730 -20.551870 -27.035964 53.464864 -23.070685 27.761725 118.666613 
3.866627 54.510979 -27.394366 -0.133042 0.821261 -25.056011 -20.983115 -26.549549 55.776268 -20.655708 29.039467 111.694896 
3.857276 54.506409 -27.882731 0.357508 -0.092467 -24.021279 -21.384703 -25.950971 57.912566 -20.406061 32.586268 106.858603 
3.861639 54.534774 -28.356806 -0.915638 1.331852 -23.256856 -21.766201 -25.260809 60.042563 -19.477195 36.883742 100.984242 
3.841318 54.528711 -28.806941 -1.547894 1.715565 -21.885759 -22.082250 -24.508764 62.060076 -17.160242 39.875517 98.328427 
3.815644 54.495885 -29.225844 0.018248 1.082236 -20.905867 -22.468724 -23.647734 63.864358 -15.883989 45.198599 92.711224 
3.730402 54.535751 -29.632214 -2.084429 -2.909948 -19.616207 -22.747199 -22.777365 65.747195 -12.793896 46.705859 88.378320 
3.712846 54.493757 -30.012635 -0.688766 -1.386242 -18.505900 -22.993488 -21.777771 67.503632 -12.312781 49.703174 81.869069 
3.705686 54.470486 -30.382262 0.463559 -0.140781 -18.042852 -23.263285 -20.742372 69.096389 -10.183384 53.266058 79.735779 
3.683766 54.486848 -30.728779 -1.410114 0.590581 -16.919096 -23.526582 -19.655953 70.587403 -10.582679 56.621249 75.706188 
2.874737 53.737099 -30.266044 33.565816 -75.057832 -15.869090 -23.706083 -18.530064 72.058242 -10.517097 60.585802 72.251949 
