# MW x(kpc), MW y(kpc), MW z(kpc), MW vx(km/s), MW vy(km/s), MW vz(km/s) LMC x(kpc), LMC y(kpc), LMC z(kpc), LMC vx(km/s), LMC vy(km/s), LMC vz(km/s) 
0.005653 0.000086 -0.001048 -0.068785 0.473615 0.126491 11.573532 248.001484 130.008794 11.572475 10.800072 -77.454609 
-0.002739 0.020264 0.004079 -0.784026 0.263633 -0.265076 11.792174 248.151311 128.467313 12.458342 8.139065 -77.267497 
0.013289 0.014810 0.001324 0.909068 1.667003 -0.056413 12.099643 248.436670 126.866715 10.797683 10.037995 -77.801042 
0.011593 0.070639 0.000926 -0.711402 1.644157 0.075449 12.179228 248.593912 125.213331 11.416288 7.885973 -77.689255 
0.001651 0.098568 0.010871 -0.917816 1.254897 0.335779 12.535609 248.751355 123.691280 12.561838 6.992506 -80.460827 
-0.014037 0.113358 0.017001 0.958675 -0.115887 0.355833 12.775122 248.792581 122.138666 11.098354 5.901253 -79.622007 
0.003597 0.130548 0.029801 2.517489 0.373508 0.278868 13.012614 248.892634 120.546626 12.682772 4.171766 -82.564841 
0.036448 0.206794 0.031675 0.643081 2.653052 0.426389 13.296635 249.023540 118.943353 11.832569 3.847627 -83.219911 
0.064175 0.280576 0.043255 -1.073342 4.314931 0.342070 13.431660 249.050205 117.318939 8.705611 2.019745 -81.259580 
0.065225 0.277732 0.052767 3.327904 2.987321 0.527781 13.659717 249.034561 115.659514 11.881967 -0.300083 -80.217788 
0.103297 0.397655 0.063797 -0.751463 5.478771 0.293352 13.926907 249.034789 114.024299 10.733731 -1.270454 -84.133042 
0.074728 0.495171 0.074660 -2.669635 2.452532 0.305380 14.094004 248.911301 112.340223 14.248493 -0.857229 -81.765854 
0.121593 0.545043 0.082452 -1.003459 5.490999 0.197319 14.377858 248.896059 110.670085 11.539290 -4.291546 -84.350264 
0.098291 0.616490 0.094471 -0.505998 2.586233 0.830223 14.612585 248.841313 108.991932 10.314474 -5.643584 -84.353464 
0.140684 0.716519 0.102716 -1.536969 4.692421 0.929221 14.771278 248.791982 107.317352 9.829230 -8.159504 -85.511360 
0.175425 0.773218 0.123548 1.011301 5.957387 0.976438 14.989298 248.551342 105.565282 9.550624 -8.107786 -84.925594 
0.170212 0.861342 0.139478 0.897989 4.545500 1.020120 15.226865 248.452259 103.839804 9.690088 -9.227093 -86.149344 
0.176702 0.978756 0.163293 -1.028012 3.858186 0.890742 15.442098 248.251007 102.148226 10.539702 -9.794461 -87.551285 
0.223351 1.012281 0.180897 3.544536 6.294862 1.107366 15.627705 248.019708 100.408324 12.794763 -12.700224 -85.476016 
0.200134 1.150240 0.207712 0.164373 2.632528 1.128945 15.842247 247.784740 98.689003 10.958199 -12.730894 -86.061563 
0.265778 1.234774 0.226323 1.817700 5.951724 0.889997 16.079007 247.529772 96.938129 9.858758 -12.991415 -87.516317 
0.253533 1.359493 0.256009 0.565709 3.950919 1.288060 16.300297 247.286754 95.205189 11.829969 -13.426269 -88.051113 
0.301901 1.469662 0.283231 0.797180 6.458950 1.309428 16.518759 246.926101 93.457496 10.039927 -16.578289 -88.386086 
0.325534 1.594354 0.319560 0.642123 6.615312 1.677690 16.772122 246.645612 91.601586 11.635469 -13.728762 -90.860306 
0.329439 1.749795 0.348814 -1.485698 5.965512 1.191921 16.952460 246.250236 89.784279 8.414756 -17.527985 -91.137620 
0.328081 1.837867 0.373205 0.994209 4.607538 1.486525 17.158730 245.853262 87.972099 11.130085 -18.999268 -91.641601 
0.347782 1.964422 0.394124 1.571489 4.215761 1.315011 17.313976 245.405363 86.155109 10.067262 -22.811573 -91.433752 
0.388027 2.140330 0.432344 -1.155289 5.964677 1.600140 17.512843 244.927680 84.327948 9.702621 -22.857875 -91.370114 
0.467480 2.296297 0.470842 -1.731510 10.382014 1.851723 17.708069 244.479937 82.532834 8.717211 -24.037771 -91.782735 
0.452791 2.395552 0.506953 2.344217 7.678209 1.791179 17.957104 243.914584 80.656555 10.216319 -27.612543 -92.670558 
0.475524 2.576063 0.539053 -0.102066 8.169562 1.968415 18.111085 243.434461 78.784941 9.607338 -31.130871 -93.870799 
0.484245 2.732665 0.573283 0.076068 7.220042 1.827508 18.294279 242.864551 76.895962 8.264489 -32.151106 -95.943528 
0.511694 2.871827 0.614336 1.907454 7.844480 1.877628 18.498426 242.226468 75.009833 9.270648 -32.057106 -94.267551 
0.545160 3.036813 0.651347 2.135937 8.908599 1.956270 18.644124 241.589537 73.193724 9.573569 -32.662540 -93.489977 
0.567541 3.229351 0.686741 0.095107 8.605776 1.831200 18.884920 240.952458 71.315597 8.229587 -34.411754 -93.603050 
0.604371 3.391806 0.726337 2.140772 9.420698 1.684743 19.031687 240.213392 69.377118 7.639928 -33.301116 -93.276927 
0.631745 3.603586 0.765600 -0.063134 9.613441 1.844068 19.179459 239.482464 67.513024 9.468905 -36.180547 -95.096849 
0.614600 3.785757 0.800685 0.121004 6.398421 2.159899 19.412046 238.783146 65.623876 10.289520 -38.578019 -97.737489 
0.682263 3.976423 0.845496 0.664792 8.931130 1.926649 19.626531 238.030556 63.608842 9.262492 -40.437920 -98.919002 
0.738220 4.210670 0.886917 -1.219166 11.071631 2.178373 19.814127 237.190125 61.666530 7.924919 -42.557242 -95.697637 
0.791465 4.390883 0.921952 0.502646 13.232156 2.126480 19.952868 236.312434 59.730651 8.607831 -42.973593 -96.858960 
0.797598 4.576992 0.972424 2.137622 10.971682 2.366814 20.083136 235.416538 57.777360 6.860901 -44.972295 -97.242292 
0.808416 4.791812 1.017308 2.708061 8.990800 2.161250 20.226688 234.472406 55.826102 6.756854 -47.982062 -95.619086 
0.862744 5.029061 1.059822 1.962770 10.877071 2.273013 20.436503 233.489203 53.864437 7.588858 -47.069699 -96.690318 
0.888416 5.252761 1.109216 2.101545 10.252303 2.032528 20.575341 232.483888 51.925099 7.250350 -48.646115 -97.774964 
0.967695 5.520452 1.149267 -0.167131 13.567851 2.519609 20.792979 231.435766 49.952104 9.388872 -51.729574 -99.613995 
1.012224 5.749244 1.185794 1.121744 14.326591 2.545291 20.951432 230.392799 47.982639 6.395257 -51.767901 -96.945234 
1.020054 5.992658 1.248462 1.232322 12.395911 2.573528 21.118609 229.327353 45.946992 9.297826 -57.544686 -99.766249 
1.027976 6.206540 1.296473 3.902161 10.699826 2.301349 21.255959 228.172999 43.974730 8.925211 -57.039221 -102.210294 
1.098879 6.488618 1.343007 2.707472 13.355837 2.231484 21.422497 226.945336 41.920089 8.558932 -59.984965 -100.179050 
1.154579 6.726999 1.378758 5.172011 14.275356 2.189404 21.467561 225.785926 39.941825 4.895757 -60.460307 -99.041265 
1.174453 7.047844 1.427079 1.733455 13.533570 2.307455 21.604203 224.519322 37.979753 5.433305 -64.160502 -100.862831 
1.218296 7.353128 1.472939 -0.018760 14.309605 2.130930 21.723303 223.289864 35.975250 5.797285 -64.665992 -101.554577 
1.258892 7.635622 1.517516 1.006279 14.693299 2.072597 21.818347 221.970229 34.014914 8.199084 -64.865492 -103.252572 
1.298376 7.901616 1.558085 3.893643 15.564552 2.168523 22.002126 220.588847 31.897626 8.215011 -69.841242 -100.920999 
1.309541 8.241311 1.598384 1.318993 13.544014 2.197184 22.112294 219.199449 29.867731 8.428605 -69.467202 -102.427130 
1.393271 8.553603 1.643818 2.105130 16.569121 2.072842 22.228700 217.714077 27.825896 6.378148 -73.794101 -103.337614 
1.440176 8.873708 1.681933 3.418236 17.158383 2.056027 22.354059 216.212577 25.738747 5.378723 -75.220461 -98.706244 
1.520935 9.209374 1.716997 3.613191 20.046688 1.934161 22.451093 214.723980 23.679745 2.331119 -77.337543 -100.510444 
1.519606 9.564626 1.754534 3.014940 16.277647 1.703991 22.543708 213.095467 21.670417 1.947181 -79.862387 -103.441386 
1.573431 9.938159 1.799551 1.584233 17.418345 2.096746 22.626726 211.547080 19.623203 4.450580 -80.865863 -101.591661 
1.615835 10.272833 1.842152 3.646650 17.697100 1.806897 22.678596 209.896859 17.550218 3.039946 -86.716811 -103.291709 
1.686365 10.649965 1.870398 3.342932 19.541037 1.593083 22.782184 208.144109 15.546614 2.249884 -89.275766 -101.937570 
1.730168 11.050860 1.899731 1.432111 19.884107 1.620004 22.829352 206.403687 13.450928 4.729913 -91.717672 -102.269047 
1.782822 11.442519 1.936347 1.393130 20.226241 1.367013 22.904299 204.603727 11.431726 5.071559 -90.195578 -102.416323 
1.799957 11.807848 1.967220 3.699050 18.360364 1.603912 23.047611 202.778895 9.394565 3.051201 -93.558952 -103.928820 
1.888351 12.216201 1.990061 3.788523 21.306525 1.615553 23.041278 200.891787 7.321620 3.339029 -99.023358 -102.844036 
1.945383 12.617584 2.022672 4.314070 21.312099 1.162647 23.152366 198.896878 5.248088 5.934137 -96.591011 -104.194710 
1.997151 13.049684 2.048016 3.686647 21.412855 1.390788 23.134802 196.899535 3.249032 4.401432 -102.174619 -104.258676 
2.079746 13.518320 2.071007 0.767096 22.733408 1.355130 23.231248 194.899416 1.107617 2.178337 -104.699658 -103.718650 
2.124969 13.904309 2.091033 4.225275 21.456901 1.035889 23.329075 192.760364 -0.961599 1.852944 -107.919703 -102.064593 
2.192684 14.356198 2.115112 3.543008 22.094395 1.206158 23.286441 190.609516 -3.044956 1.560770 -109.558543 -102.373511 
2.295785 14.797065 2.135973 4.469620 25.213358 0.819437 23.298587 188.384663 -5.088828 0.069237 -113.417174 -103.939121 
2.331746 15.269863 2.144846 3.631594 23.306294 0.507391 23.335085 186.049457 -7.150173 1.988575 -115.267363 -102.809645 
2.422682 15.738992 2.150437 3.710880 25.981065 0.329336 23.304770 183.691568 -9.167721 1.448193 -115.942859 -102.303929 
2.469138 16.217513 2.158763 4.171342 24.996735 0.320511 23.308858 181.310450 -11.231263 -1.620564 -121.573458 -102.769535 
2.558896 16.713801 2.165839 3.227604 25.990909 0.078804 23.323224 178.873154 -13.155079 -1.840374 -124.551275 -100.231567 
2.625899 17.190052 2.162032 4.491037 25.733642 -0.212918 23.324777 176.303848 -15.170526 -0.508253 -129.646100 -100.739335 
2.714706 17.685219 2.161703 4.921727 26.925735 -0.344333 23.304106 173.763852 -17.180075 -0.943614 -132.618003 -99.947505 
2.798252 18.216094 2.153448 4.247630 27.574833 -0.226601 23.257097 171.096322 -19.240755 -1.773967 -134.709523 -98.659963 
2.853008 18.733535 2.148045 4.936209 26.701888 -0.591306 23.187568 168.299866 -21.238621 -1.930183 -139.041485 -99.540286 
2.953592 19.278734 2.132359 4.529706 28.663902 -0.606421 23.160517 165.505449 -23.227873 -3.068224 -141.080272 -99.047147 
3.031597 19.823675 2.107796 5.639022 28.574318 -1.405400 23.033475 162.644699 -25.181457 -3.995988 -145.948691 -97.937369 
3.087243 20.425687 2.085231 2.777490 27.339427 -1.415836 22.922959 159.628239 -27.101360 -2.085104 -150.978262 -96.069804 
3.217139 20.967419 2.049185 5.139048 31.908177 -2.096485 22.862033 156.655072 -28.957879 -5.107835 -152.812437 -93.539965 
3.282909 21.524512 2.008438 7.483073 30.621230 -2.167581 22.782275 153.569284 -30.854265 -4.666614 -158.867054 -92.887414 
3.343887 22.136222 1.958859 6.411204 28.681647 -2.652818 22.715935 150.333079 -32.726973 -6.383748 -161.810213 -94.439882 
3.473462 22.751392 1.894501 5.114522 31.797431 -2.962953 22.639598 147.079977 -34.552454 -7.136680 -165.534628 -91.119624 
3.585863 23.399202 1.845761 2.698141 33.151901 -3.457443 22.448799 143.692534 -36.427776 -7.408003 -169.711468 -90.036253 
3.689556 24.013675 1.763898 3.676286 34.497822 -4.037985 22.309804 140.204257 -38.219119 -8.762817 -174.809152 -88.522227 
3.765362 24.622155 1.680918 6.355142 32.992346 -4.358163 22.120564 136.655571 -39.976211 -9.689107 -180.905871 -85.619763 
3.864553 25.267496 1.585726 6.717448 33.440894 -4.909492 21.872188 133.035921 -41.610160 -10.268049 -189.366064 -85.039640 
3.985832 25.971234 1.480914 3.903897 35.155790 -5.467097 21.649487 129.273938 -43.282283 -10.890554 -190.104888 -82.638502 
4.077123 26.623226 1.364171 6.472772 34.529319 -6.005744 21.401396 125.441674 -44.833785 -10.609541 -194.934739 -79.954765 
4.212345 27.331791 1.235203 5.779269 36.983353 -6.721163 21.153942 121.469947 -46.391365 -12.900312 -202.849184 -73.944533 
4.293605 28.061488 1.096870 4.577592 35.267103 -7.252497 20.944455 117.403573 -47.949407 -13.816330 -206.748591 -74.021653 
4.417576 28.753470 0.941255 7.076081 36.028981 -8.231029 20.636481 113.163559 -49.288598 -15.072538 -213.145487 -70.651703 
4.556056 29.521138 0.774781 5.987716 38.338235 -8.672631 20.317358 108.823385 -50.701419 -17.649066 -218.606215 -65.567627 
4.711833 30.293292 0.586877 5.654658 41.098137 -9.585259 19.961143 104.378799 -51.955242 -18.003273 -225.868731 -58.167585 
4.806767 31.044743 0.383360 8.212700 39.665130 -10.676418 19.620796 99.806110 -53.093686 -19.681207 -232.502025 -55.564208 
4.965378 31.851216 0.154616 7.668448 41.639421 -11.827164 19.155746 95.085473 -54.087299 -21.330092 -237.087393 -49.333923 
5.064171 32.671922 -0.095008 7.672067 40.096869 -13.309028 18.740111 90.343468 -54.968546 -23.911582 -245.850364 -41.593421 
5.202429 33.493961 -0.381128 9.319824 41.057531 -14.988126 18.248839 85.450998 -55.714394 -24.092829 -249.977853 -36.050429 
5.352043 34.392932 -0.690710 6.437013 42.374384 -16.705765 17.775449 80.317711 -56.342485 -25.480439 -256.974081 -27.733269 
5.521056 35.263085 -1.040567 7.056089 44.672012 -18.219094 17.185394 75.127906 -56.824949 -26.340529 -263.141947 -14.951249 
5.650462 36.133899 -1.419121 8.500166 43.445564 -20.015706 16.652247 69.757481 -56.956231 -29.072055 -269.338542 -4.963499 
5.811664 37.007343 -1.842093 10.104736 44.102579 -22.125220 16.095597 64.269234 -56.963047 -32.118322 -277.703093 6.437829 
5.957793 37.916535 -2.304394 9.503284 42.982550 -24.548338 15.433500 58.679584 -56.738694 -32.476952 -282.022294 19.071986 
6.133717 38.826495 -2.820701 10.236481 43.840723 -27.046756 14.706142 53.018868 -56.115049 -38.494500 -284.504293 36.346907 
6.314034 39.743068 -3.387576 10.398713 44.018819 -29.592818 13.987741 47.307994 -55.244155 -39.115567 -287.427116 54.144784 
6.508061 40.666858 -4.007257 9.606524 44.507023 -32.189775 13.106694 41.552283 -54.062090 -43.320099 -286.401983 69.605526 
6.714899 41.586030 -4.681448 8.446815 44.469783 -35.385952 12.237093 35.828963 -52.435676 -45.125431 -287.795998 89.179163 
6.909668 42.453151 -5.413324 9.850127 42.475883 -37.853167 11.337891 30.099217 -50.551027 -46.209741 -282.086207 108.794340 
7.134826 43.308064 -6.199944 10.311053 42.484997 -40.699744 10.442006 24.571066 -48.163798 -48.345835 -275.023678 129.072566 
7.336211 44.135193 -7.050996 9.922454 39.434902 -43.731074 9.412687 19.170077 -45.372211 -48.291354 -260.755333 146.289242 
7.575964 44.916705 -7.947842 10.045104 38.725508 -45.728034 8.460213 14.039612 -42.314020 -48.677426 -252.014523 163.788382 
7.767282 45.643862 -8.882003 10.408870 34.566559 -47.763774 7.520366 9.210543 -38.944773 -49.938485 -234.861122 177.331936 
7.980512 46.329929 -9.846543 9.407896 32.281211 -48.764838 6.554122 4.662542 -35.177275 -48.102779 -217.937437 187.281092 
8.157694 46.945651 -10.832444 9.828073 27.534065 -49.764099 5.554733 0.563023 -31.368173 -47.410333 -199.625801 195.233301 
8.372520 47.484415 -11.835582 11.579216 25.656625 -50.188252 4.598024 -3.232398 -27.394383 -45.719478 -181.788092 200.770228 
8.580901 48.006483 -12.846408 10.874702 23.814772 -50.548220 3.692168 -6.744260 -23.223226 -44.101253 -165.194192 208.182938 
8.817895 48.487464 -13.851288 10.189166 24.376312 -50.034812 2.709701 -9.881669 -19.060373 -44.308338 -151.055845 208.889141 
9.000560 48.925382 -14.856691 9.487595 21.106901 -49.643817 1.902561 -12.727709 -14.996700 -42.156599 -134.887381 208.991130 
9.193038 49.313287 -15.843934 9.483950 19.827268 -48.977693 1.115325 -15.297718 -10.797017 -40.243234 -120.591616 206.293478 
9.331675 49.706970 -16.818755 6.926337 15.015722 -48.211623 0.313227 -17.638258 -6.741406 -38.351991 -106.346917 204.718621 
9.520242 50.002971 -17.768794 8.746814 14.852561 -46.812056 -0.445474 -19.613867 -2.656677 -37.628054 -95.833958 202.484714 
9.644948 50.331575 -18.689127 5.838294 11.008258 -45.369043 -1.111894 -21.435070 1.368967 -35.049149 -84.050757 197.194366 
9.830632 50.551737 -19.584583 8.850652 11.899922 -43.799758 -1.756966 -22.990812 5.188895 -34.644374 -73.142532 193.430746 
10.021389 50.762106 -20.452740 9.985297 13.497717 -42.623156 -2.455736 -24.369523 9.093039 -30.222178 -62.563137 188.051558 
10.119403 51.010772 -21.293675 7.373406 9.112301 -41.162562 -3.081916 -25.521256 12.722113 -29.545499 -54.992629 182.350113 
10.280275 51.196153 -22.110269 7.926553 9.529771 -39.982948 -3.648204 -26.544356 16.440685 -26.773744 -45.991180 181.118714 
10.418110 51.368942 -22.896620 8.189259 8.843326 -38.395692 -4.155256 -27.354007 19.900917 -26.073624 -39.105884 172.651553 
10.532505 51.544124 -23.653370 7.512489 7.635965 -37.028877 -4.676325 -27.987791 23.329622 -26.207299 -31.552379 167.734407 
10.635982 51.707673 -24.385655 6.233602 5.796855 -35.698645 -5.094011 -28.613878 26.651025 -23.375516 -25.521877 162.743756 
10.744582 51.826265 -25.085694 7.657408 4.732449 -34.851613 -5.522638 -29.065565 29.821963 -20.949799 -17.317979 157.329815 
10.850029 51.994388 -25.771806 5.184253 3.358243 -33.637629 -5.943785 -29.317535 32.984874 -20.704418 -13.029029 154.807673 
10.958421 52.134928 -26.437114 3.150177 2.938768 -32.545034 -6.388431 -29.508044 35.968615 -18.105189 -7.158110 147.068687 
11.100792 52.185720 -27.077593 7.383517 5.385337 -31.145155 -6.732670 -29.675517 38.811684 -18.017302 -1.245557 142.991675 
11.196594 52.309234 -27.699561 4.871702 4.276438 -30.474300 -7.075981 -29.619541 41.703481 -17.214356 3.863557 137.417233 
11.291558 52.408879 -28.284428 4.251524 4.414114 -29.149944 -7.472249 -29.555946 44.323385 -17.090939 9.026255 134.548682 
11.343462 52.462421 -28.860026 5.348790 1.056359 -28.355142 -7.763437 -29.334526 47.062059 -14.362339 10.430984 128.424106 
11.496494 52.515087 -29.420570 6.228233 4.972968 -27.220053 -8.084649 -28.973412 49.508557 -13.306934 16.136579 123.308618 
11.536239 52.578057 -29.963753 6.207451 1.126613 -26.443577 -8.370622 -28.705776 51.916049 -13.510731 20.457340 118.432583 
11.642649 52.677506 -30.477269 2.834979 2.616361 -25.753655 -8.613433 -28.137184 54.218506 -11.875423 24.955563 112.645197 
11.693201 52.721455 -30.987962 3.041078 0.076710 -24.733960 -8.779511 -27.588735 56.453109 -8.854136 28.244890 110.218330 
11.780279 52.772111 -31.471084 2.562587 1.097196 -23.860000 -8.944940 -27.023958 58.581665 -8.858791 31.847764 104.102832 
11.849902 52.800358 -31.942377 3.569357 0.971232 -22.720199 -9.097253 -26.329768 60.522043 -6.404490 36.477821 98.335593 
11.928303 52.815205 -32.388833 5.137899 1.695074 -21.809259 -9.219063 -25.607915 62.469072 -7.679899 39.484532 95.112806 
11.983499 52.876579 -32.819412 3.057281 1.160346 -21.160373 -9.338269 -24.756233 64.361457 -5.636000 43.083397 90.924353 
12.046108 52.944678 -33.236303 0.187799 0.696619 -20.546567 -9.387742 -23.867200 66.046391 -4.939772 45.873917 83.399849 
12.082098 52.921900 -33.645532 4.053848 -1.353763 -19.774447 -9.506967 -22.965061 67.750755 -4.274458 48.314130 79.739096 
