# MW x(kpc), MW y(kpc), MW z(kpc), MW vx(km/s), MW vy(km/s), MW vz(km/s) LMC x(kpc), LMC y(kpc), LMC z(kpc), LMC vx(km/s), LMC vy(km/s), LMC vz(km/s) 
-1.147654 0.279348 0.299146 -1.318495 -1.120089 0.792542 11.574283 247.790689 129.908886 10.608177 11.305495 -76.673902 
-1.143453 0.248876 0.311893 1.688324 1.364181 0.168063 11.647268 247.849925 128.323494 10.602893 9.429294 -75.439302 
-1.150160 0.303543 0.321971 -0.138298 3.129302 0.110005 12.120240 248.112752 126.888077 12.194717 7.730017 -78.739193 
-1.176165 0.383783 0.321230 -4.768387 4.128764 0.343112 12.245589 248.224733 125.158366 14.618081 6.594127 -77.526254 
-1.242727 0.383099 0.338485 -3.255641 2.371272 0.595818 12.542571 248.461786 123.627089 10.868398 9.562376 -79.452861 
-1.334428 0.395223 0.359871 -2.395912 -0.204798 1.483281 12.794059 248.701569 122.024787 10.707842 5.574092 -76.439151 
-1.356493 0.412815 0.389063 -1.366583 1.358963 1.224749 13.053143 248.711288 120.447031 12.377241 5.144543 -80.458535 
-1.368923 0.452001 0.407227 -0.912497 1.948016 1.499272 13.287232 248.754932 118.778001 11.142817 4.219765 -82.932889 
-1.371293 0.500846 0.425564 -0.364296 3.444458 1.593964 13.449383 248.786427 117.192994 8.870531 3.178641 -86.688850 
-1.348366 0.555400 0.462201 -1.020327 6.778889 1.349828 13.655325 248.749523 115.558518 10.135009 -0.282034 -84.756263 
-1.481750 0.624728 0.494261 -3.730903 0.715467 1.596367 13.887907 248.730984 113.838536 12.510652 -1.712438 -86.869089 
-1.496415 0.644999 0.532847 -1.711181 2.632323 1.192010 14.159209 248.617716 112.187809 9.545950 -1.865855 -85.487944 
-1.507025 0.665183 0.557713 1.123347 4.852691 1.486319 14.374611 248.551997 110.506937 10.494789 -2.563642 -84.441001 
-1.548793 0.694439 0.588946 1.880522 3.936706 1.067559 14.528825 248.505778 108.767228 11.467019 -5.719099 -83.921126 
-1.557058 0.725325 0.619622 3.633007 5.001599 1.788386 14.707280 248.383582 107.067195 9.970764 -6.614240 -86.540990 
-1.548498 0.798883 0.660200 2.416060 5.333237 2.139743 14.907006 248.219478 105.318745 7.424091 -10.331021 -84.228185 
-1.547915 0.864874 0.705687 1.959297 5.895485 2.351395 15.193915 248.035848 103.580837 11.613562 -13.161579 -88.063399 
-1.520887 0.926407 0.756352 2.029924 7.744222 1.382526 15.368405 247.802234 101.845332 10.550370 -11.778681 -85.895952 
-1.532316 0.940989 0.806420 4.398379 7.096961 1.789564 15.659426 247.536427 100.101869 9.777210 -15.305237 -85.912041 
-1.606164 0.952363 0.869220 7.534400 4.485817 1.519430 15.814275 247.278886 98.353069 9.084274 -16.258325 -89.827697 
-1.568679 1.001129 0.917363 7.263691 7.395177 1.836355 15.995706 246.965337 96.590775 9.383248 -14.423267 -88.760764 
-1.490379 0.975926 0.955951 14.018157 11.445395 -0.095765 16.163775 246.641397 94.753954 8.861854 -15.092893 -91.518583 
-1.502685 1.097408 1.006498 9.802871 9.721572 1.694106 16.347475 246.370076 92.952272 8.020085 -17.510252 -90.476458 
-1.437783 1.066454 1.070542 15.793504 12.566213 0.216552 16.521908 245.928506 91.168926 9.739959 -17.293274 -90.045531 
-1.362801 1.120742 1.109262 16.463780 13.420248 0.242763 16.769626 245.503858 89.390352 8.185916 -19.117340 -92.989648 
-1.255027 1.072655 1.173780 23.786843 14.945380 -0.392677 16.955202 245.140295 87.567007 9.862597 -22.928637 -89.149764 
-1.042079 0.927489 1.238425 37.814956 22.489784 -2.996009 17.119057 244.688427 85.677850 9.490060 -24.692001 -94.171076 
-0.855536 0.859178 1.299110 44.130466 27.762980 -3.715942 17.350447 244.137662 83.863733 10.550392 -25.400525 -93.821041 
-0.595687 0.787275 1.343083 50.124239 34.722558 -5.739049 17.527528 243.629160 81.932718 7.313125 -27.658619 -94.151648 
-0.365946 0.625201 1.405129 59.050684 38.123700 -7.176004 17.803180 243.019876 80.109539 8.101245 -29.494801 -97.444196 
-0.164487 0.525235 1.465701 64.948257 41.109124 -8.573715 17.898759 242.438566 78.209535 8.492686 -29.565413 -93.941293 
-0.061550 0.437461 1.537150 69.774836 44.459448 -9.776966 18.084950 241.733043 76.388023 9.424081 -33.562127 -93.055909 
-0.071659 0.458223 1.610506 67.465541 43.863829 -9.224038 18.272600 241.085163 74.428650 7.073741 -34.525353 -92.071502 
-0.186847 0.494642 1.701021 65.166806 43.565329 -9.000675 18.395389 240.385354 72.562508 8.420764 -35.712904 -95.772407 
-0.430966 0.533879 1.816810 62.152304 38.377982 -8.299435 18.538515 239.599435 70.658872 10.827978 -38.763481 -96.298053 
-0.618741 0.711717 1.914343 56.514263 36.878129 -7.213560 18.765435 238.870108 68.720745 8.457825 -37.423383 -97.934825 
-0.855273 1.011572 2.011277 48.622132 34.619727 -6.140375 18.958399 238.139186 66.798598 8.281440 -40.677017 -94.024933 
-1.144121 1.354941 2.110063 41.144050 27.569761 -4.295239 19.091441 237.285847 64.830536 7.372168 -44.149724 -98.833076 
-1.432080 1.649087 2.215284 37.239681 20.052346 -2.829373 19.225872 236.360238 62.880275 4.780286 -42.617751 -97.361797 
-1.575277 1.996622 2.288509 31.772160 21.460467 -1.696558 19.287307 235.474589 60.965802 7.226371 -46.420949 -98.641750 
-1.721105 2.429584 2.375179 19.757685 17.884360 0.384349 19.366184 234.460531 58.978641 9.159798 -49.324860 -97.774019 
-1.888759 2.925147 2.459204 4.268597 10.328133 3.363881 19.528270 233.476952 57.042544 7.942066 -51.795170 -103.151378 
-2.059665 3.347172 2.552334 -2.565864 6.025988 4.883864 19.737622 232.439833 55.030867 8.205714 -52.367443 -99.415820 
-2.170592 3.660691 2.649253 -0.388065 8.726613 4.966305 19.961351 231.426693 53.015778 7.529005 -53.345243 -98.986527 
-2.240056 4.011854 2.731461 -1.327683 11.598052 4.537044 20.053912 230.419634 51.013289 7.627087 -55.386506 -101.484899 
-2.281951 4.341571 2.814864 2.259742 14.276257 3.997405 20.140222 229.301547 48.940872 4.408834 -58.072198 -98.190968 
-2.337783 4.717888 2.913626 -0.987755 13.117280 5.103272 20.203554 228.131520 46.950060 3.670877 -58.581332 -101.827068 
-2.389570 5.139306 3.009187 -8.391176 7.718923 6.272196 20.231004 226.885533 44.913880 6.126430 -61.486261 -99.813622 
-2.424247 5.539028 3.099734 -13.241092 5.469391 7.652305 20.377942 225.614338 42.838103 5.612530 -62.615495 -102.614738 
-2.481758 5.833562 3.192447 -11.332780 1.925379 7.377289 20.528839 224.302633 40.824005 4.830484 -66.253434 -101.944900 
-2.445962 6.124937 3.276605 -8.258735 3.207657 6.652186 20.645580 222.975937 38.856780 7.230850 -67.437455 -100.480164 
-2.420182 6.327763 3.373732 -2.870390 5.536318 5.838079 20.744767 221.575834 36.819033 2.046154 -71.104288 -102.561457 
-2.369145 6.646351 3.465444 -4.734565 9.797878 5.475104 20.804114 220.113459 34.770960 3.346591 -75.707257 -101.273147 
-2.361802 6.890983 3.543301 0.752624 13.821411 4.578210 20.865798 218.655957 32.717326 3.444457 -73.456348 -101.753638 
-2.360274 7.189576 3.637432 3.107938 17.463819 3.977835 20.861787 217.124934 30.603941 3.918282 -76.255249 -103.730076 
-2.409279 7.442972 3.747038 10.361587 16.188571 2.858521 20.907020 215.549003 28.578994 2.812070 -81.334559 -102.710962 
-2.412809 7.786074 3.840061 12.188630 18.239935 2.638009 20.995930 213.922163 26.466495 0.438333 -83.204086 -106.074771 
-2.471814 8.166191 3.939613 11.732262 18.152494 2.826804 21.041149 212.247060 24.403961 3.177454 -86.005640 -105.238161 
-2.487537 8.576698 4.043860 7.063912 18.741020 4.204278 21.071536 210.562046 22.314279 1.568244 -88.277376 -104.696285 
-2.503817 8.950125 4.148503 3.435136 16.154129 4.806373 21.142601 208.759809 20.239390 -0.618065 -90.367146 -105.223925 
-2.480209 9.288143 4.244698 2.177331 16.275634 5.023379 21.124529 207.000644 18.075234 -0.296471 -90.973615 -103.944563 
-2.466585 9.566111 4.347541 5.441200 15.292660 4.574224 21.108856 205.100052 16.048661 -0.136305 -95.135753 -102.655967 
-2.355385 9.815574 4.448001 9.551888 21.360290 3.474230 21.138144 203.229485 13.987714 2.446419 -98.830928 -104.899361 
-2.308804 10.110454 4.530461 11.248456 26.098232 3.285799 21.166914 201.245604 11.939330 -0.083020 -100.807196 -102.254484 
-2.366281 10.409804 4.648656 10.698342 27.086628 3.260822 21.136541 199.169961 9.848289 -2.158948 -102.655791 -106.132646 
-2.443675 10.659109 4.753609 12.346320 26.848829 2.930714 21.091863 197.140625 7.786415 -1.066853 -105.459362 -102.589720 
-2.504941 11.047034 4.853153 10.076879 25.309233 2.988761 21.001790 194.981623 5.659011 -1.577040 -110.016478 -105.207196 
-2.581831 11.421515 4.966536 13.735920 22.191047 2.814506 20.944440 192.793448 3.578480 -4.726525 -111.566477 -102.952551 
-2.570469 11.858851 5.041374 15.265775 25.000413 2.290600 20.846422 190.568267 1.538429 -4.554170 -115.284692 -106.269601 
-2.626471 12.335801 5.145790 13.262301 22.176419 2.651012 20.727318 188.190474 -0.603211 -5.693080 -119.680049 -102.370342 
-2.567764 12.868286 5.230748 8.225505 22.272496 3.968223 20.626880 185.841645 -2.628288 -7.488310 -120.898203 -102.151214 
-2.521113 13.444341 5.312793 4.695782 24.413609 3.357539 20.526440 183.349570 -4.702892 -6.640116 -125.753076 -102.284666 
-2.548312 14.001432 5.404649 2.629767 24.334411 3.958139 20.398957 180.805063 -6.779968 -7.750171 -128.792189 -103.866340 
-2.610098 14.461116 5.502409 3.263049 23.049636 3.882659 20.232606 178.178031 -8.812261 -7.775625 -131.518986 -103.286784 
-2.594676 14.891825 5.580099 4.892155 24.256202 3.147256 20.085822 175.478814 -10.825750 -8.478864 -136.843833 -99.284163 
-2.598330 15.357967 5.645378 5.491855 22.753302 2.974712 19.886354 172.743176 -12.820678 -8.728341 -139.373306 -100.122427 
-2.475809 15.891198 5.703299 3.864203 29.582530 3.452539 19.636298 169.812531 -14.835700 -9.155318 -143.430401 -99.839566 
-2.403708 16.383812 5.764352 4.894471 33.169645 3.189375 19.487881 166.932526 -16.792297 -11.390713 -147.984311 -98.163664 
-2.327796 16.925585 5.833173 2.931977 31.204819 3.042432 19.255253 163.993252 -18.791847 -13.259157 -152.206958 -93.978790 
-2.328842 17.456625 5.871439 3.644430 25.978444 2.493931 19.038727 160.893051 -20.781925 -13.986293 -154.953804 -96.482402 
-2.285481 17.924846 5.921069 8.819944 26.655466 1.525110 18.677049 157.809261 -22.640759 -17.748250 -161.742806 -94.654321 
-2.267874 18.489748 5.969868 7.598419 29.032855 1.740716 18.373286 154.527142 -24.500245 -17.776653 -165.705163 -94.123523 
-2.341945 19.027815 6.008343 6.528616 28.148863 1.801696 18.002496 151.247943 -26.337097 -15.758504 -169.761690 -91.796173 
-2.386113 19.594045 6.057822 3.112033 28.625364 1.911025 17.615418 147.779458 -28.105796 -23.893888 -172.652279 -90.713714 
-2.384174 20.121293 6.095545 4.500854 31.420595 1.034919 17.225534 144.214667 -29.959684 -21.196906 -180.904208 -89.272794 
-2.360623 20.627372 6.109038 10.503078 32.091856 0.569825 16.756680 140.552172 -31.715200 -21.160713 -183.794446 -84.537480 
-2.256004 21.204748 6.111799 14.649756 34.773650 0.021451 16.299262 136.804348 -33.349603 -25.307361 -189.624747 -81.779299 
-2.144587 21.913475 6.116329 15.480864 37.363306 -0.710224 15.790794 132.989856 -35.047794 -25.516787 -192.023100 -78.342038 
-1.977061 22.709423 6.105585 9.831564 42.596904 -0.865706 15.264884 129.065573 -36.568968 -27.359389 -198.404710 -77.182218 
-1.930158 23.511152 6.087247 7.544875 43.556519 -0.905967 14.664113 125.088625 -38.002971 -31.249162 -205.452526 -74.111367 
-1.926247 24.406474 6.062834 2.214904 41.596456 -2.105401 14.027305 120.933486 -39.465955 -32.585850 -211.052728 -69.594885 
-2.088599 25.305065 6.020019 -1.131799 34.551917 -2.518902 13.364284 116.626926 -40.791667 -35.004186 -216.985669 -63.237220 
-2.208506 25.998044 5.971476 3.474221 33.669236 -4.064762 12.614546 112.208551 -42.031274 -38.394571 -222.309436 -57.840925 
-2.317894 26.636612 5.881200 5.894553 31.416307 -4.624837 11.850456 107.673300 -43.157683 -39.706446 -230.828489 -53.253396 
-2.240478 27.289986 5.780694 10.346625 34.677994 -6.041601 11.030451 103.009269 -44.109359 -44.075325 -238.579605 -49.793061 
-2.058122 28.052728 5.646555 10.620539 38.604718 -7.049623 10.071615 98.183517 -44.979066 -45.260425 -243.169085 -35.936004 
-1.805060 28.854248 5.492911 10.363194 44.247892 -8.263746 9.142642 93.269927 -45.632485 -50.760259 -247.927584 -28.080398 
-1.638009 29.742440 5.322511 9.036265 44.298089 -9.988042 8.154098 88.306509 -46.152844 -50.665761 -253.069262 -18.929265 
-1.431825 30.667667 5.101313 6.943142 48.475959 -11.654992 7.131389 83.161030 -46.501207 -53.661304 -263.186873 -9.785511 
-1.282649 31.594573 4.847070 8.507176 50.641975 -13.156641 5.991087 77.818001 -46.606358 -56.150470 -266.540497 -3.379687 
-1.205957 32.546700 4.560653 9.979933 52.542363 -14.784744 4.845390 72.442152 -46.419776 -59.642039 -272.957728 15.800390 
-1.249122 33.500511 4.213042 9.663096 50.445801 -17.778344 3.604592 66.882611 -46.090814 -63.719630 -278.294967 26.334391 
-1.250920 34.415860 3.820448 8.522379 50.392393 -20.929625 2.381875 61.235004 -45.399063 -64.993474 -280.448074 41.231059 
-1.243804 35.373422 3.372588 8.410891 48.308452 -24.332501 1.063806 55.610872 -44.370402 -64.312406 -290.341361 58.433830 
-1.215943 36.354745 2.843012 8.278093 47.997261 -28.318080 -0.264117 49.680634 -43.011502 -66.920156 -293.236567 79.002980 
-1.179527 37.297955 2.239373 10.482765 46.241371 -32.248889 -1.576852 43.864703 -41.204031 -67.045694 -295.391161 100.850476 
-1.094507 38.230744 1.546676 11.531521 44.951825 -36.043928 -2.964196 37.978636 -38.904376 -66.510802 -295.518574 126.330031 
-0.908961 39.167522 0.805596 10.032342 46.091662 -39.364075 -4.295187 32.136053 -36.149687 -63.700835 -291.634934 151.049852 
-0.763656 40.108096 -0.022137 7.481461 43.069605 -42.950493 -5.511092 26.307041 -32.885204 -59.493892 -286.527152 178.514344 
-0.681312 40.991686 -0.908270 3.414988 39.614322 -45.435687 -6.692920 20.727918 -28.985347 -50.227526 -276.705774 208.351978 
-0.653731 41.724017 -1.835525 4.202267 34.570581 -46.553680 -7.638080 15.329165 -24.515507 -43.672799 -259.393816 236.147071 
-0.652054 42.357224 -2.775021 3.485896 30.400962 -46.492543 -8.369633 10.210430 -19.638914 -32.553351 -243.308344 260.236961 
-0.706385 42.878318 -3.703290 5.169807 24.857686 -45.475001 -8.840281 5.711304 -14.174793 -15.791781 -213.567431 278.408715 
-0.767269 43.290397 -4.599307 5.331119 19.917360 -44.080175 -9.004813 1.630703 -8.421138 -2.724194 -189.659070 290.176752 
-0.772550 43.655358 -5.467240 2.749817 16.049581 -42.224558 -8.943017 -1.870377 -2.682553 9.086146 -161.589679 292.404423 
-0.771705 43.952857 -6.297627 1.654315 11.639120 -40.658235 -8.639136 -4.729847 3.157370 18.756952 -137.571181 285.155414 
-0.769250 44.201880 -7.089690 0.051706 7.540089 -38.837972 -8.170783 -7.252604 8.847084 26.488571 -114.989134 279.242069 
-0.712720 44.362664 -7.838247 3.197850 7.370486 -36.638973 -7.559964 -9.299807 14.220370 35.027423 -96.656566 264.018813 
-0.727572 44.565118 -8.564201 1.003495 6.322682 -35.083265 -6.830038 -11.052612 19.376301 38.910710 -82.405272 252.925446 
-0.733188 44.666153 -9.242483 -0.355740 5.834225 -33.277358 -5.964939 -12.522000 24.268400 44.304680 -71.631229 238.156698 
-0.773808 44.778358 -9.892186 -0.860867 5.448400 -31.866246 -5.079142 -13.897359 28.884453 45.990900 -55.384008 226.214707 
-0.899213 44.858570 -10.502159 -1.356757 5.535425 -29.846348 -4.189406 -15.005604 33.307516 47.385047 -48.596008 211.707106 
-1.047107 44.925202 -11.081980 -3.755109 3.595743 -28.090253 -3.294482 -15.939580 37.439748 45.804748 -40.461651 199.375449 
-1.165153 44.911743 -11.627428 -0.878072 1.936107 -25.972372 -2.341611 -16.644677 41.257277 47.208465 -32.581418 187.561136 
-1.256637 44.912354 -12.113989 0.184514 1.529666 -23.791783 -1.368458 -17.208078 44.907092 46.973639 -24.403272 174.897310 
-1.318428 44.929011 -12.581583 2.552784 1.606304 -22.184370 -0.457815 -17.678734 48.313490 49.517749 -19.488597 163.502382 
-1.403954 44.992738 -13.022925 3.600248 0.209854 -20.734150 0.569367 -17.932040 51.421220 46.832499 -15.540185 152.259842 
-1.476623 45.055179 -13.431669 2.852721 1.886035 -19.677222 1.477313 -18.248678 54.398565 47.837259 -13.242346 142.750191 
-1.465338 45.167574 -13.823226 0.059553 5.402293 -19.048982 2.418584 -18.433017 57.102720 48.675809 -9.790658 131.274006 
-1.508507 45.366487 -14.199745 -5.757557 5.425742 -18.665270 3.382343 -18.584664 59.717227 46.475352 -5.741353 121.457703 
-1.611798 45.555165 -14.572006 -9.689658 5.442932 -18.411343 4.298334 -18.656650 62.099646 46.267720 -2.140048 113.195101 
-1.771482 45.605026 -14.925440 -7.533155 1.976343 -17.602711 5.286137 -18.717004 64.196981 44.184489 -0.140198 101.898698 
-1.890437 45.593553 -15.261687 -3.808414 0.575244 -15.886201 6.132916 -18.687284 66.107766 42.352427 -1.058575 94.295882 
-1.966885 45.598166 -15.584841 -2.259045 -0.720743 -15.535959 6.978038 -18.683289 67.880546 43.706801 6.107374 86.510697 
-1.993924 45.573107 -15.876209 -0.460277 -0.130070 -14.132077 7.828369 -18.445637 69.451908 40.959494 7.686472 78.038002 
-2.021581 45.597047 -16.146137 -1.749112 0.457708 -13.447581 8.628075 -18.384757 70.855452 40.766911 7.889074 70.786271 
-2.056985 45.553643 -16.406544 -0.519925 0.014852 -12.202342 9.462861 -18.172773 72.242049 37.488612 11.024860 64.218766 
-2.109064 45.513463 -16.638901 -0.259914 -1.880427 -11.289552 10.236722 -17.898777 73.422037 39.205161 13.269253 56.071791 
-2.146058 45.490929 -16.873758 -0.134116 -2.678346 -10.625331 10.993281 -17.585510 74.508990 37.309921 16.409821 50.220611 
-2.129721 45.429093 -17.078516 1.520148 -1.096193 -10.126088 11.715920 -17.296814 75.484585 35.658171 17.175225 42.951726 
-2.143721 45.389538 -17.272525 2.074733 -1.395047 -9.519208 12.444442 -16.874842 76.302397 36.613630 23.002379 36.721308 
-2.156989 45.357757 -17.465700 2.638757 -1.575862 -9.209391 13.067852 -16.384809 76.961625 34.117089 23.690229 28.833627 
-2.184892 45.341946 -17.665400 2.578421 -1.004688 -9.056060 13.772771 -15.924428 77.535390 34.477577 26.365492 23.509723 
-2.253395 45.343955 -17.860666 -0.164858 -1.712274 -9.110407 14.416596 -15.415877 77.943259 31.065056 28.949292 17.425041 
-2.303736 45.331529 -18.048528 -3.251746 -2.511209 -9.321504 15.008676 -14.825488 78.258929 28.911482 30.776176 11.922130 
-2.390539 45.220616 -18.231306 -1.367354 -3.403563 -8.704123 15.646696 -14.117145 78.364931 28.702147 34.364752 3.832467 
-2.454105 45.097131 -18.406125 -1.187330 -5.429162 -8.126801 16.195099 -13.492295 78.428146 27.708221 34.578671 -2.043317 
-2.494315 44.976518 -18.557067 -0.161902 -6.950045 -7.255631 16.727081 -12.803175 78.280494 26.110407 35.424623 -5.701318 
-2.509584 44.824466 -18.696956 1.149877 -6.096765 -7.101673 17.182937 -11.966071 78.064185 26.508048 37.062099 -11.236146 
-2.577817 44.738924 -18.847115 -0.405129 -6.487389 -6.911166 17.735341 -11.185653 77.739346 25.458446 40.070300 -16.881985 
-2.795220 44.487949 -19.210697 5.069075 -13.986446 -4.220269 18.177997 -10.390387 77.297191 20.678101 42.339370 -25.033876 
