#Time(Gyrs) | Rgal(kpc) | Xsat[kpc] | Ysat[kpc] | Zsat[kpc] |Xhost[kpc] | Yhost[kpc] Zhost[kpc] |Vgal | Vxsat | Vysat | Vzsat | Vxhost | Vyhost | Vzhost |
0.000000	281.439703	24.170374	274.870350	55.192029	0.058584	-0.061381	0.060627	101.159426	4.408831	-58.810476	-82.497537	0.085869	-0.288660	-0.097667
0.020000	279.966307	24.257840	273.676935	53.529301	0.055921	-0.067720	0.057218	102.111239	4.295967	-60.044380	-82.738409	0.110904	-0.227533	-0.087727
0.040000	278.477951	24.341750	272.463615	51.875521	0.061010	-0.072202	0.061975	103.044416	4.182081	-61.290291	-82.974464	0.116167	-0.182134	-0.104607
0.060000	276.975036	24.422257	271.224456	50.216441	0.064932	-0.077799	0.046947	104.000179	4.067803	-62.549991	-83.205283	0.100217	-0.118983	-0.123006
0.080000	275.438443	24.502457	269.960708	48.550057	0.067446	-0.069255	0.041448	105.011519	3.952463	-63.822170	-83.431432	0.095337	-0.044687	-0.094919
0.100000	273.889466	24.580353	268.671607	46.879248	0.065965	-0.066986	0.038530	106.017386	3.835194	-65.108072	-83.651543	0.122351	0.032486	-0.089539
0.120000	272.314456	24.655851	267.356281	45.204023	0.063410	-0.057514	0.035041	107.035431	3.716209	-66.405902	-83.866342	0.104578	0.122887	-0.096061
0.140000	270.725563	24.728981	266.015244	43.524637	0.066768	-0.054065	0.036379	108.016790	3.595338	-67.717004	-84.074393	0.086140	0.180350	-0.138336
0.160000	269.116647	24.799666	264.647530	41.841105	0.074434	-0.048143	0.024435	109.001160	3.474070	-69.043333	-84.275795	0.076849	0.199458	-0.161898
0.180000	267.489197	24.867912	263.253291	40.153619	0.070140	-0.043561	0.024967	109.996494	3.349994	-70.384184	-84.472311	0.052340	0.183936	-0.160423
0.200000	265.851959	24.933654	261.832156	38.462261	0.073214	-0.048394	0.020089	111.016585	3.222751	-71.741997	-84.663843	0.045312	0.211079	-0.181058
0.220000	264.185705	24.997877	260.386012	36.772649	0.074296	-0.039866	0.013107	112.067566	3.092242	-73.116764	-84.849213	0.035382	0.255007	-0.194749
0.240000	262.506940	25.058711	258.910848	35.070563	0.073424	-0.040765	0.003613	113.157073	2.958612	-74.506866	-85.026248	0.002397	0.301660	-0.176567
0.260000	260.800113	25.116490	257.406428	33.368306	0.074468	-0.034128	-0.007679	114.263867	2.821454	-75.913751	-85.195813	-0.022023	0.348904	-0.153746
0.280000	259.066675	25.171547	255.874037	31.662748	0.069944	-0.021090	-0.009566	115.367030	2.683398	-77.335879	-85.360134	-0.053006	0.402215	-0.161234
0.300000	257.317551	25.225681	254.310733	29.952061	0.063132	-0.014615	-0.011011	116.525163	2.542857	-78.777466	-85.518136	-0.083029	0.480475	-0.140168
0.320000	255.542972	25.273739	252.718334	28.237816	0.064564	-0.004043	-0.012994	117.679518	2.398272	-80.238400	-85.671092	-0.067363	0.571669	-0.160143
0.340000	253.737623	25.319095	251.095921	26.522039	0.064642	0.016580	-0.013949	118.834573	2.248446	-81.719889	-85.816876	-0.049491	0.661557	-0.203370
0.360000	251.925020	25.359951	249.444295	24.805554	0.057823	0.025494	-0.019431	120.005692	2.093971	-83.220769	-85.955116	-0.056239	0.726859	-0.225667
0.380000	250.098299	25.400275	247.764851	23.085125	0.053859	0.029590	-0.022427	121.190636	1.936465	-84.742956	-86.088277	-0.060888	0.776955	-0.242336
0.400000	248.230448	25.437499	246.052428	21.361764	0.051004	0.051193	-0.022192	122.366151	1.775800	-86.289515	-86.213374	-0.045601	0.828543	-0.302947
0.420000	246.351587	25.471355	244.310947	19.636318	0.049110	0.065253	-0.032307	123.625267	1.608891	-87.859706	-86.329991	-0.041548	0.891659	-0.285364
0.440000	244.443352	25.501810	242.538003	17.908604	0.049697	0.086335	-0.033833	124.920244	1.433490	-89.456973	-86.441264	-0.066390	0.970013	-0.268310
0.460000	241.973990	25.659062	240.160353	16.421350	0.050721	0.109105	-0.041430	128.044206	1.071791	-93.236019	-86.908648	-0.090902	1.049056	-0.281335
0.480000	239.972049	25.676957	238.276139	14.682892	0.051440	0.131332	-0.046947	129.446389	0.873080	-94.995486	-87.020063	-0.113077	1.111155	-0.308422
0.500000	237.912608	25.678629	236.332202	12.855337	0.044151	0.156936	-0.049173	130.852531	0.665335	-96.718018	-87.107571	-0.143261	1.185305	-0.293572
0.520000	235.885330	25.703540	234.401559	11.198612	0.049526	0.185721	-0.057592	132.384853	0.464832	-98.596185	-87.208519	-0.171348	1.248961	-0.281588
0.540000	233.802245	25.707370	232.412459	9.453583	0.045849	0.217094	-0.048466	133.870064	0.254858	-100.442677	-87.287264	-0.183883	1.331840	-0.322045
0.560000	231.693740	25.711515	230.381983	7.705764	0.044473	0.245148	-0.054993	135.391136	0.041786	-102.319671	-87.351734	-0.186204	1.425907	-0.359995
0.580000	229.522879	25.704035	228.287358	5.871584	0.047024	0.279940	-0.051865	136.891777	-0.179839	-104.147127	-87.385904	-0.197732	1.533909	-0.375117
0.600000	227.337085	25.704667	226.209717	4.211169	-0.097251	0.382183	-0.070941	138.442555	-0.397043	-106.169530	-87.445935	-0.160577	1.436362	-0.341073
0.620000	225.151753	25.692056	224.068508	2.457100	-0.100158	0.413315	-0.078292	140.062901	-0.621808	-108.145389	-87.474439	-0.126836	1.513938	-0.341188
0.640000	222.942441	25.674387	221.888307	0.704996	-0.105944	0.442864	-0.083966	141.655376	-0.853699	-110.161934	-87.488999	-0.126557	1.557926	-0.400597
0.660000	220.694845	25.660848	219.661555	-1.046953	-0.108647	0.478439	-0.093324	143.318973	-1.096452	-112.212889	-87.490207	-0.149281	1.618794	-0.416797
0.680000	218.416982	25.637305	217.394810	-2.799099	-0.108447	0.517359	-0.096219	145.041769	-1.345249	-114.303088	-87.472270	-0.173026	1.706795	-0.423734
0.700000	216.111715	25.605686	215.085970	-4.545791	-0.108926	0.555686	-0.097273	146.753897	-1.596806	-116.426254	-87.435925	-0.177800	1.768748	-0.461020
0.720000	213.780089	25.574725	212.737676	-6.290109	-0.111183	0.596333	-0.108579	148.537733	-1.856467	-118.585626	-87.377471	-0.157249	1.839056	-0.438027
0.740000	211.419140	25.542040	210.339638	-8.036611	-0.114339	0.632400	-0.119719	150.351223	-2.124023	-120.786101	-87.296371	-0.150069	1.928815	-0.447978
0.760000	209.039815	25.498395	207.910057	-9.778642	-0.114170	0.669909	-0.126622	152.186221	-2.400260	-123.018140	-87.193696	-0.141842	2.025817	-0.478332
0.780000	206.617011	25.448980	205.425143	-11.523443	-0.112900	0.712052	-0.133543	154.056526	-2.684252	-125.299978	-87.068309	-0.122438	2.097193	-0.484181
0.800000	204.163693	25.394134	202.894226	-13.263831	-0.103407	0.754434	-0.141564	155.954893	-2.979284	-127.621766	-86.919692	-0.103326	2.159306	-0.487459
0.820000	201.687871	25.336480	200.322286	-14.999309	-0.100385	0.796532	-0.152187	157.858540	-3.284822	-129.984867	-86.743805	-0.100471	2.212654	-0.528992
0.840000	199.178110	25.269221	197.698904	-16.729561	-0.106827	0.839914	-0.161105	159.815405	-3.597943	-132.397740	-86.541191	-0.103655	2.282244	-0.575759
0.860000	196.632742	25.191336	195.029478	-18.461103	-0.103390	0.889467	-0.178096	161.832088	-3.919701	-134.857580	-86.310042	-0.101000	2.364992	-0.607018
0.880000	194.055135	25.111835	192.310615	-20.183775	-0.107112	0.943770	-0.180495	163.887502	-4.250528	-137.369582	-86.043085	-0.109879	2.451506	-0.649692
0.900000	191.446024	25.024220	189.538399	-21.904048	-0.107770	0.994739	-0.195727	165.995059	-4.592296	-139.932864	-85.741318	-0.124126	2.529139	-0.659166
0.920000	188.814712	24.930600	186.720914	-23.612924	-0.109762	1.042536	-0.213875	168.136850	-4.949142	-142.550115	-85.406575	-0.140747	2.614364	-0.706198
0.940000	186.143243	24.826829	183.845870	-25.319466	-0.107755	1.093936	-0.233529	170.340140	-5.321291	-145.227367	-85.034344	-0.166680	2.717943	-0.764665
0.960000	183.439140	24.714606	180.922413	-27.019055	-0.111179	1.153768	-0.245321	172.615276	-5.706683	-147.956795	-84.621619	-0.171853	2.836879	-0.796401
0.980000	180.691553	24.597087	177.938325	-28.709155	-0.115554	1.218735	-0.267827	174.959351	-6.106457	-150.758407	-84.165052	-0.166560	2.954246	-0.810913
1.000000	177.904863	24.473035	174.894568	-30.384987	-0.124795	1.287634	-0.289816	177.345502	-6.519829	-153.614674	-83.661578	-0.146644	3.050654	-0.795514
1.020000	174.739902	24.338951	171.797245	-32.056680	-0.456154	1.667729	-0.828747	180.672577	-6.946625	-156.538147	-83.097815	-0.238552	4.226138	-0.924666
1.040000	171.885668	24.197317	168.640879	-33.709376	-0.463211	1.737124	-0.850923	183.249472	-7.390687	-159.529563	-82.481695	-0.167175	4.475096	-1.052822
1.060000	168.992158	24.046324	165.422258	-35.350619	-0.479792	1.818683	-0.844250	185.851808	-7.850968	-162.597230	-81.803870	-0.143958	4.639281	-1.097946
1.080000	166.046667	23.885843	162.142873	-36.977366	-0.485655	1.915506	-0.856505	188.293480	-8.326501	-165.746659	-81.057868	-0.178691	4.623259	-1.294851
1.100000	163.116306	23.715706	158.767326	-38.582798	-0.125115	1.940657	-0.583585	190.845228	-8.814511	-169.041597	-80.325390	-0.194115	4.469014	-1.321227
1.120000	160.149381	23.532173	155.407115	-40.192120	-0.135868	2.038536	-0.622849	193.524521	-9.338195	-172.286068	-79.339061	-0.178547	4.604536	-1.380384
1.140000	157.095138	23.342411	151.933286	-41.768721	-0.137147	2.145433	-0.644615	196.394507	-9.878480	-175.698454	-78.365783	-0.155679	4.749691	-1.458458
1.160000	153.911065	23.149588	148.303669	-43.289587	-0.134756	2.255637	-0.670019	199.578122	-10.426497	-179.374931	-77.478785	-0.131644	4.908321	-1.550358
1.180000	154.963665	22.850806	149.280925	-44.302907	-0.137624	2.365524	-0.700905	191.359405	-10.116372	-172.029963	-73.452842	-0.131909	5.066313	-1.650048
1.200000	151.960218	22.642752	145.808573	-45.758485	-0.148115	2.470896	-0.738547	193.960071	-10.696390	-175.236232	-72.081108	-0.103128	5.206467	-1.733937
1.220000	148.924824	22.422799	142.271110	-47.185365	-0.150997	2.574532	-0.775310	196.632591	-11.302847	-178.519607	-70.590500	-0.102619	5.348378	-1.804640
1.240000	145.743921	22.190425	138.667123	-48.581248	-0.502757	2.735362	-1.159034	199.752575	-11.935538	-181.872899	-68.986087	-0.120303	6.081806	-2.393891
1.260000	142.586061	21.945265	134.996095	-49.944036	-0.473981	2.880163	-1.225020	202.682144	-12.595481	-185.297704	-67.242315	-0.118377	6.269808	-2.232610
1.280000	139.418730	21.686408	131.254733	-51.270006	-0.484258	3.012621	-1.269961	205.640655	-13.284024	-188.791455	-65.358810	-0.155320	6.473880	-2.214808
1.300000	130.937789	21.354197	121.259620	-53.412515	-0.494130	3.140748	-1.304097	224.023034	-15.240213	-207.238531	-67.026700	-0.211655	6.704841	-2.306568
1.320000	127.509222	21.041460	117.065982	-54.724773	-0.518477	3.284854	-1.361624	228.024900	-16.080010	-211.690938	-64.900504	-0.551074	7.077523	-2.494033
1.340000	124.056152	20.713685	112.788502	-55.998147	-0.540442	3.428753	-1.421265	232.071296	-16.977385	-216.255092	-62.588352	-0.644619	7.348271	-2.656199
1.360000	120.652931	20.365001	108.414146	-57.221615	-0.443274	3.526235	-1.340746	236.111972	-17.912803	-220.996185	-60.050366	-0.049788	7.362768	-2.761931
1.380000	117.049987	19.999089	103.946112	-58.397728	-0.573856	3.736703	-1.516028	240.592780	-18.901830	-225.860546	-57.278702	-0.359077	7.795409	-3.002125
1.400000	119.642240	19.800207	107.253814	-58.290979	-0.601316	3.896603	-1.587095	225.061908	-18.182875	-211.259952	-50.339559	-0.050425	8.053522	-3.162478
1.420000	116.225422	19.430950	102.978128	-59.271781	-0.596554	4.051351	-1.645914	228.596791	-19.151552	-215.241270	-47.058044	0.245675	8.301491	-3.367370
1.440000	106.300691	18.764431	89.938312	-61.542092	-0.582965	4.225832	-1.718301	254.636985	-22.234638	-241.297658	-47.185650	0.579248	8.522512	-3.488930
1.460000	102.618427	18.308702	85.017799	-62.418213	-0.567127	4.404874	-1.789830	259.727178	-23.549774	-246.892665	-43.084892	0.730299	8.699029	-3.822047
1.480000	99.005471	17.818997	80.024091	-63.234445	-0.527497	4.542991	-1.849650	264.798159	-24.895623	-252.452855	-38.614263	0.570158	8.861992	-4.203373
1.500000	102.233768	17.727340	85.094776	-62.422036	-0.519150	4.710984	-1.946794	243.396934	-23.526691	-231.591489	-30.971386	0.639715	9.168096	-4.648881
1.520000	98.637944	17.241685	80.413877	-62.985079	-0.494614	4.905701	-2.047545	247.448826	-24.769798	-235.710850	-26.012922	0.829566	9.521983	-5.121500
1.540000	87.993910	16.175774	64.335632	-65.058771	-0.456305	5.089013	-2.160915	281.810303	-29.524474	-269.872890	-22.031302	0.848715	9.803780	-5.433829
1.560000	84.351078	15.571593	58.880344	-65.430374	-0.430271	5.292350	-2.284736	287.831715	-31.287455	-275.753506	-15.239401	0.932570	10.112895	-5.786005
1.580000	80.781158	14.924268	53.311567	-65.662249	-0.405004	5.508936	-2.373093	293.719612	-33.133840	-281.565294	-7.736576	0.905609	10.170864	-6.142785
1.600000	77.228603	14.244122	47.625233	-65.737095	-0.373993	5.735619	-2.524532	299.919143	-35.101926	-287.256192	0.629083	1.008777	10.390713	-6.707776
1.620000	73.741650	13.521121	41.824994	-65.620254	-0.375018	5.940435	-2.715352	306.410073	-37.164401	-292.702105	9.874081	1.248739	10.796565	-7.449905
1.640000	70.387932	12.756570	35.915789	-65.319553	-0.356770	6.169326	-2.888397	312.676590	-39.334205	-297.805778	20.109598	1.244048	10.954634	-7.945048
1.660000	67.079831	11.947016	29.913011	-64.796889	-0.427974	6.405241	-3.201856	319.072684	-41.572373	-302.352788	31.475503	1.027235	11.280009	-8.862073
1.680000	64.073618	11.092838	23.822930	-64.040278	-0.392669	6.613197	-3.399230	325.037566	-43.903876	-306.121934	43.857203	1.246189	11.292560	-9.611757
1.700000	61.334690	10.185277	17.667098	-63.023325	-0.334408	6.843396	-3.574794	330.734108	-46.262810	-308.840410	57.355541	1.420279	11.337041	-10.451346
1.720000	58.870328	9.233009	11.467768	-61.718165	-0.298630	7.067972	-3.791443	336.076018	-48.636992	-310.364409	71.815107	1.402214	11.413894	-11.262517
1.740000	56.712383	8.216965	5.218554	-60.077304	-0.250474	7.292218	-4.038954	341.079765	-51.017835	-310.620270	87.537727	1.673734	11.243078	-12.277049
1.760000	55.034084	7.172486	-0.979399	-58.157266	-0.230228	7.517670	-4.289372	344.799557	-53.165627	-308.650301	103.608299	1.843092	11.052188	-13.229595
1.780000	53.789306	6.083468	-7.109672	-55.903009	-0.193137	7.737789	-4.585890	347.562993	-55.143874	-304.686278	119.881987	2.005501	10.784305	-14.327901
1.800000	53.034760	4.961322	-13.138431	-53.320684	-0.116581	7.935112	-4.918137	348.760298	-56.915778	-298.411356	135.866391	2.134579	10.238164	-15.402489
1.820000	52.846167	3.795281	-19.037078	-50.410734	-0.090645	8.145241	-5.258342	349.166278	-58.404371	-290.251364	151.773088	2.294059	9.738811	-16.270610
1.840000	53.152768	2.609322	-24.731185	-47.207197	-0.013399	8.314387	-5.658091	347.045159	-59.399140	-279.929845	166.014333	2.186446	8.767293	-16.472710
1.860000	54.005169	1.395303	-30.197842	-43.703056	0.056151	8.478742	-6.034943	344.269024	-60.077232	-268.002168	179.370756	2.038179	7.977019	-16.839146
1.880000	55.382356	0.187726	-35.423967	-39.991588	0.088177	8.630632	-6.429888	340.185284	-60.316894	-254.958745	190.315744	2.014184	7.183011	-17.343988
1.900000	57.161191	-1.035695	-40.362829	-36.050976	0.131631	8.740215	-6.811787	335.209115	-60.114567	-241.076826	199.707248	1.833143	6.420163	-17.716008
1.920000	59.347653	-2.223974	-45.035029	-31.976764	0.178247	8.838438	-7.197280	329.268334	-59.535446	-226.909081	206.859914	1.806206	5.779608	-17.886190
1.940000	61.885106	-3.407586	-49.425731	-27.775101	0.251895	8.965089	-7.603668	323.370299	-58.782790	-212.928382	212.251564	2.269979	4.882290	-18.831583
1.960000	64.641008	-4.573780	-53.531960	-23.486277	0.285159	9.031615	-7.973388	316.116724	-57.764621	-199.129451	216.073922	2.257901	4.093141	-18.505825
1.980000	67.597005	-5.719718	-57.369594	-19.139498	0.335360	9.090353	-8.380011	308.901824	-56.658479	-185.936095	218.633950	2.229859	3.406310	-18.224562
2.000000	70.712326	-6.842163	-60.934255	-14.731999	0.363488	9.154965	-8.747608	301.451851	-55.451398	-172.967014	220.050573	2.121545	2.921751	-17.902610
2.020000	73.937140	-7.928910	-64.266262	-10.336535	0.401785	9.189579	-9.095751	293.945577	-53.950898	-161.021663	220.430757	1.877034	2.408267	-17.430341
2.040000	77.285446	-8.983055	-67.363354	-5.933855	0.472052	9.258875	-9.494074	287.292632	-52.493487	-149.754589	219.997838	1.909041	1.984323	-17.810328
2.060000	80.665047	-10.019142	-70.249116	-1.546258	0.539076	9.284875	-9.895995	280.385464	-50.966003	-139.161361	218.866353	1.798750	1.021821	-18.158044
2.080000	84.052382	-11.015487	-72.902244	2.813965	0.583654	9.308962	-10.284911	273.485419	-49.551133	-129.211800	217.406261	1.692439	0.769457	-17.696362
2.100000	87.466945	-11.993435	-75.383237	7.131144	0.593621	9.323507	-10.667728	266.706671	-48.259330	-119.961813	215.398910	1.471794	0.243067	-17.431608
2.120000	90.821946	-12.934705	-77.677796	11.405210	0.602454	9.286668	-11.012490	260.028834	-46.833792	-111.418049	213.018266	1.005923	-0.046831	-17.031311
2.140000	94.190776	-13.854803	-79.811710	15.636076	0.606393	9.255358	-11.379352	254.178662	-45.565305	-103.398069	210.452035	1.107957	-0.730167	-17.336684
2.160000	97.589174	-14.748838	-81.800077	19.803865	0.631484	9.239129	-11.802395	248.673372	-44.315084	-95.808415	207.800686	0.949017	-1.128753	-17.644138
2.180000	100.918799	-15.626422	-83.669669	23.916791	0.646966	9.176654	-12.129583	242.921483	-43.114556	-88.747868	205.157177	0.582137	-1.221061	-17.195029
2.200000	104.228071	-16.473395	-85.368924	27.976292	0.625263	9.146448	-12.495565	237.190730	-41.852092	-82.000384	202.282307	0.332410	-1.630794	-16.853813
2.220000	107.493147	-17.302075	-86.941912	31.973821	0.636125	9.104454	-12.837933	231.677447	-40.730495	-75.652971	199.325077	0.066299	-1.609949	-16.377709
2.240000	110.725926	-18.104304	-88.394726	35.923319	0.639793	9.049687	-13.203820	226.563748	-39.609429	-69.711399	196.262151	0.164346	-1.631649	-16.139182
2.260000	113.898027	-18.884374	-89.730497	39.803259	0.638890	9.000620	-13.523744	220.980861	-38.456806	-64.118940	193.168086	0.127907	-2.210691	-15.425129
2.280000	117.041429	-19.642221	-90.962773	43.623708	0.615964	8.972396	-13.832919	215.198717	-37.332170	-58.848278	190.031704	0.292629	-2.807315	-14.306919
2.300000	120.063431	-20.377045	-92.084659	47.382425	0.678298	8.887846	-14.070429	210.670786	-36.245959	-53.882148	186.966592	-0.030222	-2.276482	-14.049466
2.320000	123.084622	-21.085582	-93.114606	51.085330	0.682991	8.844419	-14.338752	205.643648	-35.199553	-49.187116	183.852568	-0.107840	-2.616709	-13.350572
2.340000	126.045480	-21.780200	-94.059473	54.717652	0.660620	8.791007	-14.605154	201.737663	-34.250651	-44.775865	180.688988	-0.341889	-2.434266	-13.618679
2.360000	128.963988	-22.467754	-94.922019	58.291396	0.649031	8.728383	-14.879080	197.684659	-33.340100	-40.573367	177.792778	-0.459811	-2.540521	-13.391985
2.380000	131.825661	-23.122647	-95.699246	61.800172	0.627049	8.663732	-15.156475	193.460000	-32.391915	-36.561089	174.711807	-0.467278	-2.681252	-13.063979
2.400000	134.653181	-23.761356	-96.396954	65.253737	0.591006	8.616631	-15.434481	189.425709	-31.503652	-32.704847	171.728828	-0.415728	-2.774672	-12.715811
2.420000	137.400901	-24.381246	-97.020913	68.648434	0.590611	8.541076	-15.684716	185.676627	-30.621623	-29.088593	168.694697	-0.431034	-3.264497	-12.681856
2.440000	140.078756	-24.976378	-97.571033	71.980820	0.545428	8.445301	-15.946607	182.272393	-29.756342	-25.606665	165.647691	-0.786622	-3.297192	-12.919574
2.460000	142.708194	-25.560147	-98.056788	75.253258	0.553190	8.350370	-16.186554	178.613460	-28.944264	-22.269476	162.669095	-0.816678	-3.234945	-12.685670
