#Time(Gyrs) | Rgal(kpc) | Xsat[kpc] | Ysat[kpc] | Zsat[kpc] |Xhost[kpc] | Yhost[kpc] Zhost[kpc] |Vgal | Vxsat | Vysat | Vzsat | Vxhost | Vyhost | Vzhost |
0.000000	282.042718	24.170374	274.870350	58.192029	0.058584	-0.061381	0.060627	101.159426	4.408831	-58.810476	-82.497537	0.085869	-0.288660	-0.097667
0.020000	280.554790	24.257857	273.677000	56.529184	0.055920	-0.067724	0.057222	102.117179	4.297179	-60.037839	-82.750245	0.110864	-0.227910	-0.087283
0.040000	279.051874	24.341795	272.463875	54.875041	0.061008	-0.072217	0.061993	103.056968	4.183680	-61.277306	-82.999200	0.116095	-0.182885	-0.103692
0.060000	277.534516	24.422334	271.225045	53.215332	0.064929	-0.077832	0.046988	104.019067	4.069302	-62.530051	-83.243265	0.100125	-0.120103	-0.121605
0.080000	275.983303	24.502561	269.961767	51.548057	0.067441	-0.069315	0.041522	105.036415	3.953764	-63.795077	-83.482700	0.095230	-0.046181	-0.093023
0.100000	274.419800	24.580486	268.673276	49.876092	0.065657	-0.067300	0.038832	106.048317	3.836879	-65.074197	-83.716256	0.122257	0.030634	-0.087264
0.120000	272.829776	24.656026	267.358689	48.199423	0.063399	-0.057649	0.035211	107.074295	3.718690	-66.366016	-83.946401	0.104424	0.120625	-0.093147
0.140000	271.225915	24.729210	266.018513	46.518279	0.066754	-0.054249	0.036613	108.063189	3.597893	-67.670866	-84.169953	0.085966	0.177701	-0.134894
0.160000	269.602085	24.799945	264.651789	44.832673	0.074416	-0.048384	0.024743	109.055237	3.476828	-68.990503	-84.387703	0.076654	0.196400	-0.157921
0.180000	267.959846	24.868260	263.258669	43.142790	0.070102	-0.044286	0.025690	110.057869	3.354146	-70.325224	-84.599725	0.052187	0.180551	-0.155854
0.200000	266.306632	24.934092	261.838767	41.448739	0.073172	-0.048368	0.020667	111.084271	3.227508	-71.677614	-84.805658	0.045114	0.207127	-0.176045
0.220000	264.626301	24.998710	260.394784	39.752806	0.074195	-0.040818	0.014345	112.139030	3.097334	-73.045183	-85.003708	0.035383	0.250491	-0.189024
0.240000	262.931073	25.059354	258.920310	38.050856	0.073427	-0.040933	0.004478	113.233241	2.964334	-74.429113	-85.193910	0.002039	0.296856	-0.170259
0.260000	261.209676	25.117257	257.417496	36.345079	0.074351	-0.035190	-0.006842	114.347215	2.828147	-75.831014	-85.379688	-0.022430	0.343618	-0.147152
0.280000	259.457343	25.174317	255.884586	34.633785	0.069696	-0.021267	-0.008177	115.458341	2.690388	-77.249245	-85.560235	-0.053539	0.396622	-0.154036
0.300000	257.695304	25.226726	254.325267	32.920847	0.063445	-0.015423	-0.010779	116.622073	2.550052	-78.686685	-85.732065	-0.083337	0.474299	-0.132347
0.320000	255.905136	25.274940	252.734728	31.202216	0.064267	-0.005439	-0.011049	117.779950	2.406987	-80.143472	-85.896264	-0.067804	0.565317	-0.151972
0.340000	254.083637	25.320501	251.114250	29.481816	0.063637	0.015322	-0.012492	118.938583	2.260275	-81.620657	-86.054071	-0.050102	0.654901	-0.194993
0.360000	252.254129	25.361621	249.464659	27.760436	0.058196	0.024741	-0.017429	120.114966	2.108378	-83.116582	-86.207156	-0.056810	0.720050	-0.216830
0.380000	250.411701	25.402248	247.787359	26.034819	0.054815	0.028023	-0.019720	121.304257	1.952190	-84.632648	-86.355569	-0.061408	0.769514	-0.232756
0.400000	248.527257	25.439797	246.077184	24.305930	0.051030	0.049819	-0.019849	122.487362	1.792654	-86.175198	-86.498890	-0.046321	0.820996	-0.293122
0.420000	246.631038	25.474016	244.338043	22.574593	0.049231	0.064648	-0.029777	123.752055	1.628602	-87.739573	-86.632915	-0.042480	0.883900	-0.275179
0.440000	244.707193	25.504906	242.567578	20.840684	0.049125	0.084564	-0.030387	125.048956	1.457143	-89.329549	-86.758741	-0.067207	0.961758	-0.257888
0.460000	242.200713	25.646286	240.176712	19.258689	0.050606	0.106587	-0.038504	128.131086	1.092740	-93.033408	-87.255464	-0.091505	1.040518	-0.271160
0.480000	240.210117	25.681831	238.314642	17.595913	0.051031	0.128165	-0.043948	129.588519	0.903528	-94.845527	-87.397511	-0.113626	1.102462	-0.299101
0.500000	238.135019	25.684381	236.375517	15.762394	0.044167	0.153237	-0.045876	131.003883	0.694268	-96.563843	-87.509648	-0.143325	1.176594	-0.285094
0.520000	236.089778	25.710447	234.446865	14.094505	0.049140	0.182701	-0.054074	132.543269	0.495612	-98.436567	-87.633128	-0.171348	1.240705	-0.273442
0.540000	233.987010	25.713661	232.458236	12.343004	0.046570	0.213389	-0.044595	134.036863	0.283537	-100.278584	-87.735048	-0.184014	1.324421	-0.313704
0.560000	231.861211	25.718885	230.432251	10.585787	0.044612	0.242508	-0.050704	135.565748	0.068582	-102.150753	-87.823387	-0.186501	1.418680	-0.351222
0.580000	229.705515	25.720442	228.368365	8.825447	0.047324	0.274553	-0.047431	137.145982	-0.150627	-104.052833	-87.898223	-0.198594	1.527492	-0.366441
0.600000	227.469891	25.713352	226.267241	7.070840	-0.097853	0.379246	-0.066872	138.630000	-0.373850	-105.990787	-87.961513	-0.161141	1.431003	-0.332804
0.620000	225.267089	25.700548	224.130419	5.306021	-0.100353	0.410455	-0.074723	140.258517	-0.597369	-107.965059	-88.011943	-0.127340	1.508952	-0.332574
0.640000	223.040337	25.685078	221.952806	3.543775	-0.107602	0.438478	-0.080069	141.858972	-0.828212	-109.979579	-88.049040	-0.126992	1.553437	-0.391397
0.660000	220.772235	25.669167	219.729400	1.780430	-0.109365	0.475301	-0.086970	143.532763	-1.067195	-112.031846	-88.072555	-0.150009	1.614655	-0.406794
0.680000	218.473374	25.645958	217.464240	0.017754	-0.108678	0.514242	-0.092070	145.267201	-1.313584	-114.124038	-88.078801	-0.173667	1.703031	-0.412670
0.700000	216.152934	25.619865	215.162565	-1.740473	-0.108437	0.552620	-0.092147	146.990207	-1.564185	-116.247850	-88.067713	-0.178314	1.765451	-0.448874
0.720000	213.800531	25.586755	212.816418	-3.498827	-0.111440	0.593081	-0.103946	148.789007	-1.821467	-118.410407	-88.038900	-0.158122	1.836181	-0.425202
0.740000	211.422238	25.554946	210.424155	-5.259591	-0.114615	0.629094	-0.114826	150.614954	-2.088121	-120.612453	-87.986713	-0.151021	1.926288	-0.434619
0.760000	209.023076	25.511677	207.994979	-7.017014	-0.119573	0.663951	-0.122794	152.466533	-2.363503	-122.850045	-87.916024	-0.142579	2.022768	-0.463799
0.780000	206.576366	25.462918	205.512869	-8.775273	-0.113582	0.708446	-0.127380	154.353222	-2.648665	-125.134718	-87.823405	-0.123099	2.095727	-0.468082
0.800000	204.104275	25.410136	202.987565	-10.532516	-0.104088	0.751382	-0.135127	156.268167	-2.943761	-127.460620	-87.708795	-0.103830	2.158131	-0.469731
0.820000	201.602610	25.352226	200.414327	-12.283792	-0.101256	0.793674	-0.145944	158.191904	-3.247816	-129.831581	-87.569477	-0.100737	2.211751	-0.510113
0.840000	199.073124	25.283127	197.795587	-14.030500	-0.107147	0.836453	-0.154530	160.163936	-3.563102	-132.248855	-87.401334	-0.103965	2.281723	-0.556391
0.860000	196.510757	25.208383	195.133824	-15.777515	-0.103723	0.886005	-0.171121	162.193908	-3.884393	-134.710341	-87.205302	-0.101853	2.365189	-0.586278
0.880000	193.909311	25.128101	192.416590	-17.519420	-0.107201	0.940533	-0.172366	164.267798	-4.215153	-137.230774	-86.975638	-0.110665	2.451587	-0.628082
0.900000	191.274622	25.043056	189.643521	-19.259704	-0.108131	0.991290	-0.187882	166.392174	-4.560177	-139.802182	-86.706822	-0.124502	2.530017	-0.635773
0.920000	188.618120	24.949312	186.826524	-20.989130	-0.110010	1.039510	-0.204258	168.550518	-4.917750	-142.428055	-86.406007	-0.140966	2.615783	-0.681190
0.940000	185.927821	24.847203	183.958342	-22.713674	-0.108126	1.090543	-0.224693	170.767568	-5.292283	-145.110466	-86.070015	-0.166881	2.719928	-0.738501
0.960000	183.198282	24.735579	181.035619	-24.434463	-0.111225	1.150545	-0.235140	173.060700	-5.679385	-147.850655	-85.694062	-0.171707	2.839082	-0.768951
0.980000	180.429457	24.618335	178.056293	-26.148376	-0.115923	1.215434	-0.257908	175.421866	-6.080378	-150.662220	-85.275696	-0.166538	2.957331	-0.783738
1.000000	177.617933	24.493112	175.011998	-27.845127	-0.125388	1.281652	-0.280176	177.834853	-6.495608	-153.536089	-84.814968	-0.146528	3.055060	-0.766554
1.020000	174.426828	24.360168	171.912872	-29.540173	-0.457312	1.665771	-0.821966	181.195894	-6.926440	-156.477463	-84.297835	-0.233531	4.234814	-0.878886
1.040000	171.548688	24.218781	168.758577	-31.219098	-0.464405	1.734840	-0.842065	183.796895	-7.373770	-159.490290	-83.725728	-0.165717	4.484899	-1.012489
1.060000	168.627358	24.068506	165.540168	-32.883960	-0.481441	1.816655	-0.835605	186.431111	-7.837249	-162.579453	-83.094448	-0.144758	4.656037	-1.059848
1.080000	165.656530	23.907597	162.265487	-34.535203	-0.486438	1.915127	-0.848721	188.895596	-8.318128	-165.753724	-82.394930	-0.180899	4.632962	-1.254872
1.100000	162.695750	23.738557	158.887720	-36.168995	-0.125640	1.938505	-0.569121	191.475743	-8.806668	-169.072173	-81.707116	-0.193977	4.479420	-1.279347
1.120000	159.653871	23.554683	155.479320	-37.795083	-0.136940	2.035424	-0.605887	194.304421	-9.323605	-172.426918	-80.865395	-0.177479	4.618590	-1.332732
1.140000	156.617333	23.364010	152.047712	-39.411418	-0.138440	2.140248	-0.625128	197.086359	-9.881161	-175.784531	-79.838954	-0.154769	4.762729	-1.409898
1.160000	157.434818	23.066541	152.793972	-40.452465	-0.135393	2.250934	-0.650632	189.503153	-9.573227	-169.011066	-76.131446	-0.129963	4.921339	-1.500431
1.180000	154.427517	22.869407	149.381533	-41.962709	-0.137674	2.363529	-0.680282	192.087671	-10.134361	-172.186135	-74.899879	-0.128797	5.082608	-1.596707
1.200000	151.396096	22.660918	145.905706	-43.447633	-0.147624	2.467483	-0.715626	194.720282	-10.721794	-175.428165	-73.568497	-0.100634	5.224093	-1.680107
1.220000	148.327959	22.440381	142.364019	-44.904675	-0.149990	2.573528	-0.751790	197.428975	-11.336056	-178.749777	-72.119044	-0.101013	5.369725	-1.748716
1.240000	145.115661	22.207249	138.754998	-46.331516	-0.500966	2.738250	-1.139303	200.578925	-11.978347	-182.146732	-70.552477	-0.122167	6.101548	-2.332823
1.260000	141.925595	21.961131	135.078022	-47.726007	-0.474407	2.883708	-1.205208	203.558555	-12.648269	-185.619698	-68.846880	-0.116836	6.299966	-2.169368
1.280000	138.719376	21.695663	131.322140	-49.087692	-0.483719	3.015698	-1.248404	206.570382	-13.347620	-189.164456	-66.999744	-0.154544	6.518234	-2.149529
1.300000	130.189659	21.375484	121.329098	-51.318136	-0.494388	3.145800	-1.280510	225.070080	-15.320388	-207.702656	-68.879252	-0.206175	6.743753	-2.239632
1.320000	126.723480	21.060908	117.125346	-52.669833	-0.518877	3.291055	-1.338484	229.132261	-16.172634	-212.224721	-66.812476	-0.547081	7.118085	-2.421724
1.340000	123.233514	20.731401	112.835260	-53.983112	-0.540079	3.434373	-1.395385	233.256712	-17.077163	-216.886017	-64.536204	-0.639535	7.393883	-2.592482
1.360000	119.794102	20.383143	108.450925	-55.245602	-0.442791	3.532062	-1.311017	237.358150	-18.030710	-221.702503	-62.030131	-0.042859	7.413478	-2.690464
1.380000	116.146934	20.011180	103.965571	-56.462318	-0.574033	3.743887	-1.489841	241.913884	-19.038429	-226.663822	-59.307626	-0.359259	7.841681	-2.910948
1.400000	112.550053	19.620205	99.382972	-57.619236	-0.601768	3.907782	-1.556108	246.520523	-20.096998	-231.770630	-56.301678	-0.040086	8.099729	-3.082325
1.420000	115.275253	19.430356	102.969092	-57.332156	-0.594445	4.060165	-1.614874	229.904131	-19.319295	-216.108607	-48.911939	0.266660	8.368336	-3.278597
1.440000	111.760502	19.033772	98.596066	-58.274821	-0.581331	4.239294	-1.684565	233.590532	-20.356227	-220.229078	-45.384717	0.594696	8.603514	-3.417582
1.460000	101.516430	18.290388	84.940162	-60.635460	-0.561448	4.421250	-1.755084	261.494640	-23.863703	-248.231938	-45.220954	0.748833	8.778252	-3.754921
1.480000	97.886087	17.812360	79.936010	-61.510051	-0.526548	4.558802	-1.813761	266.599758	-25.175022	-253.861894	-40.758540	0.583904	8.948543	-4.117271
1.500000	94.163609	17.280859	74.781147	-62.263976	-0.517030	4.727720	-1.910534	272.245054	-26.669826	-259.808311	-35.795285	0.657855	9.256818	-4.577925
1.520000	97.484758	17.220133	80.299824	-61.238457	-0.492186	4.925547	-2.007804	249.139801	-25.085274	-237.115295	-27.844539	0.844117	9.619459	-5.035151
1.540000	86.740839	16.147384	64.149503	-63.462750	-0.454657	5.111301	-2.120790	284.004154	-29.952126	-271.791719	-24.100407	0.878686	9.910379	-5.345444
1.560000	83.057687	15.534195	58.653091	-63.875238	-0.425888	5.314500	-2.240427	290.172528	-31.771130	-277.855139	-17.223126	0.959643	10.235922	-5.719528
1.580000	79.441549	14.876771	53.038354	-64.145825	-0.398196	5.534705	-2.331276	296.219660	-33.683370	-283.877209	-9.601017	0.935962	10.291471	-6.082941
1.600000	75.850393	14.183796	47.308199	-64.251458	-0.369588	5.764912	-2.480620	302.564658	-35.724527	-289.759964	-1.107613	1.043651	10.510960	-6.661469
1.620000	72.332330	13.449136	41.453168	-64.169016	-0.371097	5.971680	-2.670795	309.227430	-37.856551	-295.397686	8.358899	1.290471	10.935072	-7.432108
1.640000	68.949630	12.669956	35.486536	-63.893484	-0.349172	6.201686	-2.844722	315.663201	-40.112741	-300.669705	18.861790	1.293110	11.117171	-7.929174
1.660000	65.630183	11.843465	29.426084	-63.397175	-0.418765	6.441627	-3.158704	322.217083	-42.456489	-305.344127	30.534885	1.090212	11.473177	-8.890096
1.680000	62.622923	10.969605	23.275173	-62.655413	-0.385597	6.649989	-3.357074	328.290336	-44.859008	-309.197285	43.294247	1.320776	11.485563	-9.663122
1.700000	59.894507	10.044521	17.053176	-61.642732	-0.322159	6.889048	-3.534433	334.013875	-47.321469	-311.917934	57.213923	1.480161	11.492541	-10.530703
1.720000	57.468862	9.068711	10.792900	-60.332786	-0.285400	7.115802	-3.749665	339.387898	-49.767901	-313.355169	72.108109	1.468957	11.593806	-11.361008
1.740000	55.369570	8.030338	4.488402	-58.679881	-0.236686	7.339943	-4.005259	344.301612	-52.264628	-313.436473	88.353800	1.749532	11.336579	-12.386137
1.760000	53.778740	6.956124	-1.760677	-56.737662	-0.209246	7.570445	-4.261567	347.892745	-54.463932	-311.112643	104.867830	1.935968	11.166451	-13.388668
1.780000	52.655525	5.840958	-7.936482	-54.449589	-0.153813	7.766118	-4.548733	350.682191	-56.443125	-306.690430	121.477503	2.367972	10.970658	-14.943488
1.800000	52.041906	4.683133	-14.015826	-51.816555	-0.095863	7.992576	-4.900125	351.564339	-58.323480	-299.991505	138.261061	2.228220	10.272149	-15.581197
1.820000	52.034695	3.500249	-19.924875	-48.877970	-0.066698	8.203917	-5.247047	351.064483	-59.667240	-290.991723	153.726382	2.407862	9.735700	-16.438157
1.840000	52.533522	2.289633	-25.625610	-45.637103	0.010550	8.374086	-5.654639	348.395622	-60.583927	-280.070938	167.901698	2.236188	8.704267	-16.603106
1.860000	53.587814	1.054409	-31.094186	-42.094597	0.077175	8.533684	-6.034498	345.090861	-61.167642	-267.596433	181.029686	2.108585	7.885285	-16.944163
1.880000	55.162728	-0.193589	-36.300937	-38.321791	0.096126	8.708573	-6.431563	341.076795	-61.285365	-253.887495	192.092626	2.191105	7.037780	-18.197932
1.900000	57.124214	-1.415179	-41.217977	-34.386646	0.157730	8.786730	-6.814360	335.009512	-60.954153	-239.848015	200.600043	1.868320	6.330949	-17.758901
1.920000	59.525470	-2.620269	-45.861857	-30.296669	0.242172	8.931626	-7.215026	329.546295	-60.281593	-225.453331	207.264112	2.451722	5.758716	-19.023937
1.940000	62.183982	-3.817814	-50.221724	-26.094849	0.281773	9.009680	-7.610210	322.383431	-59.341383	-211.353227	212.190354	2.358402	4.847354	-18.854061
1.960000	65.079415	-4.995688	-54.294612	-21.813520	0.323241	9.076086	-7.986235	314.844823	-58.311394	-197.561079	215.602291	2.308243	4.007779	-18.539797
1.980000	68.145777	-6.149143	-58.090900	-17.450724	0.370160	9.133825	-8.385305	307.265251	-57.112923	-184.076721	217.891567	2.248570	3.332146	-18.256827
2.000000	71.379765	-7.279743	-61.641064	-13.088653	0.398001	9.191945	-8.751841	299.715190	-55.838107	-171.582903	218.804374	2.150325	2.863619	-17.912647
2.020000	74.695006	-8.372551	-64.942911	-8.724480	0.434761	9.230095	-9.099254	292.094667	-54.270956	-159.715340	218.990013	1.899715	2.407164	-17.400435
2.040000	78.124248	-9.436122	-68.012872	-4.347973	0.535921	9.297964	-9.543260	285.399615	-52.794047	-148.710279	218.260262	2.080577	1.538266	-18.101939
2.060000	81.563549	-10.476604	-70.879170	-0.002660	0.579675	9.321721	-9.911661	278.421525	-51.364983	-138.302939	217.030491	1.864289	0.989790	-18.092298
2.080000	85.013076	-11.484034	-73.523953	4.320860	0.618474	9.344763	-10.291746	271.411252	-49.884643	-128.557539	215.344903	1.749764	0.732441	-17.640197
2.100000	88.473036	-12.463628	-75.988820	8.593242	0.631692	9.361540	-10.676082	264.470872	-48.547554	-119.458705	213.180525	1.534285	0.228373	-17.279135
2.120000	91.883766	-13.414321	-78.279752	12.823644	0.652088	9.328780	-11.040716	258.207764	-47.089145	-111.057170	210.769212	1.280859	-0.443165	-17.476564
2.140000	95.267557	-14.341793	-80.407634	17.006844	0.645642	9.290726	-11.374283	252.001872	-45.815855	-103.218110	208.085448	1.180618	-0.735767	-17.289006
2.160000	98.689490	-15.241991	-82.391932	21.123381	0.666342	9.271925	-11.804992	246.398308	-44.518946	-95.739782	205.363652	0.940207	-1.070981	-17.534104
2.180000	102.019629	-16.117956	-84.240311	25.180671	0.685372	9.212856	-12.130969	240.512675	-43.299731	-88.794883	202.613478	0.568095	-1.239474	-17.059030
2.200000	105.364189	-16.969845	-85.962692	29.204738	0.663298	9.179993	-12.491234	234.937889	-42.084245	-82.248921	199.861817	0.310577	-1.618094	-16.695705
2.220000	108.642666	-17.803301	-87.542519	33.149153	0.671338	9.141488	-12.830401	229.339036	-40.919736	-76.007891	196.891923	0.085823	-1.583964	-16.124548
2.240000	111.876397	-18.609326	-89.001777	37.049407	0.679413	9.083195	-13.186148	224.326019	-39.795342	-70.150925	193.843704	0.182168	-1.643295	-15.991150
2.260000	115.063866	-19.393460	-90.353446	40.880501	0.683750	9.038197	-13.506081	218.823510	-38.664639	-64.663114	190.775942	0.115634	-2.131070	-15.305504
2.280000	118.198736	-20.158487	-91.586013	44.655385	0.654858	9.011196	-13.807827	212.878835	-37.554972	-59.511766	187.636635	0.329307	-2.757165	-14.009330
2.300000	121.229083	-20.899590	-92.731471	48.366716	0.712803	8.927461	-14.042071	208.417962	-36.461584	-54.624609	184.568508	-0.002637	-2.246238	-13.838393
2.320000	124.231894	-21.609698	-93.774211	52.019563	0.711966	8.865309	-14.316217	204.084831	-35.407007	-50.024456	181.541363	-0.252331	-2.365503	-13.761968
2.340000	127.207922	-22.307581	-94.740501	55.610700	0.699913	8.828140	-14.575104	199.638389	-34.406018	-45.706069	178.387641	-0.331659	-2.365398	-13.487346
2.360000	130.120796	-22.989601	-95.620863	59.135496	0.684984	8.774432	-14.841244	195.394517	-33.503889	-41.557156	175.326957	-0.531255	-2.443986	-13.251893
2.380000	132.979669	-23.654207	-96.419276	62.601542	0.660238	8.706909	-15.121591	191.389943	-32.611630	-37.615650	172.530839	-0.446204	-2.631385	-12.864946
2.400000	135.792526	-24.299986	-97.140236	66.010354	0.620146	8.659090	-15.384362	187.283493	-31.693037	-33.826836	169.544153	-0.342433	-2.637881	-12.443471
2.420000	138.534287	-24.918584	-97.784909	69.361707	0.628017	8.585465	-15.635137	183.630228	-30.775046	-30.251379	166.541697	-0.410785	-3.085322	-12.511584
2.440000	141.207123	-25.522026	-98.361986	72.651394	0.592730	8.499352	-15.881794	180.264536	-29.934439	-26.824304	163.540209	-0.705784	-2.810851	-12.710586
2.460000	143.826431	-26.105896	-98.873293	75.881229	0.589449	8.402264	-16.126139	176.744660	-29.104525	-23.506100	160.594913	-0.876317	-3.142184	-12.688537
2.480000	146.395360	-26.678305	-99.311412	79.052933	0.563423	8.306705	-16.382023	172.618925	-28.254988	-20.365983	157.676249	-0.719964	-3.256967	-11.871377
2.500000	148.926960	-27.237347	-99.701641	82.168786	0.560206	8.226423	-16.614151	169.051371	-27.425516	-17.324892	154.835967	-0.836589	-3.346629	-11.525096
2.520000	151.395103	-27.772786	-100.020253	85.227234	0.551242	8.150892	-16.837598	165.662068	-26.630075	-14.442961	152.018416	-1.453054	-3.311411	-11.340474
2.540000	153.810795	-28.292443	-100.288660	88.232420	0.516842	8.068766	-17.059812	162.407503	-25.828681	-11.669465	149.253097	-1.608610	-3.330112	-11.121591
2.560000	156.176632	-28.797997	-100.496706	91.182776	0.451920	7.985878	-17.293542	158.616026	-25.071992	-9.007880	146.449512	-2.217516	-3.443088	-10.412688
