#Time(Gyrs) | Rgal(kpc) | Xsat[kpc] | Ysat[kpc] | Zsat[kpc] |Xhost[kpc] | Yhost[kpc] Zhost[kpc] |Vgal | Vxsat | Vysat | Vzsat | Vxhost | Vyhost | Vzhost |
0.000000	280.093499	24.170374	272.870350	58.192029	0.058584	-0.061381	0.060627	98.351468	4.408831	-53.810476	-82.497537	0.085869	-0.288660	-0.097667
0.020000	278.701056	24.257844	271.776849	56.529140	0.055921	-0.067718	0.057225	99.283785	4.296267	-55.052652	-82.754625	0.110935	-0.227275	-0.087032
0.040000	277.293537	24.341760	270.663289	54.874868	0.061011	-0.072192	0.062003	100.197779	4.182173	-56.305745	-83.007656	0.116236	-0.181635	-0.103209
0.060000	275.871525	24.422258	269.523762	53.214949	0.064935	-0.077776	0.047010	101.133626	4.066901	-57.571410	-83.255814	0.100337	-0.118261	-0.120909
0.080000	274.415574	24.502430	268.359526	51.547383	0.067452	-0.069216	0.041560	102.125733	3.950436	-58.849235	-83.499098	0.095513	-0.043772	-0.092129
0.100000	272.947278	24.580277	267.169840	49.875051	0.065674	-0.067147	0.038889	103.111494	3.832339	-60.139539	-83.736724	0.122605	0.033577	-0.086176
0.120000	271.452416	24.655711	265.953834	48.197933	0.063425	-0.057432	0.035292	104.110919	3.712530	-61.442431	-83.970559	0.104847	0.124078	-0.091878
0.140000	269.943669	24.728758	264.712019	46.516275	0.066789	-0.053959	0.036721	105.073532	3.590424	-62.758341	-84.197312	0.086451	0.181625	-0.133467
0.160000	268.414907	24.799328	263.443426	44.830085	0.074461	-0.048010	0.024881	106.041925	3.467818	-64.089701	-84.418592	0.077203	0.200795	-0.156347
0.180000	266.867311	24.867446	262.148213	43.139558	0.070237	-0.043432	0.025734	107.021399	3.343408	-65.435151	-84.633138	0.052765	0.185310	-0.154107
0.200000	265.315858	24.935481	260.831486	41.449059	0.073001	-0.047941	0.020977	108.022457	3.215469	-66.797626	-84.840912	0.045642	0.212485	-0.174222
0.220000	263.724059	24.997414	259.479531	39.748166	0.074279	-0.040140	0.014588	109.051312	3.083903	-68.174556	-85.040703	0.036108	0.256183	-0.187102
0.240000	262.123770	25.057777	258.102386	38.045463	0.073525	-0.040138	0.004761	110.119681	2.949766	-69.566704	-85.232320	0.002815	0.302920	-0.168254
0.260000	260.497323	25.115379	256.696752	36.338906	0.074464	-0.034271	-0.006518	111.207224	2.812704	-70.975467	-85.419266	-0.021636	0.350003	-0.145059
0.280000	258.840859	25.172122	255.260883	34.626811	0.070135	-0.021172	-0.007753	112.291384	2.674071	-72.400878	-85.600569	-0.052676	0.403418	-0.152022
0.300000	257.172884	25.224197	253.798460	32.913062	0.063591	-0.014235	-0.010369	113.428203	2.532968	-73.845356	-85.772802	-0.082513	0.481308	-0.130153
0.320000	255.475667	25.269514	252.302725	31.194878	0.064429	-0.004108	-0.010594	114.557276	2.389120	-75.307476	-85.937596	-0.066982	0.572561	-0.149736
0.340000	253.750920	25.317259	250.780900	29.472384	0.064073	0.017096	-0.011852	115.685442	2.241735	-76.788308	-86.095438	-0.049323	0.662241	-0.192673
0.360000	252.016847	25.357999	249.227917	27.750175	0.058391	0.026370	-0.016885	116.832823	2.089151	-78.287821	-86.248654	-0.055976	0.727643	-0.214572
0.380000	250.269996	25.398237	247.647161	26.023730	0.054945	0.029401	-0.019176	117.993562	1.932468	-79.806977	-86.396971	-0.060754	0.777280	-0.230357
0.400000	248.480368	25.435390	246.033475	24.294018	0.051257	0.051756	-0.019212	119.146075	1.772897	-81.351675	-86.539672	-0.045539	0.828753	-0.290859
0.420000	246.679881	25.469212	244.390798	22.561873	0.049452	0.066332	-0.029169	120.380796	1.608788	-82.916496	-86.673127	-0.041681	0.891549	-0.272759
0.440000	244.851692	25.499710	242.716794	20.827158	0.049585	0.086137	-0.029655	121.647679	1.437680	-84.506361	-86.799030	-0.066611	0.969834	-0.255890
0.460000	242.460835	25.657783	240.435143	19.327640	0.051153	0.109254	-0.037905	124.727820	1.080626	-88.280283	-87.309581	-0.090727	1.048282	-0.268991
0.480000	240.539255	25.676350	238.650739	17.579718	0.051602	0.130459	-0.043605	126.103831	0.884450	-90.031412	-87.442248	-0.112782	1.110222	-0.296483
0.500000	238.559567	25.676389	236.808406	15.743777	0.044476	0.155947	-0.045011	127.484230	0.676173	-91.743660	-87.552445	-0.142469	1.184052	-0.282755
0.520000	236.608773	25.702458	234.975838	14.075210	0.050007	0.186415	-0.052431	128.990203	0.478139	-93.612232	-87.675695	-0.170521	1.248100	-0.271066
0.540000	234.602786	25.705548	233.083819	12.323257	0.047054	0.216522	-0.043276	130.445672	0.268211	-95.445911	-87.776210	-0.183380	1.331220	-0.311610
0.560000	232.572462	25.710857	231.153954	10.565242	0.045264	0.245847	-0.049517	131.936542	0.053740	-97.308823	-87.863563	-0.185585	1.425379	-0.349272
0.580000	230.510851	25.712015	229.186997	8.803347	0.047309	0.280333	-0.046185	133.477824	-0.162633	-99.200567	-87.937208	-0.197761	1.533256	-0.364237
0.600000	228.375609	25.705111	227.183934	7.048955	-0.097519	0.382211	-0.065921	134.924714	-0.384186	-101.125592	-87.999646	-0.160807	1.435989	-0.331234
0.620000	226.271561	25.692016	225.146453	5.283114	-0.100015	0.413513	-0.073741	136.509212	-0.606071	-103.082235	-88.048190	-0.127099	1.513228	-0.330890
0.640000	224.139981	25.677680	223.064412	3.520640	-0.107260	0.441614	-0.079050	138.066146	-0.835463	-105.079469	-88.084359	-0.126913	1.557070	-0.389392
0.660000	221.967888	25.660671	220.938313	1.756148	-0.108922	0.479085	-0.087819	139.696883	-1.070682	-107.113660	-88.107644	-0.150234	1.617812	-0.404516
0.680000	219.768398	25.636105	218.772774	-0.007060	-0.108343	0.517499	-0.090972	141.384562	-1.312591	-109.184468	-88.113358	-0.174212	1.705404	-0.410822
0.700000	217.545308	25.610291	216.569144	-1.767321	-0.108115	0.555916	-0.091014	143.061321	-1.560765	-111.285791	-88.103989	-0.178976	1.766893	-0.447141
0.720000	215.292601	25.578891	214.323373	-3.524274	-0.111131	0.596398	-0.102779	144.810845	-1.813827	-113.421005	-88.076412	-0.158814	1.836844	-0.423289
0.740000	213.015161	25.546798	212.032984	-5.287142	-0.114323	0.632417	-0.113614	146.587512	-2.075801	-115.595972	-88.026302	-0.152137	1.926145	-0.432067
0.760000	210.710792	25.503948	209.702863	-7.044946	-0.114192	0.669860	-0.120185	148.388839	-2.345239	-117.806466	-87.956920	-0.143543	2.021956	-0.460923
0.780000	208.367441	25.455111	207.322335	-8.803449	-0.113344	0.711717	-0.126070	150.221701	-2.623459	-120.060569	-87.865791	-0.124503	2.093329	-0.465905
0.800000	205.996280	25.403510	204.899406	-10.561438	-0.103880	0.754594	-0.133770	152.079823	-2.911620	-122.351214	-87.752475	-0.105600	2.154632	-0.467349
0.820000	203.595528	25.346342	202.428880	-12.313104	-0.101086	0.796805	-0.144538	153.946459	-3.207800	-124.686464	-87.616136	-0.102735	2.207208	-0.507774
0.840000	201.165397	25.277568	199.911569	-14.062281	-0.107752	0.839685	-0.152303	155.860392	-3.514447	-127.066317	-87.451807	-0.106552	2.276334	-0.553436
0.860000	198.706829	25.205380	197.355708	-15.811076	-0.103652	0.888914	-0.169603	157.828351	-3.826267	-129.485633	-87.261151	-0.104674	2.358454	-0.583155
0.880000	196.206029	25.126354	194.741928	-17.553649	-0.107189	0.943295	-0.170783	159.838772	-4.146502	-131.961575	-87.038867	-0.113687	2.443563	-0.624584
0.900000	193.673527	25.041573	192.076108	-19.294201	-0.105678	0.995262	-0.185015	161.894223	-4.479137	-134.481582	-86.779211	-0.128178	2.519971	-0.631763
0.920000	191.118892	24.949560	189.363040	-21.025109	-0.110143	1.041874	-0.202514	163.981633	-4.823107	-137.054198	-86.487949	-0.145403	2.604256	-0.676464
0.940000	188.532190	24.847781	186.602740	-22.752550	-0.108349	1.092657	-0.222853	166.120594	-5.181479	-139.677153	-86.161396	-0.171393	2.706358	-0.733729
0.960000	185.907865	24.741267	183.789768	-24.474730	-0.111543	1.152367	-0.233199	168.335999	-5.555564	-142.355679	-85.799448	-0.176638	2.823394	-0.763500
0.980000	183.243570	24.625089	180.920681	-26.190915	-0.116342	1.216925	-0.255844	170.616883	-5.941426	-145.102705	-85.395486	-0.171737	2.939724	-0.777103
1.000000	180.537288	24.502605	177.990417	-27.891290	-0.125692	1.285527	-0.277139	172.945871	-6.339718	-147.906173	-84.953806	-0.152375	3.035367	-0.759728
1.020000	177.456510	24.373386	175.004571	-29.588689	-0.458908	1.665623	-0.817531	176.192636	-6.753678	-150.770487	-84.458818	-0.248425	4.192630	-0.864805
1.040000	174.683263	24.236232	171.963530	-31.270246	-0.464968	1.734251	-0.838593	178.698405	-7.181342	-153.698930	-83.912193	-0.182457	4.443203	-0.995359
1.060000	171.870283	24.090596	168.862134	-32.939348	-0.481202	1.815343	-0.830304	181.222899	-7.623490	-156.697696	-83.312956	-0.163679	4.600352	-1.038840
1.080000	169.009499	23.932633	165.707138	-34.595866	-0.487495	1.912868	-0.842267	183.583637	-8.079396	-159.772013	-82.646361	-0.198015	4.582623	-1.231442
1.100000	166.204898	23.770039	162.491996	-36.241840	-0.128157	1.930726	-0.562392	185.960467	-8.553292	-162.915692	-81.916819	-0.206637	4.435071	-1.261065
1.120000	163.272859	23.594052	159.207788	-37.874087	-0.139593	2.028359	-0.599866	188.656809	-9.046758	-166.150491	-81.109865	-0.191114	4.570178	-1.313735
1.140000	160.303366	23.406199	155.859236	-39.489286	-0.142110	2.132780	-0.619979	191.417646	-9.555934	-169.464009	-80.230655	-0.169894	4.709093	-1.386833
1.160000	161.200726	23.112006	156.686479	-40.531619	-0.138282	2.238877	-0.643822	183.998278	-9.238510	-162.863411	-76.572362	-0.146199	4.865497	-1.474362
1.180000	158.303147	22.921940	153.398048	-42.051332	-0.142675	2.349322	-0.672689	186.466257	-9.762610	-165.933880	-75.405830	-0.147452	5.020797	-1.570121
1.200000	155.379056	22.721267	150.048330	-43.547117	-0.152875	2.453469	-0.708096	188.982804	-10.311749	-169.068123	-74.150248	-0.122301	5.156704	-1.649319
1.220000	152.418618	22.509328	146.634989	-45.016632	-0.155372	2.559725	-0.744012	191.567103	-10.885212	-172.273411	-72.786274	-0.124497	5.296421	-1.715066
1.240000	149.292263	22.285656	143.156743	-46.457769	-0.485143	2.738453	-1.154630	194.582949	-11.483345	-175.545922	-71.316401	0.022122	5.997578	-2.235969
1.260000	146.240693	22.049874	139.612990	-47.868619	-0.481314	2.864431	-1.194026	197.412026	-12.109216	-178.896409	-69.723067	-0.146909	6.189456	-2.109208
1.280000	143.143833	21.795668	135.992872	-49.249077	-0.489818	2.996247	-1.234373	200.280955	-12.759778	-182.311212	-68.000849	-0.193459	6.393678	-2.084135
1.300000	134.791597	21.500009	126.248752	-51.508254	-0.502199	3.121217	-1.265967	218.012921	-14.616324	-200.069640	-70.026595	-0.245554	6.612985	-2.163441
1.320000	131.438341	21.200565	122.199642	-52.883912	-0.527527	3.265921	-1.321352	221.843795	-15.391673	-204.380934	-68.125381	-0.580796	6.965301	-2.337266
1.340000	128.063336	20.885292	118.069283	-54.227688	-0.551221	3.406110	-1.378369	225.729251	-16.219208	-208.810693	-66.052658	-0.674873	7.225368	-2.487819
1.360000	130.501931	20.660609	120.828641	-54.385505	-0.455489	3.500184	-1.292215	212.307134	-15.661795	-196.673663	-59.606332	-0.089680	7.241356	-2.593234
1.380000	127.146691	20.339215	116.857125	-55.552273	-0.584019	3.706490	-1.464999	215.670833	-16.474319	-200.444450	-57.066622	-0.403818	7.668713	-2.802832
1.400000	117.712005	19.834853	105.119996	-57.972457	-0.615049	3.866927	-1.530154	238.216115	-18.961010	-222.948842	-58.583442	-0.094259	7.908823	-2.944412
1.420000	120.474736	19.644996	108.671474	-57.720639	-0.609783	4.017524	-1.582802	222.422799	-18.219245	-208.196680	-51.347932	0.195668	8.152899	-3.122913
1.440000	117.075096	19.271338	104.468126	-58.716008	-0.597408	4.191129	-1.651702	225.921400	-19.156435	-212.160658	-48.140592	0.510422	8.377173	-3.232254
1.460000	107.008400	18.600865	91.248524	-61.172430	-0.578769	4.369426	-1.716886	252.175125	-22.271668	-238.497899	-48.663700	0.681263	8.541874	-3.532703
1.480000	103.450451	18.138344	86.427990	-62.107730	-0.544455	4.498178	-1.771548	256.992433	-23.491571	-243.895424	-44.701578	0.485921	8.697826	-3.874623
1.500000	99.807145	17.644060	81.474057	-62.946709	-0.539731	4.664717	-1.863640	262.259366	-24.823713	-249.528387	-40.332247	0.553248	8.999007	-4.282678
1.520000	96.159086	17.131583	76.423768	-63.706211	-0.515275	4.856207	-1.954754	267.698422	-26.228873	-255.214362	-35.446005	0.730830	9.341364	-4.690727
1.540000	99.624360	17.089612	82.213908	-62.557325	-0.483443	5.036725	-2.060356	244.588100	-24.601738	-232.609971	-27.532191	0.758340	9.609717	-4.952824
1.560000	88.891390	16.025218	65.985656	-64.899517	-0.451784	5.235660	-2.133081	278.919886	-29.296183	-266.844937	-24.121613	0.775443	9.796935	-5.114395
1.580000	85.268842	15.423053	60.593835	-65.315179	-0.430719	5.442129	-2.245989	284.773812	-30.960035	-272.745146	-17.530850	0.789264	10.001888	-5.605226
1.600000	81.664448	14.789055	55.086679	-65.591630	-0.406209	5.663371	-2.381484	290.792718	-32.755724	-278.587263	-10.181350	0.876559	10.225380	-6.115350
1.620000	78.095826	14.112734	49.454321	-65.708870	-0.411416	5.865303	-2.558220	297.185173	-34.655266	-284.336489	-2.078197	1.099997	10.652662	-6.767460
1.640000	74.501450	13.399097	43.711240	-65.654877	-0.482552	6.108847	-2.854989	303.392827	-36.637528	-289.884694	6.930766	1.004910	10.816819	-7.521012
1.660000	71.130199	12.647329	37.867072	-65.411051	-0.466616	6.330760	-3.017216	309.851293	-38.726632	-295.113915	16.942590	0.855596	11.185922	-7.986927
1.680000	67.893447	11.850616	31.912005	-64.961549	-0.431827	6.540036	-3.196470	316.021713	-40.878537	-299.880260	27.993610	1.024527	11.199173	-8.659390
1.700000	64.857130	11.008355	25.871291	-64.275003	-0.382053	6.765335	-3.351539	322.209646	-43.147498	-303.895360	40.122068	1.266681	11.370445	-9.414871
1.720000	62.020912	10.121649	19.749522	-63.328834	-0.349309	6.995139	-3.543566	328.155597	-45.442723	-306.980177	53.350246	1.218878	11.578979	-10.123014
1.740000	59.457228	9.181847	13.581244	-62.113215	-0.306258	7.217286	-3.763940	333.636144	-47.734439	-308.939529	67.580461	1.506229	11.525306	-11.100686
1.760000	57.206425	8.186573	7.362674	-60.560958	-0.287629	7.451238	-3.985742	338.893513	-50.115367	-309.581863	83.151913	1.667770	11.518456	-12.042124
1.780000	55.359346	7.156716	1.183897	-58.730346	-0.253255	7.681367	-4.255284	343.125106	-52.224243	-308.313098	99.123832	1.855682	11.376723	-13.164272
1.800000	53.926047	6.087599	-4.948767	-56.560093	-0.186485	7.894173	-4.562850	346.167654	-54.182142	-304.928705	115.430723	2.033244	11.073919	-14.238922
1.820000	53.004360	4.978012	-11.008471	-54.038584	-0.152311	8.124375	-4.874815	348.388945	-56.115078	-299.468406	132.210393	2.209659	10.737090	-15.253611
1.840000	52.591523	3.830562	-16.917475	-51.223955	-0.090398	8.318524	-5.249628	348.142556	-57.503106	-291.654430	147.949367	2.158336	9.813207	-15.638577
1.860000	52.736876	2.656876	-22.643051	-48.068509	-0.017992	8.510457	-5.601085	347.216178	-58.574590	-281.904835	163.192450	2.028955	9.114056	-16.235222
1.880000	53.428901	1.472198	-28.161118	-44.654062	0.008016	8.683438	-5.989060	344.818264	-59.200468	-270.416537	176.588621	1.971346	8.374146	-16.888508
1.900000	54.612980	0.266080	-33.431787	-40.956738	0.059866	8.826573	-6.362431	341.090772	-59.481964	-257.370699	188.472513	1.843473	7.584768	-17.393234
1.920000	56.263991	-0.915236	-38.430635	-37.084578	0.108912	8.945922	-6.752256	336.342347	-59.303165	-243.648208	198.185493	1.837711	6.908308	-17.706610
1.940000	58.307668	-2.094671	-43.154507	-33.026124	0.159977	9.048497	-7.150516	330.213702	-58.803708	-229.360161	205.883003	1.761997	5.942045	-17.736666
1.960000	60.704504	-3.264833	-47.585332	-28.845048	0.206123	9.147812	-7.529805	323.647698	-58.075493	-215.186695	211.815652	1.820486	5.113505	-17.592556
1.980000	63.385261	-4.414679	-51.730082	-24.566279	0.259396	9.250723	-7.917386	317.353630	-57.074772	-201.196101	216.067724	2.258795	4.343285	-18.338793
2.000000	66.285183	-5.544868	-55.607814	-20.211996	0.306065	9.333367	-8.289957	310.173629	-55.980288	-187.716975	218.892162	2.143748	3.731321	-18.124350
