#Time(Gyrs) | Rgal(kpc) | Xsat[kpc] | Ysat[kpc] | Zsat[kpc] |Xhost[kpc] | Yhost[kpc] Zhost[kpc] |Vgal | Vxsat | Vysat | Vzsat | Vxhost | Vyhost | Vzhost |
0.000000	288.885252	24.170374	282.870350	53.192029	0.058584	-0.061381	0.060627	101.159426	4.408831	-58.810476	-82.497537	0.085869	-0.288660	-0.097667
0.020000	287.429122	24.257938	281.677459	51.529558	0.055918	-0.067743	0.057205	102.058839	4.305359	-59.992765	-82.713487	0.110616	-0.229815	-0.089032
0.040000	285.959410	24.342121	280.465689	49.876518	0.060691	-0.072429	0.061253	102.939263	4.199892	-61.186366	-82.925354	0.115370	-0.186932	-0.107013
0.060000	284.475543	24.423070	279.229154	48.218657	0.064905	-0.078006	0.046831	103.840522	4.094116	-62.391726	-83.132063	0.099306	-0.125976	-0.126811
0.080000	282.959578	24.503882	277.969122	46.553987	0.067398	-0.069627	0.041244	104.795934	3.987222	-63.608800	-83.333542	0.094088	-0.054112	-0.099937
0.100000	281.431212	24.582561	276.684844	44.885370	0.065659	-0.066357	0.038724	105.745798	3.879065	-64.838308	-83.530197	0.120562	0.020511	-0.095305
0.120000	279.880475	24.659037	275.375480	43.212808	0.063337	-0.058248	0.034191	106.706906	3.770179	-66.080213	-83.721691	0.102710	0.108362	-0.103595
0.140000	278.315573	24.733349	274.041513	41.536551	0.066678	-0.054819	0.035778	107.630849	3.659067	-67.335261	-83.905788	0.083975	0.163314	-0.146843
0.160000	276.732124	24.805375	272.682000	39.856624	0.074145	-0.049224	0.023048	108.556810	3.544421	-68.605147	-84.084338	0.074443	0.179252	-0.172201
0.180000	275.133889	24.878341	271.298255	38.173492	0.070052	-0.046201	0.023895	109.494352	3.427459	-69.888789	-84.258105	0.049496	0.161454	-0.171448
0.200000	273.523066	24.945710	269.887615	36.486663	0.072946	-0.050005	0.018946	110.452013	3.308230	-71.186676	-84.424823	0.042379	0.185821	-0.193309
0.220000	271.886768	25.008498	268.452058	34.801764	0.074497	-0.044288	0.010635	111.438825	3.187827	-72.497614	-84.587381	0.032029	0.226833	-0.208430
0.240000	270.234785	25.071341	266.989922	33.105126	0.073025	-0.042151	0.002331	112.463634	3.064047	-73.821711	-84.743013	-0.001303	0.270468	-0.191125
0.260000	268.561558	25.131328	265.499900	31.408747	0.073879	-0.037874	-0.009798	113.503639	2.936408	-75.159885	-84.891708	-0.026135	0.314943	-0.169517
0.280000	266.859372	25.190621	263.981069	29.707561	0.069544	-0.025733	-0.012208	114.539912	2.805136	-76.511889	-85.037572	-0.057527	0.364926	-0.177971
0.300000	265.148687	25.245379	262.437190	28.005389	0.062650	-0.021425	-0.014810	115.628996	2.670470	-77.878993	-85.178703	-0.087617	0.440186	-0.157742
0.320000	263.411257	25.296079	260.863563	26.298121	0.063512	-0.012509	-0.016950	116.707430	2.535580	-79.259642	-85.312861	-0.072586	0.527520	-0.178670
0.340000	261.642969	25.342911	259.262709	24.591892	0.062210	0.009449	-0.018606	117.781749	2.399492	-80.656819	-85.437647	-0.054884	0.614216	-0.223005
0.360000	259.869575	25.388358	257.632078	22.881030	0.056139	0.016394	-0.023867	118.867100	2.262327	-82.068886	-85.553492	-0.062061	0.675430	-0.246031
0.380000	258.083965	25.432233	255.976595	21.168883	0.052861	0.019618	-0.026545	119.959959	2.123474	-83.496856	-85.661508	-0.067186	0.721892	-0.263643
0.400000	256.261596	25.476636	254.291235	19.454589	0.049197	0.039813	-0.030423	121.041969	1.982549	-84.946812	-85.764023	-0.052784	0.768944	-0.325011
0.420000	254.426640	25.511619	252.576399	17.738019	0.048163	0.052005	-0.037194	122.211226	1.840036	-86.421099	-85.862562	-0.048252	0.827753	-0.307574
0.440000	252.565238	25.546979	250.833204	16.019849	0.045449	0.072325	-0.037956	123.410492	1.693694	-87.919188	-85.954150	-0.073209	0.900785	-0.291790
0.460000	250.177730	25.715768	248.522720	14.554026	0.049246	0.093840	-0.047953	126.269358	1.390802	-91.422530	-86.355006	-0.097291	0.974476	-0.305429
0.480000	248.235081	25.740180	246.677307	12.823864	0.048735	0.111423	-0.055185	127.567771	1.219577	-93.075562	-86.447391	-0.118959	1.031852	-0.333867
0.500000	246.236524	25.748759	244.777118	11.009371	0.042418	0.136354	-0.058884	128.881709	1.028624	-94.707470	-86.518378	-0.147315	1.099689	-0.320349
0.520000	244.236258	25.767029	242.862163	9.277262	0.045425	0.163902	-0.066344	130.250065	0.844523	-96.410571	-86.590514	-0.175814	1.158076	-0.309592
0.540000	242.237996	25.795672	240.937979	7.630480	0.044669	0.195321	-0.057516	131.667747	0.665697	-98.193413	-86.662953	-0.187961	1.235725	-0.352389
0.560000	240.194890	25.805650	238.954687	5.894830	0.042022	0.219887	-0.064715	133.076636	0.475091	-99.953853	-86.712955	-0.190128	1.325254	-0.390935
0.580000	238.090005	25.804534	236.905891	4.074905	0.044232	0.249745	-0.063437	134.476653	0.269853	-101.681377	-86.734070	-0.203264	1.427208	-0.406983
0.600000	235.966977	25.817068	234.882766	2.426531	-0.100024	0.356791	-0.080561	135.900782	0.083312	-103.555868	-86.777872	-0.166417	1.337553	-0.369942
0.620000	233.845413	25.814694	232.792710	0.689554	-0.105848	0.389624	-0.090542	137.396372	-0.117359	-105.400754	-86.795216	-0.133910	1.409946	-0.370468
0.640000	231.710871	25.810796	230.668048	-1.049021	-0.108752	0.413422	-0.093997	138.859960	-0.326873	-107.279560	-86.802041	-0.134507	1.449049	-0.429933
0.660000	229.541396	25.803777	228.504214	-2.786670	-0.111590	0.446221	-0.103712	140.391150	-0.544299	-109.189702	-86.795816	-0.158501	1.504609	-0.445972
0.680000	227.340964	25.790760	226.301090	-4.524621	-0.111416	0.483714	-0.108306	141.975972	-0.766522	-111.131196	-86.774379	-0.183447	1.587199	-0.452887
0.700000	225.114154	25.775513	224.056341	-6.257834	-0.111898	0.520173	-0.109195	143.548963	-0.995804	-113.108830	-86.730599	-0.189230	1.643482	-0.489304
0.720000	222.866291	25.754333	221.775466	-7.991902	-0.115696	0.555619	-0.123957	145.189969	-1.233999	-115.117187	-86.668121	-0.169982	1.708296	-0.466023
0.740000	220.589350	25.730417	219.449022	-9.722980	-0.121582	0.589752	-0.133658	146.858905	-1.477010	-117.165654	-86.585288	-0.164211	1.792059	-0.475606
0.760000	218.290965	25.702313	217.085186	-11.451445	-0.123475	0.622551	-0.142077	148.547402	-1.726362	-119.244190	-86.482735	-0.157330	1.882865	-0.505380
0.780000	215.961074	25.668438	214.684729	-13.180783	-0.117033	0.664996	-0.148187	150.258771	-1.983788	-121.357759	-86.356668	-0.138451	1.949237	-0.509841
0.800000	213.605956	25.628789	212.238518	-14.906007	-0.109836	0.702501	-0.156737	151.997855	-2.244396	-123.512001	-86.210129	-0.120579	2.005563	-0.511946
0.820000	211.214869	25.582638	209.743843	-16.628422	-0.105028	0.744030	-0.168074	153.739199	-2.516336	-125.704498	-86.040107	-0.119179	2.052848	-0.552942
0.840000	208.802751	25.528774	207.207524	-18.348420	-0.114805	0.783602	-0.178100	155.525302	-2.792607	-127.939096	-85.843022	-0.124121	2.116214	-0.598578
0.860000	206.358635	25.469746	204.629859	-20.063308	-0.110022	0.828890	-0.195577	157.367438	-3.080366	-130.213182	-85.625477	-0.123340	2.192263	-0.628038
0.880000	203.880679	25.407323	202.001913	-21.774807	-0.113311	0.878843	-0.198451	159.242518	-3.377306	-132.534228	-85.375363	-0.133655	2.271693	-0.669862
0.900000	201.379448	25.342316	199.330471	-23.478439	-0.112696	0.925785	-0.212475	161.158480	-3.683335	-134.893203	-85.092328	-0.149747	2.342499	-0.677096
0.920000	198.852848	25.266123	196.611248	-25.177127	-0.116042	0.968967	-0.231210	163.096078	-3.999423	-137.295130	-84.776243	-0.167777	2.421304	-0.722882
0.940000	196.293344	25.184252	193.845301	-26.869344	-0.114320	1.017831	-0.249324	165.085202	-4.324309	-139.745858	-84.429944	-0.195055	2.517086	-0.779910
0.960000	193.701314	25.094145	191.033538	-28.555930	-0.119686	1.075270	-0.266031	167.140876	-4.656366	-142.238963	-84.053826	-0.201332	2.628031	-0.808531
0.980000	191.069895	24.994447	188.163895	-30.233515	-0.124252	1.134342	-0.288537	169.251198	-5.003809	-144.791455	-83.637016	-0.198738	2.736987	-0.822536
1.000000	188.404844	24.895175	185.236505	-31.898896	-0.134717	1.192997	-0.309704	171.457334	-5.361615	-147.434759	-83.220581	-0.180394	2.826470	-0.804954
1.020000	185.405876	24.783867	182.264603	-33.558916	-0.469578	1.522616	-0.849032	174.433567	-5.733907	-150.101679	-82.721320	-0.289232	3.848077	-0.886746
1.040000	182.695314	24.664819	179.252600	-35.212382	-0.477229	1.583983	-0.871187	176.690929	-6.122390	-152.781171	-82.135233	-0.232145	4.078790	-1.018391
1.060000	179.943813	24.540124	176.176934	-36.849160	-0.497355	1.654962	-0.863302	179.018090	-6.522850	-155.555693	-81.536731	-0.205424	4.222119	-1.046870
1.080000	177.109665	24.410208	173.017347	-38.465669	-0.502440	1.745337	-0.874558	181.257420	-6.933809	-158.442095	-80.938850	-0.248400	4.215943	-1.239914
1.100000	174.298835	24.263470	169.846827	-40.083393	-0.509438	1.822414	-0.914737	183.452215	-7.364506	-161.298676	-80.167163	-0.045972	4.234077	-1.426689
1.120000	171.494691	24.116881	166.571864	-41.675382	-0.158675	1.837762	-0.641224	185.941610	-7.802784	-164.329811	-79.466423	-0.240668	4.239319	-1.354036
1.140000	168.587611	23.956078	163.258184	-43.252486	-0.160388	1.931307	-0.663550	188.475938	-8.259708	-167.378256	-78.633633	-0.221143	4.369901	-1.425270
1.160000	165.691723	23.784415	159.929139	-44.824113	-0.163868	2.028921	-0.690817	190.991827	-8.748160	-170.434136	-77.637546	-0.202679	4.517399	-1.500740
1.180000	166.449361	23.476569	160.563358	-45.952889	-0.168030	2.133473	-0.716908	184.048754	-8.468556	-164.194661	-74.352294	-0.205813	4.661882	-1.598334
1.200000	163.582119	23.295561	157.241921	-47.419964	-0.180836	2.224789	-0.754586	186.358288	-8.956736	-167.079977	-73.188323	-0.181585	4.785631	-1.671745
1.220000	156.668828	23.216748	149.426550	-49.384797	-0.179508	2.333194	-0.791780	199.228271	-10.301888	-180.307941	-74.420975	-0.185849	4.911456	-1.734355
1.240000	157.739730	22.916647	150.440000	-50.296513	-0.193535	2.451658	-0.827406	191.194936	-10.001068	-173.046756	-70.580194	-0.201099	5.074457	-1.788499
1.260000	154.655849	22.711201	146.948896	-51.693948	-0.507946	2.615113	-1.225523	194.050572	-10.557191	-176.125457	-69.122922	-0.251900	5.682529	-2.076060
1.280000	151.643235	22.494185	143.394550	-53.060714	-0.519711	2.740610	-1.267852	196.677039	-11.138542	-179.266185	-67.558969	-0.297313	5.862695	-2.048489
1.300000	148.620781	22.265477	139.777652	-54.395378	-0.537023	2.853197	-1.292872	199.342754	-11.741727	-182.466452	-65.872178	-0.346916	6.063970	-2.122890
1.320000	140.625800	22.060487	130.376194	-56.447742	-0.562630	2.987700	-1.347997	215.799912	-13.409659	-198.946572	-67.309118	-0.693177	6.418408	-2.246700
1.340000	137.341164	21.775680	126.351393	-57.755092	-0.586845	3.117193	-1.400459	219.314718	-14.132912	-203.011637	-65.487873	-0.783786	6.616921	-2.427472
1.360000	134.039849	21.488447	122.249467	-59.041671	-0.601168	3.250468	-1.439866	222.862606	-14.885579	-207.121366	-63.465628	-0.661039	6.790092	-2.578097
1.380000	130.706383	21.182491	118.064971	-60.289425	-0.628647	3.390879	-1.482236	226.604985	-15.679468	-211.335150	-61.284046	-0.522770	7.037220	-2.687102
1.400000	132.911496	20.924360	120.684577	-60.502102	-0.658014	3.536909	-1.543721	213.725958	-15.170577	-199.382443	-55.342824	-0.243840	7.251194	-2.821230
1.420000	123.935803	20.525847	109.438591	-62.644595	-0.655369	3.680078	-1.598904	234.403957	-17.379489	-220.116153	-56.320007	0.054452	7.467698	-2.964002
1.440000	126.371009	20.279435	112.544393	-62.610055	-0.645294	3.837522	-1.662505	219.994663	-16.776198	-206.576118	-49.926540	0.371127	7.677245	-3.031794
1.460000	123.120184	19.935382	108.376287	-63.578750	-0.494017	3.944396	-1.649763	222.941821	-17.638472	-210.252832	-46.898812	0.312944	7.638725	-3.263140
1.480000	113.584057	19.402363	95.809456	-65.753954	-0.596785	4.115456	-1.772845	246.847925	-20.322779	-234.201354	-47.074267	0.327763	7.911292	-3.612563
1.500000	110.094423	18.985404	91.085751	-66.652387	-0.597489	4.259013	-1.857250	251.395638	-21.426130	-239.127023	-43.431706	0.373771	8.195495	-3.984233
1.520000	112.990177	18.784746	95.416907	-66.084044	-0.578364	4.433155	-1.945078	233.207992	-20.475805	-221.521760	-36.346429	0.533590	8.519983	-4.325035
1.540000	109.578726	18.371626	90.941804	-66.768320	-0.533576	4.591520	-2.009391	236.664188	-21.510747	-225.323012	-32.257800	0.506264	8.663018	-4.405927
1.560000	106.113250	17.927989	86.390111	-67.363046	-0.525107	4.775984	-2.104794	240.297758	-22.602887	-229.128275	-27.824367	0.566962	8.924464	-4.649722
1.580000	95.884895	17.057684	71.085222	-69.387900	-0.508995	4.964901	-2.205847	271.179652	-26.576844	-259.968965	-24.817525	0.578366	9.123649	-5.064973
1.600000	92.300082	16.496694	65.804207	-69.809082	-0.484396	5.167130	-2.325064	276.557150	-28.129084	-265.414678	-18.840213	0.641126	9.317459	-5.484098
1.620000	88.787784	15.919117	60.445181	-70.119467	-0.474397	5.350240	-2.450636	282.010860	-29.717929	-270.772330	-12.400655	0.707536	9.514319	-5.781670
1.640000	85.166457	15.308613	54.986881	-70.292850	-0.575139	5.580630	-2.764677	287.688490	-31.369658	-276.072838	-5.340851	0.677363	9.822438	-6.584730
1.660000	81.720986	14.666557	49.406376	-70.315172	-0.568732	5.789434	-2.907694	293.513746	-33.144287	-281.215554	2.491914	0.561342	10.205369	-6.893998
1.680000	78.366251	13.987769	43.731584	-70.179544	-0.546233	5.978644	-3.062127	299.154401	-34.979034	-286.181134	11.057286	0.672139	10.267365	-7.399071
1.700000	75.232152	13.270038	37.954299	-69.859943	-0.383907	6.192427	-3.042056	304.736956	-36.931283	-290.824302	20.521341	0.946755	10.219903	-7.802730
1.720000	72.036396	12.494433	32.067818	-69.315372	-0.360108	6.406750	-3.243345	310.691061	-38.964158	-295.149886	31.008571	1.066604	10.423565	-8.378472
1.740000	68.991818	11.693034	26.130155	-68.577699	-0.442178	6.595348	-3.531569	316.640188	-41.088490	-298.726294	42.269362	1.146168	10.822210	-9.276405
1.760000	66.247327	10.848095	20.130060	-67.610945	-0.432086	6.809922	-3.704453	322.198306	-43.247013	-301.477844	54.547785	1.257152	11.009470	-10.126834
1.780000	63.708861	9.956937	14.079138	-66.386659	-0.411154	7.031900	-3.923405	327.424947	-45.392549	-303.295817	67.654311	1.527459	11.060250	-10.996002
1.800000	61.434856	9.025428	8.000274	-64.887165	-0.345858	7.244384	-4.175971	332.165580	-47.508172	-303.863924	81.622224	1.708242	11.007374	-12.014217
1.820000	59.512188	8.058099	1.933261	-63.092578	-0.313733	7.464509	-4.432384	336.370758	-49.567335	-302.959234	96.226729	1.902618	10.987888	-13.013080
1.840000	57.939598	7.040373	-4.103767	-61.002732	-0.262055	7.667835	-4.743502	339.082192	-51.508223	-300.323078	111.214293	1.878176	10.428148	-13.526644
1.860000	56.840568	5.987225	-10.066223	-58.615691	-0.203088	7.890164	-5.042393	341.100829	-53.324048	-295.886154	126.256707	1.847608	9.989165	-14.264297
1.880000	56.163641	4.884347	-15.924886	-55.896922	-0.167739	8.092847	-5.379801	342.448481	-54.966052	-289.665066	141.550340	1.783199	9.521674	-15.095053
1.900000	55.996791	3.769843	-21.627562	-52.909493	-0.124182	8.263653	-5.718473	342.342421	-56.123793	-281.512570	155.667350	1.793391	9.002126	-15.928526
1.920000	56.298722	2.628327	-27.158376	-49.614537	-0.080289	8.417497	-6.064947	341.233387	-57.148642	-271.699823	169.283777	1.819546	8.374374	-16.515634
1.940000	57.083730	1.478379	-32.473168	-46.099738	-0.031170	8.558631	-6.442898	338.435108	-57.732552	-260.505675	181.008741	1.832043	7.543183	-16.830058
1.960000	58.337836	0.322937	-37.548487	-42.365125	0.021106	8.704478	-6.814102	334.621670	-57.956619	-248.234345	191.284291	1.923927	6.757491	-16.958705
1.980000	59.960911	-0.840973	-42.376949	-38.414165	0.059446	8.803684	-7.188487	330.122370	-57.905380	-235.247736	200.226423	1.906572	5.917427	-17.127376
2.000000	61.954856	-1.990514	-46.932559	-34.335710	0.117077	8.896698	-7.557803	324.870962	-57.560580	-221.990695	207.122934	1.793617	5.355757	-17.224592
2.020000	64.269187	-3.132898	-51.227181	-30.135447	0.169919	8.994414	-7.932310	319.079899	-56.833197	-208.763858	212.501042	1.676013	4.715283	-17.314777
2.040000	66.839315	-4.263021	-55.261832	-25.841534	0.209562	9.076315	-8.288958	312.886308	-56.000206	-195.776817	216.387048	1.710463	4.094700	-17.319386
2.060000	69.581582	-5.374190	-59.033601	-21.483063	0.256228	9.125513	-8.667837	306.561577	-54.994214	-183.146940	219.053614	1.568408	3.517970	-17.456178
