# MW x(kpc), MW y(kpc), MW z(kpc), MW vx(km/s), MW vy(km/s), MW vz(km/s) LMC x(kpc), LMC y(kpc), LMC z(kpc), LMC vx(km/s), LMC vy(km/s), LMC vz(km/s) 
-4.394495 2.050076 1.557547 -1.393459 3.003086 1.571048 24.996167 311.992919 88.601264 6.458154 -37.128272 -69.327959 
-4.498256 2.139425 1.590165 -4.929751 -0.117830 1.674066 25.125528 311.250000 87.208058 6.130822 -37.264112 -68.318347 
-4.530438 2.164709 1.623157 -3.265280 2.501504 1.858271 25.237162 310.482440 85.829900 6.102283 -37.086059 -68.122390 
-4.556441 2.218373 1.667405 -2.657265 4.991399 1.973579 25.389760 309.718168 84.428175 2.955110 -36.473881 -71.311294 
-4.641960 2.269111 1.713696 -2.733419 4.123213 2.134744 25.482855 308.888874 83.084252 7.384718 -35.613678 -70.882721 
-4.749469 2.361642 1.756077 -5.235343 0.763021 1.891385 25.559204 308.062340 81.659993 5.252948 -37.443082 -67.438642 
-4.795824 2.411777 1.795187 -5.068199 3.238268 2.009213 25.707368 307.174319 80.222108 7.121833 -46.085006 -71.943204 
-4.881076 2.423324 1.834105 -2.218734 1.724655 1.774654 25.794514 306.316406 78.813004 8.286895 -35.435263 -70.206273 
-4.946266 2.507954 1.885232 -4.343690 3.041388 1.891222 25.896962 305.415179 77.414734 3.963866 -37.121783 -70.316109 
-5.021208 2.546301 1.920543 -2.621314 2.665921 2.501201 26.021842 304.459903 76.010517 -0.532454 -46.654819 -72.694401 
-5.066293 2.610934 1.965940 -2.704003 3.605735 2.213316 26.089716 303.547943 74.598716 -2.931440 -43.760567 -75.598768 
-5.132858 2.697618 2.014517 -4.889635 3.002445 2.499247 26.152978 302.599741 73.169084 2.207052 -35.448776 -64.195045 
-5.223458 2.745912 2.066695 -3.994856 1.658578 2.464324 26.281846 301.658746 71.776795 11.553637 -43.988931 -69.751004 
-5.278019 2.814155 2.119706 -4.102731 2.826594 2.537738 26.415268 300.666437 70.350969 -1.260488 -31.821608 -62.227548 
-5.331747 2.871955 2.170654 -3.248895 4.173254 2.411271 26.499569 299.608763 68.923276 0.750098 -33.097241 -63.426471 
-5.427590 2.964316 2.215508 -5.052221 3.337926 2.729883 26.570525 298.611467 67.472885 10.051693 -34.820097 -69.760759 
-5.544400 3.005811 2.263059 -2.946214 0.034079 2.365889 26.644860 297.541710 65.952754 -1.812501 -43.581221 -76.922689 
-5.550037 3.094612 2.312310 -3.643473 3.807054 2.365313 26.735352 296.455570 64.532242 7.884304 -38.123792 -65.374562 
-5.604992 3.176128 2.363841 -3.989555 5.348686 2.163831 26.835850 295.352546 63.109599 -0.587674 -33.457741 -64.149910 
-5.661347 3.219152 2.415078 -2.050929 6.721043 2.683834 26.959324 294.250521 61.607440 9.232624 -35.573064 -70.723236 
-5.763410 3.339986 2.464509 -4.520458 3.580549 2.227212 26.985489 293.088563 60.123128 4.092520 -55.004220 -71.864632 
-5.807705 3.376433 2.509584 -2.246111 6.046553 2.874185 27.062400 291.976077 58.653573 8.837734 -34.883220 -71.982511 
-5.920660 3.487395 2.566595 -4.761644 3.431820 2.751720 27.121610 290.798455 57.197132 0.682597 -63.262376 -74.952496 
-5.968679 3.570541 2.620355 -3.906786 4.816398 2.897501 27.246368 289.584407 55.743271 7.721471 -39.071129 -63.964427 
-6.081150 3.698422 2.683110 -6.151352 2.066258 3.440453 27.313608 288.332348 54.250249 7.810400 -39.189884 -63.734964 
-6.139635 3.755048 2.740509 -4.531402 4.134235 2.880736 27.405396 287.070361 52.722572 11.379504 -34.471464 -67.562295 
-6.244909 3.796148 2.796578 0.099344 1.275885 3.014328 27.462964 285.764772 51.219349 11.743562 -34.602112 -70.501451 
-6.277952 3.929981 2.866429 -3.451258 4.124225 2.907971 27.466086 284.422972 49.708868 -24.690373 -37.880043 -45.927800 
-6.341522 4.008716 2.931990 -2.626046 4.913509 3.563466 27.482283 283.135479 48.205008 -9.535524 -24.065337 -50.103629 
-6.411314 4.111180 2.993474 -3.031131 4.402423 3.346041 27.544629 281.776010 46.695047 11.318777 -34.519428 -71.800044 
-6.469663 4.195344 3.068499 -0.710016 5.808317 3.236660 27.605903 280.380607 45.157891 10.236794 -33.676837 -73.514988 
-6.536504 4.351455 3.137242 -4.575957 7.031029 3.699674 27.657361 278.954633 43.593020 11.765723 -34.357986 -71.967733 
-6.615288 4.492235 3.202487 -6.499377 6.853261 2.854035 27.686900 277.478058 42.086929 1.860841 -41.020131 -71.718973 
-6.675342 4.549155 3.269254 -2.456640 6.721068 3.792866 27.722125 276.029108 40.601448 11.463249 -42.587784 -58.033794 
-6.762300 4.669424 3.340522 -2.746554 5.700006 3.678759 27.783610 274.523640 39.032213 15.942410 -50.110893 -47.551711 
-6.839588 4.813476 3.412279 -4.698976 6.223967 3.541373 27.849754 272.986898 37.498401 -4.422592 -31.620297 -51.294363 
-6.927321 4.921175 3.483008 -3.301324 4.835387 3.593046 27.882165 271.395726 35.930239 16.324067 -43.774372 -57.707548 
-6.951689 5.054467 3.552962 -3.389722 8.322730 3.529029 27.874643 269.768338 34.351380 18.756607 -44.147727 -57.950741 
-7.058853 5.172711 3.622461 -3.031707 5.327874 3.426372 27.955132 268.125954 32.777554 -0.161154 -39.414213 -72.273825 
-7.089307 5.263967 3.682618 -0.833344 8.189218 3.528415 27.965747 266.478613 31.304851 -0.844703 -38.978832 -72.529322 
-7.171023 5.389958 3.759642 0.069020 7.559156 3.489041 27.952850 264.836442 29.710451 -3.286158 -39.784905 -73.390594 
-7.244781 5.565421 3.839695 -3.926355 7.533049 3.937482 27.974523 263.099560 28.160062 -4.685280 -40.401892 -74.866691 
-7.334461 5.717405 3.913066 -5.263638 6.684591 3.435803 28.005383 261.341649 26.577887 -0.909921 -88.990146 -79.740202 
-7.400137 5.810594 3.985226 -2.427972 7.872428 3.784288 27.989723 259.585374 24.948949 0.790217 -98.944912 -72.538867 
-7.501545 5.922580 4.056259 -0.895951 5.768337 3.468598 27.972866 257.733977 23.373571 -8.006292 -43.646058 -76.925794 
-7.518409 6.112815 4.129207 -4.499546 9.676743 3.677979 27.971662 255.866889 21.796217 -8.041051 -44.522008 -76.818622 
-7.631465 6.229118 4.198716 -2.370068 6.814844 3.929448 27.978770 253.976389 20.268779 -8.129403 -46.895708 -77.831055 
-7.711133 6.355428 4.273528 -1.255682 5.728457 3.522253 27.948254 252.071117 18.653488 -7.770115 -49.132832 -78.702017 
-7.750134 6.565900 4.351627 -4.608070 7.876158 3.863326 27.903813 250.124637 17.065743 -2.445019 -100.232349 -79.435454 
-7.790850 6.712666 4.435335 -4.893961 10.212494 4.316586 27.847689 248.182103 15.520897 -8.040442 -59.064304 -82.057933 
-7.938599 6.882110 4.520468 -4.177428 4.558098 4.248568 27.848904 246.154161 13.930933 -11.106607 -62.723333 -83.812136 
-7.952365 7.021150 4.611958 -3.884507 8.786590 4.534966 27.867601 244.073550 12.370916 -11.690729 -63.289449 -84.203736 
-8.030778 7.187259 4.699589 -5.138824 7.687238 4.600876 27.792777 241.961711 10.766572 10.267003 -41.698078 -57.851705 
-8.062770 7.338435 4.789936 -4.026272 11.572487 4.696849 27.669482 239.854812 9.165571 1.663120 -103.201641 -47.017506 
-8.162081 7.500480 4.879146 -3.690033 8.514111 4.360334 27.626369 237.635857 7.569442 -62.088442 -132.169181 -121.929813 
-8.201165 7.684974 4.973551 -3.918926 10.960106 4.265959 27.548112 235.388522 6.053782 -2.039659 -37.505853 -48.602922 
-8.289940 7.853914 5.055598 -3.863817 9.612141 4.583211 27.516979 233.117938 4.429909 -1.055353 -30.898181 -49.995463 
-8.377019 8.029620 5.149395 -3.553299 9.544423 5.077175 27.374387 230.827471 2.868673 26.593203 -25.555987 -79.832599 
-8.442811 8.220125 5.248370 -3.355693 10.094687 4.432327 27.300967 228.502494 1.333197 35.854014 -53.711674 -48.093050 
-8.525828 8.419994 5.339655 -4.432763 9.733440 4.806521 27.229905 226.140956 -0.247337 -6.968007 -119.360965 -83.583091 
-8.649515 8.617707 5.436540 -5.546874 5.954383 5.160922 27.132679 223.794926 -1.809009 -45.844969 -198.925618 -118.988332 
-8.668441 8.780646 5.536939 -2.934506 9.822334 4.389630 27.049134 221.321645 -3.435455 5.361189 -81.020634 -60.872248 
-8.747983 8.965632 5.631447 -3.174876 8.824553 4.856105 26.914879 218.849045 -5.051653 -4.541115 -171.791412 -74.288463 
-8.799645 9.170571 5.722511 -4.059072 10.798765 4.707992 26.791673 216.319842 -6.598248 -8.407034 -125.044241 -78.332304 
-8.870782 9.368172 5.813114 -3.374439 11.321943 4.623397 26.694332 213.756143 -8.147170 -2.228169 -46.349664 -75.285945 
-8.937182 9.568960 5.899573 -2.591484 10.857816 4.735794 26.515770 211.115757 -9.738491 -3.058290 -44.256048 -74.200541 
-9.005603 9.803926 5.993065 -3.452701 10.183362 4.557699 26.359772 208.412721 -11.257587 41.197509 -12.682461 -104.634066 
-9.062589 9.998552 6.087309 -2.564891 11.654196 4.876914 26.213806 205.669545 -12.822502 -4.784119 -41.338177 -74.760195 
-9.162942 10.194890 6.185028 -1.098161 8.578379 4.346470 26.020444 202.868088 -14.343087 29.578228 -159.675316 -39.723192 
-9.178616 10.444254 6.264547 -2.361417 13.127739 4.328638 25.859264 200.053789 -15.916787 -14.537415 -54.566287 -82.981249 
-9.297453 10.679647 6.357587 -3.710426 9.017692 4.324060 25.661149 197.153144 -17.393731 -14.288504 -61.372436 -84.015142 
-9.331369 10.927584 6.441741 -3.968308 11.439398 4.088224 25.483027 194.221929 -18.933311 -16.269106 -47.274480 -81.424848 
-9.374091 11.146498 6.530793 -2.909031 13.249973 4.264526 25.282969 191.250683 -20.437024 -39.593233 -203.739336 -70.101391 
-9.454849 11.406335 6.610484 -3.339178 11.464903 4.090664 25.074470 188.230186 -21.994931 -32.252725 -76.617264 -95.061692 
-9.473636 11.626695 6.693647 -1.798972 14.625255 4.175116 24.855530 185.070231 -23.520942 -15.063934 -69.498126 -88.143153 
-9.575141 11.877482 6.777190 -2.074755 11.444643 3.867869 24.612646 181.871496 -24.960258 -20.558349 -76.594559 -92.062899 
-9.599407 12.132319 6.863581 -2.027221 14.856437 4.026455 24.367944 178.697922 -26.406711 -28.430867 -270.788181 24.895687 
-9.674200 12.404668 6.941638 -2.892160 12.797490 3.927328 24.067977 175.417462 -27.876661 -44.136084 -82.956442 -102.834837 
-9.775916 12.672594 7.021358 -1.390698 10.975166 3.715689 23.830092 172.064660 -29.361289 -50.395103 -96.087961 -110.483842 
-9.802089 12.950021 7.095064 -2.481338 13.793975 3.764188 23.483861 168.676237 -30.770455 -28.155211 -212.609670 -63.973683 
-9.883503 13.234907 7.167415 -3.184739 12.096420 3.410489 23.176822 165.102599 -32.174663 -40.013899 -209.204248 -34.275380 
-9.904452 13.543577 7.247982 -3.603029 16.259453 4.069799 22.802058 161.627230 -33.522521 -16.587322 -33.882056 -64.339740 
-10.013717 13.817391 7.324426 -2.431392 12.965857 3.580674 22.423125 157.987616 -34.902779 -7.480892 -40.960120 -76.633605 
-10.023770 14.111887 7.400849 -2.469233 16.111764 3.063246 22.039097 154.292883 -36.293119 -9.983610 -41.741683 -77.470565 
-10.124041 14.405694 7.469098 -1.278196 14.135776 3.310564 21.684596 150.477773 -37.600053 -4.681807 -51.460940 -77.297352 
-10.164541 14.735769 7.536183 -3.568208 14.026579 2.926807 21.258543 146.630890 -38.825102 -20.640826 -47.807950 -83.963245 
-10.175887 15.035933 7.607299 -1.378449 17.822244 3.242511 20.856446 142.731462 -40.116673 -20.631456 -55.154111 -85.608110 
-10.219619 15.377907 7.666030 -2.483341 17.494670 2.908885 20.404590 138.704462 -41.367355 66.053599 -77.495650 -10.367780 
-10.274843 15.711854 7.723787 -3.247698 16.920386 2.662060 19.962319 134.572964 -42.556144 -4.407557 -42.665037 -67.194968 
-10.346620 16.018070 7.786297 -0.902827 16.255496 2.304080 19.463249 130.362172 -43.690161 -16.627339 -243.757301 -19.247669 
-10.383052 16.369065 7.833757 -2.962117 16.950239 2.798742 18.918862 125.969425 -44.761671 -23.951980 -19.482117 -60.433749 
-10.421267 16.737745 7.888727 -4.813274 17.726524 2.270533 18.399947 121.651977 -45.820443 22.303269 -256.419788 -32.366234 
-10.478806 17.052186 7.934606 -2.978254 17.598276 2.000031 17.830764 117.156617 -46.838031 30.911114 -26.611232 -76.122121 
-10.517184 17.384326 7.966242 -1.867480 17.246476 1.528196 17.255746 112.531662 -47.763950 -31.207403 -88.842275 -96.393437 
-10.489955 17.745033 7.995425 -1.061343 20.614944 1.718073 16.631172 107.873250 -48.622328 -58.219418 -208.281378 5.774524 
-10.575147 18.103690 8.018927 -1.509217 17.684347 1.435169 15.916291 103.027609 -49.359008 -91.164660 -142.712852 12.205554 
-10.579703 18.490157 8.040888 -1.098807 19.795911 0.894617 15.259440 98.119476 -50.122932 41.856803 -56.747340 -39.651939 
-10.629121 18.893576 8.047380 -2.018555 18.323586 0.261506 14.552079 93.015428 -50.713464 -39.014961 -255.737642 -27.469336 
-10.656127 19.258416 8.046505 0.476818 18.709376 -0.199046 13.724744 87.814673 -51.245011 -48.829912 -182.795923 -7.139694 
-10.691402 19.686344 8.033012 -1.864646 19.014858 -0.683988 12.894327 82.550579 -51.652032 -11.451443 -222.533938 -0.796172 
-10.698912 20.084524 8.004052 -0.381563 19.505083 -1.163569 12.002050 77.146376 -51.915852 -8.031340 -48.424476 -77.575289 
-10.703720 20.488974 7.965695 0.728746 20.171067 -2.025898 11.041089 71.628527 -52.029578 -9.289313 -44.288398 -75.868211 
-10.694187 20.925785 7.906099 0.433182 21.527585 -3.058133 10.071150 66.017401 -51.962352 -57.639609 -95.298550 -112.686335 
-10.698640 21.376265 7.828111 0.436228 22.784650 -4.209986 9.000684 60.226404 -51.748605 -26.734178 -50.812677 -86.922956 
-10.696815 21.832644 7.729823 0.656110 23.158147 -5.266766 7.843495 54.240036 -51.346155 -24.097761 -72.953297 -91.289092 
-10.717053 22.309628 7.614202 0.714781 22.430650 -6.064972 6.624884 48.142140 -50.775658 -6.792174 -307.658262 112.106840 
-10.654134 22.767795 7.478830 1.713812 25.511649 -7.853568 5.319724 41.976817 -49.863657 -70.738062 -118.629824 -126.059206 
-10.655117 23.250228 7.309808 0.938419 25.426442 -8.642713 3.941511 35.753618 -48.614383 -42.712669 -309.256197 8.108106 
-10.632319 23.733174 7.113762 1.003237 23.635045 -10.885880 2.519217 29.465482 -47.067142 -73.875634 -323.480565 82.187694 
-10.621612 24.212665 6.875288 0.856381 22.295853 -12.477733 1.035424 23.224963 -45.191239 -75.284055 -352.893887 81.329712 
-10.578720 24.646025 6.601716 3.665390 22.220497 -14.456158 -0.524099 16.843049 -42.940115 -63.539174 -291.328627 207.659149 
-10.542301 25.120876 6.301719 1.464045 21.728672 -16.041640 -2.157985 10.700149 -40.276020 -28.278357 -68.282891 -91.729747 
-10.502196 25.516440 5.959426 5.249693 20.817864 -17.792456 -3.956520 4.640551 -37.188439 -26.569677 -85.023622 -95.801854 
-10.420896 25.964049 5.585241 3.665086 20.120279 -19.931661 -5.751192 -1.223680 -33.723507 -62.375341 -227.542284 114.947103 
-10.353360 26.387634 5.178494 2.032015 19.046670 -21.013152 -7.597835 -6.844905 -29.940105 -100.521585 -320.278645 83.165375 
-10.293627 26.761629 4.737467 2.474144 16.770990 -22.604650 -9.463786 -12.151348 -25.806720 29.792478 -56.982289 -29.871724 
-10.213203 27.093382 4.277466 2.765798 16.231165 -23.328839 -11.318902 -17.108753 -21.428209 43.869017 -61.739560 -32.904443 
-10.156753 27.406692 3.809962 2.646581 14.282335 -24.134324 -13.200744 -21.708680 -16.792663 -11.637719 -45.154218 -76.559450 
-10.080796 27.682110 3.327074 2.888520 12.865077 -23.558832 -15.003768 -25.962144 -12.053932 -20.714510 -104.007890 -42.582297 
-10.028075 27.954216 2.851314 0.744872 11.124912 -24.054241 -16.820695 -29.809503 -7.224570 -81.549781 -123.499735 -127.419529 
-9.956403 28.139023 2.372894 1.879089 11.100962 -23.898158 -18.594814 -33.306121 -2.365631 -76.673676 -281.964619 188.007598 
-9.907392 28.311285 1.906389 1.524691 8.485058 -23.220186 -20.318275 -36.485796 2.519940 -55.543952 -252.828902 20.810516 
-9.847098 28.480435 1.449756 1.132685 8.914497 -22.191038 -22.011309 -39.336396 7.387536 -63.758208 -286.072041 186.288067 
-9.867213 28.602169 1.015992 1.404574 5.144657 -21.377213 -23.569454 -42.011662 12.219501 -37.853517 -82.091065 -17.500422 
-9.834130 28.714509 0.594432 1.323290 3.979666 -20.511434 -25.105625 -44.398986 17.018607 -92.710156 -137.071187 -138.312292 
-9.807729 28.794574 0.190410 2.338087 2.695667 -19.372610 -26.603447 -46.547546 21.764608 37.079189 -23.332644 -77.800319 
-9.758732 28.891689 -0.194219 1.435554 4.154314 -18.669441 -28.068650 -48.478867 26.376433 -23.243629 -45.487435 -82.314109 
-9.706602 28.969798 -0.550816 0.766263 5.652103 -17.472778 -29.485729 -50.196205 30.973637 -42.387042 -130.313692 -29.276787 
-9.715306 29.067896 -0.895320 -0.472967 4.279270 -16.799585 -30.810565 -51.739310 35.434360 -46.291231 -235.884030 140.661575 
-9.748012 29.132239 -1.220287 -1.919067 2.094147 -15.599022 -32.157069 -53.154148 39.873540 -29.414279 -47.601714 -87.755723 
-9.778386 29.167256 -1.533301 -0.620477 1.425201 -15.269143 -33.404356 -54.402107 44.177593 -31.813306 -49.754208 -90.128641 
-9.810252 29.205115 -1.825219 -0.536280 -0.301929 -14.247584 -34.643155 -55.553008 48.420331 8.984220 -116.123367 -1.265500 
-9.794650 29.210825 -2.103152 1.510272 1.962275 -13.610580 -35.904727 -56.516518 52.547344 54.309856 -8.663497 -96.706964 
-9.802245 29.257963 -2.362390 1.569380 2.896584 -13.047567 -37.022822 -57.344374 56.576131 -39.098910 -58.275468 -94.130899 
-9.838693 29.318594 -2.610569 -0.369633 2.831141 -12.086519 -38.107695 -58.049973 60.550963 -12.590168 -228.061872 21.090374 
-9.841035 29.424892 -2.841838 -5.072539 4.285427 -11.276430 -39.185748 -58.684774 64.463405 -47.494989 -236.091797 135.330854 
-9.920195 29.476697 -3.062248 -4.654001 3.292810 -11.154142 -40.198303 -59.184647 68.211517 -25.926831 40.696171 41.803908 
-10.018344 29.497360 -3.263606 -4.190049 -0.645292 -9.802964 -41.196568 -59.654636 71.867268 1.984678 -43.287949 -19.673634 
-10.108302 29.504373 -3.462435 -1.522179 -2.575204 -9.782129 -42.155224 -59.900869 75.515544 -5.263118 57.974713 42.307640 
-10.154104 29.528986 -3.645108 -0.946241 0.712432 -9.278008 -43.127882 -60.175974 79.039267 -37.612229 -70.681711 -95.447602 
-10.187401 29.529773 -3.814920 1.608060 2.184855 -8.829691 -44.034893 -60.321333 82.499139 -23.466644 -45.684522 -1.467558 
-10.158810 29.613618 -3.982328 -2.475676 6.428562 -8.382844 -44.892366 -60.504217 85.882028 80.034614 -78.652061 -21.385794 
-10.209671 29.673948 -4.132034 -3.160666 7.183307 -7.761763 -45.713623 -60.558073 89.098985 11.205471 11.864179 -84.523817 
-10.302848 29.791389 -4.271539 -7.749079 5.275226 -7.027660 -46.560116 -60.512179 92.288558 -23.809548 -85.474644 -1.485180 
-10.445928 29.853334 -4.399086 -8.630901 0.482621 -6.652691 -47.383943 -60.331388 95.395887 14.520510 3.122278 -95.162077 
-10.580527 29.860060 -4.521470 -7.314737 -1.964856 -6.288536 -48.119831 -60.245167 98.491256 -90.981212 -124.856012 -133.249742 
-10.623556 29.807468 -4.626456 -4.078628 0.562212 -5.620725 -48.863678 -59.964256 101.483516 -39.584601 -78.507821 -99.064614 
-10.671041 29.795843 -4.736900 -2.022254 1.070841 -5.824761 -49.555117 -59.783070 104.345781 -56.886296 -118.143043 -113.582549 
-10.693462 29.819952 -4.839875 -2.555883 4.250874 -5.352274 -50.282652 -59.425288 107.192558 -51.879262 -122.791424 -113.429985 
-10.722207 29.873414 -4.933705 -4.267525 6.762231 -4.752330 -50.961404 -59.060866 109.950124 -37.130681 -50.514160 -92.265097 
-10.768694 29.756220 -4.988078 2.414714 8.089239 -4.668616 -51.633767 -58.673714 112.654261 -41.808578 -55.479102 -95.607064 
