# MW x(kpc), MW y(kpc), MW z(kpc), MW vx(km/s), MW vy(km/s), MW vz(km/s) LMC x(kpc), LMC y(kpc), LMC z(kpc), LMC vx(km/s), LMC vy(km/s), LMC vz(km/s) 
1.930710 3.539903 -1.926767 1.004423 2.778314 -1.041654 28.224434 308.139602 89.972220 7.394413 -34.777551 -69.993051 
1.950718 3.594100 -1.946832 1.015468 2.881180 -0.970031 28.363433 307.422268 88.555215 7.313760 -35.775071 -70.309567 
1.971482 3.655955 -1.966547 0.942690 3.071199 -1.000173 28.498477 306.726650 87.189931 7.206820 -36.793384 -70.612593 
1.991811 3.721695 -1.986235 0.807068 3.244624 -0.997390 28.642091 305.958017 85.723238 7.106618 -37.823420 -70.914777 
2.008538 3.785336 -2.006097 0.752727 3.283029 -0.958868 28.764044 305.228618 84.317023 7.022241 -38.866972 -71.226413 
2.024009 3.852267 -2.025100 0.755344 3.246821 -0.943171 28.950452 304.431806 82.907880 6.906596 -39.902850 -71.524436 
2.042149 3.917620 -2.043790 0.758429 3.379602 -0.913948 29.078604 303.595877 81.459743 6.810497 -40.954081 -71.815362 
2.053282 3.988327 -2.062653 0.671027 3.363983 -0.946771 29.217838 302.801722 80.046727 6.703533 -42.020608 -72.109570 
2.070999 4.054502 -2.081034 0.777089 3.469360 -0.918626 29.299644 301.924182 78.595942 6.595079 -43.085030 -72.399161 
2.086452 4.125479 -2.099195 0.671590 3.476172 -0.894882 29.463917 301.048441 77.189289 6.469282 -44.170840 -72.677741 
2.102121 4.195217 -2.117172 0.839044 3.408762 -0.875771 29.573065 300.158266 75.712150 6.354691 -45.256165 -72.954878 
2.122518 4.268362 -2.134841 0.914305 3.547965 -0.928901 29.714064 299.271486 74.236008 6.222473 -46.340510 -73.233239 
2.142598 4.340775 -2.154171 0.841114 3.697311 -0.948379 29.792265 298.303054 72.698822 6.104408 -47.455537 -73.485212 
2.157296 4.413703 -2.173597 0.844587 3.678654 -1.006670 29.883725 297.325117 71.272966 5.980687 -48.561241 -73.746851 
2.178172 4.491460 -2.194092 0.858752 3.916511 -1.059400 30.019513 296.369624 69.750397 5.856730 -49.691828 -73.983781 
2.195951 4.572228 -2.215285 0.831051 4.005905 -1.051247 30.155011 295.342852 68.291453 5.723110 -50.832984 -74.235486 
2.216234 4.656961 -2.236107 0.889337 4.123713 -1.028712 30.313867 294.395822 66.846210 5.620110 -51.971766 -74.480175 
2.238185 4.738688 -2.256723 0.986760 4.323807 -1.048648 30.427503 293.306645 65.326227 5.522517 -53.140053 -74.725374 
2.260335 4.827766 -2.277516 1.024709 4.507605 -1.048460 30.467517 292.206908 63.889061 5.407593 -54.301459 -74.963011 
2.283566 4.917987 -2.299269 1.117999 4.635879 -1.102767 30.638828 291.084669 62.313690 5.293713 -55.497201 -75.221818 
2.304982 5.013413 -2.321839 1.055722 4.677261 -1.149928 30.682907 289.943155 60.814500 5.187845 -56.697376 -75.476551 
2.334630 5.113417 -2.345245 1.091580 4.812476 -1.180296 30.843953 288.812500 59.290320 5.072081 -57.901970 -75.739177 
2.356982 5.208540 -2.369446 1.221741 4.995519 -1.248278 30.904601 287.691722 57.817206 4.941367 -59.123438 -75.980398 
2.382122 5.310410 -2.394266 1.053020 5.232351 -1.242329 31.007821 286.527112 56.312219 4.824094 -60.358115 -76.233211 
2.404364 5.416259 -2.418976 1.129989 5.309827 -1.204567 31.109355 285.314987 54.771054 4.685667 -61.586142 -76.486573 
2.427920 5.522213 -2.442402 1.045860 5.461935 -1.152246 31.203019 284.031690 53.275615 4.567748 -62.831376 -76.712431 
2.453144 5.634541 -2.464107 0.957394 5.446660 -1.018192 31.285086 282.779309 51.707916 4.440406 -64.089760 -76.926139 
2.474968 5.742891 -2.484877 1.128207 5.580546 -1.057038 31.375816 281.388192 50.161213 4.294606 -65.359630 -77.152875 
2.501053 5.857734 -2.505615 1.094731 5.791942 -0.994428 31.501665 280.143744 48.634231 4.149402 -66.646483 -77.380169 
2.525712 5.973740 -2.525002 1.069254 5.837460 -0.935300 31.544377 278.759787 47.089399 4.017458 -67.958154 -77.594604 
2.546326 6.091673 -2.542109 1.042614 5.837891 -0.779203 31.608825 277.429899 45.534628 3.856443 -69.294943 -77.805067 
2.568891 6.205652 -2.556632 1.076704 5.821466 -0.695371 31.663281 276.054711 43.958096 3.703481 -70.644116 -78.028162 
2.595130 6.326762 -2.569999 1.147358 5.967811 -0.583460 31.787448 274.560011 42.354429 3.555177 -72.013571 -78.234944 
2.618128 6.445208 -2.580453 1.089631 6.112785 -0.474683 31.918134 273.122608 40.780538 3.409128 -73.387682 -78.446543 
2.641709 6.567538 -2.589670 1.185859 6.247214 -0.439489 31.942117 271.626722 39.265281 3.250459 -74.801430 -78.668545 
2.667243 6.696288 -2.597731 1.177324 6.302561 -0.369027 32.002702 270.132606 37.660655 3.075378 -76.210519 -78.889290 
2.694479 6.822732 -2.604657 1.291167 6.475894 -0.343561 32.076134 268.587727 36.107172 2.903939 -77.631897 -79.097860 
2.722171 6.952368 -2.611212 1.325871 6.579209 -0.320121 32.137994 266.997120 34.462619 2.735549 -79.070478 -79.288744 
2.751495 7.084754 -2.618167 1.317239 6.686201 -0.356151 32.203734 265.385266 32.968819 2.566485 -80.518798 -79.484056 
2.776818 7.217696 -2.625409 1.345328 6.830943 -0.386921 32.197765 263.809350 31.327055 2.386328 -81.998397 -79.666329 
2.805729 7.356328 -2.634080 1.330677 6.951669 -0.460691 32.271647 262.254216 29.741028 2.213543 -83.487689 -79.852505 
2.833711 7.494702 -2.643975 1.443927 6.964968 -0.552323 32.295268 260.536974 28.165892 2.026728 -85.002439 -80.031604 
2.862734 7.639212 -2.655984 1.442504 7.208562 -0.617960 32.386968 258.753780 26.538794 1.840532 -86.527323 -80.205948 
2.893407 7.783871 -2.668317 1.539898 7.390843 -0.599776 32.376778 257.012057 24.898931 1.659953 -88.077439 -80.376932 
2.925004 7.934325 -2.679849 1.532690 7.545503 -0.549417 32.432968 255.173954 23.310604 1.456853 -89.655019 -80.541915 
2.956395 8.088279 -2.690735 1.404727 7.697226 -0.586996 32.493835 253.426258 21.693581 1.272129 -91.262081 -80.711746 
2.985208 8.242771 -2.703809 1.373215 7.839005 -0.706810 32.396789 251.617220 20.114530 1.074674 -92.905575 -80.864600 
3.014310 8.398872 -2.717804 1.320831 7.884860 -0.678116 32.434972 249.698157 18.459908 0.878339 -94.573777 -81.023567 
3.041076 8.555820 -2.731185 1.324590 7.972862 -0.636425 32.476022 247.853718 16.843748 0.667177 -96.289672 -81.186448 
3.067099 8.718827 -2.744047 1.334543 8.156445 -0.647237 32.458768 245.797399 15.254053 0.441252 -98.029089 -81.326486 
3.094679 8.883190 -2.756105 1.363599 8.333449 -0.547560 32.528531 243.988728 13.591242 0.222053 -99.786016 -81.461476 
3.121596 9.053055 -2.765694 1.388235 8.498732 -0.440235 32.464681 241.864843 11.969130 -0.001319 -101.583310 -81.588305 
3.148805 9.222985 -2.773997 1.337661 8.680126 -0.406676 32.477076 239.829681 10.290400 -0.224233 -103.412489 -81.691848 
3.175296 9.399399 -2.782533 1.300518 8.786339 -0.424139 32.460693 237.766986 8.693960 -0.467045 -105.266473 -81.801762 
3.201667 9.578000 -2.790958 1.399434 9.035175 -0.429715 32.483858 235.676714 7.080073 -0.711089 -107.155831 -81.887299 
3.231236 9.762421 -2.799009 1.442440 9.210029 -0.367104 32.519976 233.495260 5.407910 -0.961254 -109.089503 -81.957569 
3.261341 9.946404 -2.805494 1.439917 9.363478 -0.272341 32.463774 231.201656 3.777103 -1.217843 -111.062943 -82.017327 
3.287926 10.135360 -2.810045 1.541973 9.467634 -0.190081 32.440185 229.024186 2.083318 -1.481715 -113.082833 -82.070334 
3.320170 10.329698 -2.814169 1.638656 9.677016 -0.223729 32.324292 226.790977 0.505817 -1.750128 -115.140133 -82.087160 
3.352779 10.525835 -2.818544 1.600816 9.885805 -0.244017 32.376495 224.391522 -1.171617 -2.037083 -117.232661 -82.091009 
3.385239 10.727779 -2.824582 1.481977 10.022593 -0.332998 32.339979 222.019141 -2.791789 -2.318984 -119.372850 -82.096427 
3.411677 10.929309 -2.831210 1.455453 10.009134 -0.335114 32.281038 219.604843 -4.421609 -2.632534 -121.554952 -82.057887 
3.442388 11.131093 -2.837719 1.492080 10.106667 -0.304097 32.188322 217.260493 -6.094091 -2.939544 -123.790011 -82.009650 
3.470888 11.335518 -2.844564 1.527051 10.286132 -0.376870 32.124817 214.737475 -7.688747 -3.235608 -126.069621 -81.918393 
3.500350 11.545716 -2.852149 1.480144 10.386213 -0.388996 32.059919 212.135291 -9.329825 -3.574333 -128.383682 -81.817484 
3.530219 11.754917 -2.859406 1.529238 10.485992 -0.344012 31.982740 209.491378 -10.932070 -3.911252 -130.766928 -81.693738 
3.566254 11.967061 -2.866745 1.613641 10.735372 -0.373207 31.906852 206.905965 -12.631254 -4.250584 -133.204933 -81.547497 
3.597445 12.184695 -2.874228 1.679473 10.933361 -0.426455 31.839538 204.196157 -14.267057 -4.612832 -135.706132 -81.365190 
3.629252 12.407203 -2.883963 1.741782 11.182823 -0.530414 31.720602 201.509800 -15.877368 -4.987854 -138.265547 -81.152990 
3.664005 12.633340 -2.895688 1.668919 11.554189 -0.657590 31.646528 198.726404 -17.438288 -5.397341 -140.894909 -80.922821 
3.695887 12.867744 -2.911414 1.520723 11.737076 -0.889465 31.529374 195.746582 -19.072481 -5.810799 -143.581107 -80.644889 
3.724063 13.104821 -2.930777 1.590624 11.864581 -1.012458 31.443592 192.878311 -20.683781 -6.232283 -146.333837 -80.334533 
3.757028 13.345631 -2.951804 1.732482 12.104659 -1.118919 31.233338 189.994301 -22.290748 -6.676284 -149.154491 -79.953966 
3.791849 13.588592 -2.974943 1.824674 12.339414 -1.210274 31.169482 187.030461 -23.950123 -7.128653 -152.053899 -79.563440 
3.830074 13.837363 -3.000593 1.961971 12.573924 -1.314902 30.978388 183.938583 -25.473868 -7.604630 -155.028133 -79.148361 
3.867424 14.093533 -3.026982 2.062070 12.858329 -1.332831 30.880305 180.825386 -27.084572 -8.110996 -158.080701 -78.657696 
3.907243 14.356275 -3.053826 2.094659 13.143393 -1.346857 30.708483 177.623627 -28.661306 -8.638064 -161.231150 -78.111726 
3.948875 14.624816 -3.079966 2.144816 13.448633 -1.285583 30.512663 174.304362 -30.236380 -9.185643 -164.460514 -77.503519 
3.991761 14.894348 -3.106001 2.210634 13.636318 -1.322770 30.303318 170.980808 -31.740984 -9.758064 -167.799611 -76.836364 
4.035386 15.170624 -3.133317 2.303692 13.903269 -1.375331 30.096710 167.552574 -33.263179 -10.342201 -171.220557 -76.073849 
4.080110 15.454843 -3.161382 2.409585 14.227356 -1.458004 29.906474 164.167037 -34.731960 -10.953097 -174.760073 -75.259315 
4.128439 15.743998 -3.190146 2.431414 14.633261 -1.412965 29.617071 160.675347 -36.264540 -11.596222 -178.425135 -74.358754 
4.174012 16.040247 -3.218183 2.398563 14.923850 -1.375159 29.402891 157.045926 -37.695860 -12.273212 -182.183777 -73.356801 
4.223587 16.344202 -3.246530 2.490038 15.157219 -1.480679 29.200347 153.397806 -39.149878 -12.989261 -186.101077 -72.262980 
4.273442 16.652467 -3.277700 2.560409 15.439169 -1.656077 28.980475 149.592871 -40.685249 -13.751278 -190.161865 -71.089867 
4.325908 16.966206 -3.314011 2.603174 15.790593 -1.915928 28.604295 145.698381 -42.008096 -14.552415 -194.376085 -69.781778 
4.377593 17.286494 -3.354555 2.677927 16.214333 -2.171542 28.236446 141.826836 -43.368563 -15.384078 -198.744341 -68.333910 
4.430530 17.616635 -3.399915 2.592518 16.621591 -2.354024 27.943161 137.828973 -44.698183 -16.283917 -203.253116 -66.730760 
4.479517 17.951616 -3.449043 2.694200 16.883978 -2.573853 27.612702 133.788695 -46.117171 -17.210933 -207.937616 -64.958391 
4.535651 18.298774 -3.503423 2.825366 17.435323 -2.878547 27.294434 129.522751 -47.332168 -18.200672 -212.800114 -62.995532 
4.593659 18.651780 -3.564695 3.014083 17.851955 -3.238987 26.929609 125.172332 -48.630613 -19.258114 -217.863999 -60.796171 
4.658161 19.018135 -3.632505 3.221782 18.361284 -3.543393 26.516520 120.807681 -49.744119 -20.369152 -223.142280 -58.345376 
4.724498 19.390203 -3.707906 3.387220 18.850884 -4.012392 26.038696 116.149100 -50.893387 -21.578997 -228.652819 -55.618156 
4.795608 19.774177 -3.793271 3.453198 19.362709 -4.498932 25.654728 111.539668 -52.006963 -22.867214 -234.382148 -52.587569 
4.866331 20.167322 -3.886965 3.527160 19.870606 -4.889508 25.169474 106.889024 -52.957680 -24.262908 -240.329375 -49.193044 
4.939894 20.570670 -3.989873 3.589289 20.365835 -5.376579 24.761825 102.062516 -53.947040 -25.758493 -246.505681 -45.345425 
5.013235 20.984425 -4.102864 3.709438 20.862067 -5.938010 24.125422 97.026802 -54.812151 -27.371567 -252.924949 -41.017043 
5.089900 21.407200 -4.226665 3.831020 21.409243 -6.488428 23.515339 91.886881 -55.557471 -29.110565 -259.556219 -36.129218 
5.167438 21.840848 -4.363306 3.942755 21.970547 -7.153213 22.965996 86.630166 -56.302192 -31.011343 -266.411321 -30.610596 
5.250408 22.284119 -4.513528 4.055895 22.448396 -7.875554 22.382359 81.267594 -56.786246 -33.059842 -273.486442 -24.312746 
5.336727 22.739428 -4.679483 4.311556 23.035529 -8.751508 21.669058 75.707842 -57.158690 -35.295156 -280.728693 -17.130040 
5.423322 23.205462 -4.864437 4.610067 23.533357 -9.742632 20.963793 70.118475 -57.463576 -37.684114 -288.046690 -8.978551 
5.515809 23.683472 -5.070667 4.784964 24.248157 -10.903633 20.176344 64.189490 -57.562555 -40.309543 -295.365785 0.414577 
5.613242 24.172190 -5.299959 4.837925 24.762790 -12.034072 19.339208 58.134985 -57.428778 -43.132382 -302.515428 11.197683 
5.712766 24.671105 -5.555208 5.243157 25.055827 -13.533347 18.416088 52.024790 -57.071061 -46.163563 -309.274410 23.526430 
5.822637 25.181158 -5.841593 5.704342 25.543431 -15.146188 17.492497 45.783923 -56.419421 -49.402250 -315.276934 37.631504 
5.940437 25.695587 -6.162761 6.164868 25.881899 -17.009768 16.512877 39.422625 -55.476269 -52.824298 -320.103824 53.565370 
6.071961 26.217911 -6.523300 6.616915 26.070057 -19.043734 15.396097 32.937191 -54.222515 -56.295389 -323.157917 71.396279 
6.206936 26.739643 -6.925081 6.954969 25.942682 -21.164040 14.211587 26.559031 -52.582960 -59.777913 -323.789086 90.872266 
6.353522 27.255354 -7.371773 7.302375 25.579272 -23.552842 12.978407 20.065807 -50.507663 -63.015071 -321.267790 111.551665 
6.502600 27.760307 -7.868463 7.555384 24.738572 -26.103929 11.591110 13.779647 -47.977554 -65.803757 -315.103334 132.639268 
6.656973 28.247253 -8.414187 7.776257 23.524123 -28.440394 10.267676 7.469741 -45.144559 -67.959451 -305.028824 152.840616 
6.816540 28.703080 -9.002819 7.946761 21.986629 -30.403960 8.862547 1.618333 -41.871840 -69.345809 -291.594476 171.246774 
6.977660 29.123641 -9.628814 8.064769 20.146849 -32.170062 7.524456 -4.091063 -38.180712 -69.899464 -275.438118 186.865677 
7.139581 29.507752 -10.287663 7.965909 18.214417 -33.655692 6.123604 -9.400654 -34.214280 -69.651106 -257.653841 199.266775 
7.298096 29.852601 -10.969834 7.815793 16.182224 -34.435571 4.768507 -14.385085 -29.982702 -68.750542 -239.257121 208.402723 
7.457006 30.156943 -11.661241 7.656491 14.293895 -34.673864 3.310350 -18.850951 -25.659125 -67.393210 -221.073637 214.729054 
7.606812 30.425417 -12.355558 7.410309 12.486115 -34.697553 2.060619 -23.041808 -21.302176 -65.699924 -203.681166 218.624724 
7.751912 30.657896 -13.046835 7.119251 10.846865 -34.415175 0.727347 -26.876305 -16.831356 -63.836610 -187.213290 220.603857 
7.890078 30.860938 -13.730837 6.680227 9.392484 -33.953972 -0.536493 -30.429849 -12.356900 -61.832089 -171.888732 221.120299 
8.020384 31.035716 -14.403376 6.318724 8.101828 -33.273941 -1.787061 -33.615996 -7.874809 -59.792655 -157.615472 220.473465 
8.144654 31.186165 -15.062093 5.930853 6.925258 -32.578496 -2.908137 -36.628663 -3.446639 -57.681507 -144.509315 218.883732 
8.259064 31.312432 -15.704227 5.635228 5.827586 -31.591974 -4.084964 -39.305592 0.844315 -55.670152 -132.345950 216.580455 
8.368630 31.421849 -16.323889 5.400669 4.915575 -30.348230 -5.135437 -41.903255 5.223364 -53.614018 -121.275342 213.690787 
8.474417 31.514486 -16.918148 5.110532 4.267021 -29.103795 -6.202313 -44.013563 9.320006 -51.651827 -110.792201 210.334745 
8.573730 31.592057 -17.489181 4.882358 3.605805 -27.973365 -7.157856 -46.184679 13.538821 -49.704298 -101.361496 206.698749 
8.668004 31.662357 -18.036563 4.645097 3.124981 -26.740410 -8.166899 -48.058208 17.525264 -47.875792 -92.508354 202.815153 
8.759772 31.722613 -18.558429 4.351451 2.794773 -25.460645 -9.082710 -49.824840 21.566913 -46.072794 -84.432481 198.780996 
8.842203 31.776742 -19.055759 4.135933 2.418715 -24.292406 -9.942952 -51.400979 25.461340 -44.314174 -76.915107 194.660056 
8.921685 31.824137 -19.531444 3.951317 2.143520 -23.257057 -10.845572 -52.834204 29.294813 -42.630025 -69.939435 190.487166 
9.001329 31.870560 -19.986104 3.803122 2.029264 -22.218603 -11.607614 -54.141581 32.953603 -40.980874 -63.384908 186.248201 
9.074804 31.909894 -20.419488 3.659123 1.889270 -21.134686 -12.334515 -55.397352 36.587232 -39.407914 -57.338571 182.044345 
9.144373 31.950038 -20.832511 3.460492 1.777660 -20.145419 -13.145811 -56.516530 40.128226 -37.915428 -51.687969 177.871270 
9.211968 31.992344 -21.225486 3.167273 1.781314 -19.206407 -13.970582 -57.584158 43.615630 -36.503605 -46.414767 173.766640 
9.277352 32.025978 -21.602158 3.026949 1.586626 -18.466945 -14.683875 -58.387643 47.010613 -35.123591 -41.424961 169.691593 
9.337937 32.058278 -21.965055 2.983777 1.346097 -17.816280 -15.353183 -59.192159 50.317712 -33.791266 -36.721057 165.674814 
9.399864 32.087325 -22.314721 2.911495 1.306972 -17.123002 -16.016678 -59.921066 53.547343 -32.498923 -32.290064 161.728732 
9.457165 32.113908 -22.649449 2.791689 1.165318 -16.358008 -16.650923 -60.475717 56.699829 -31.245551 -28.085931 157.836769 
9.512748 32.136878 -22.970654 2.655584 1.038416 -15.787559 -17.224140 -60.954641 59.723843 -30.024923 -24.101552 153.982562 
9.565768 32.158528 -23.280679 2.537564 0.994963 -15.213137 -17.894903 -61.446509 62.744998 -28.850495 -20.344146 150.256367 
9.615414 32.180997 -23.580392 2.234729 0.893162 -14.740343 -18.423543 -61.845695 65.664272 -27.724081 -16.766439 146.563513 
9.658387 32.195973 -23.871642 2.200654 0.644664 -14.408335 -18.949614 -62.129517 68.527244 -26.629328 -13.352501 142.927592 
9.703807 32.212726 -24.155684 2.112966 0.592274 -13.965510 -19.450175 -62.432880 71.338138 -25.576966 -10.096905 139.370362 
9.745224 32.223719 -24.430666 1.851058 0.588302 -13.548907 -19.918544 -62.534720 74.083734 -24.545445 -6.981351 135.889752 
9.782898 32.237343 -24.696355 1.661330 0.411536 -12.998756 -20.415502 -62.737746 76.682630 -23.554330 -3.996155 132.430139 
9.816332 32.246911 -24.951333 1.654971 0.295827 -12.504726 -20.819297 -62.701467 79.251904 -22.583343 -1.133130 129.048986 
9.846608 32.250518 -25.195483 1.621111 0.233220 -11.889136 -21.250799 -62.838964 81.756109 -21.637631 1.619560 125.733598 
9.883306 32.256191 -25.428673 1.646970 0.256659 -11.437892 -21.756560 -62.768808 84.246081 -20.714189 4.255054 122.482719 
9.921495 32.260539 -25.653135 1.689691 0.343233 -11.017881 -22.130228 -62.692885 86.693526 -19.809648 6.791081 119.276789 
9.952092 32.271317 -25.869797 1.503379 0.376987 -10.650148 -22.481036 -62.469611 88.993824 -18.942989 9.243322 116.100300 
10.078482 32.419530 -26.081910 -0.731095 1.776584 -10.308185 -22.873895 -62.355473 91.228042 -18.085326 11.611518 112.981265 
