# MW x(kpc), MW y(kpc), MW z(kpc), MW vx(km/s), MW vy(km/s), MW vz(km/s) LMC x(kpc), LMC y(kpc), LMC z(kpc), LMC vx(km/s), LMC vy(km/s), LMC vz(km/s) 
-4.394495 2.050076 1.557547 -1.393459 3.003086 1.571048 24.995683 307.992801 88.601004 7.447697 -36.496363 -68.684148 
-4.498249 2.139449 1.590174 -4.929908 -0.114954 1.675353 25.126794 307.248808 87.208686 5.811074 -37.317599 -68.796032 
-4.530416 2.164770 1.623182 -3.264580 2.505955 1.860335 25.238218 306.482691 85.829069 5.256776 -38.297144 -69.270211 
-4.556437 2.218560 1.667469 -2.657470 4.996190 1.975829 25.388839 305.717170 84.427672 4.960961 -38.766546 -69.559195 
-4.641955 2.269363 1.713797 -2.730307 4.125863 2.138345 25.483327 304.888165 83.082798 4.128481 -36.508690 -66.480204 
-4.749385 2.362184 1.756250 -5.239501 0.775471 1.893235 25.557922 304.062532 81.658737 4.196875 -39.809817 -70.160189 
-4.795524 2.412805 1.795495 -5.094012 3.266921 2.008066 25.706251 303.173550 80.218636 4.097715 -39.848201 -69.974878 
-4.880910 2.424840 1.834484 -2.273178 1.739533 1.780064 25.792784 302.313759 78.811855 4.024181 -38.524075 -70.018772 
-4.946046 2.509038 1.885705 -4.344095 3.053667 1.898213 25.896959 301.410854 77.410420 3.705783 -38.722331 -70.220754 
-5.020673 2.546885 1.921014 -2.557434 2.711766 2.507433 26.018676 300.453267 76.005193 2.697954 -41.838495 -71.369802 
-5.074381 2.607132 1.971307 -2.253807 3.000770 2.222676 26.086825 299.535937 74.593245 3.034496 -39.091581 -70.676656 
-5.097100 2.680135 2.015319 -3.417819 5.669532 2.480657 26.151177 298.586223 73.160379 2.770761 -39.308055 -70.825482 
-5.223583 2.751519 2.068557 -4.225861 1.648736 2.480386 26.279676 297.646193 71.767259 1.633695 -43.362036 -72.291051 
-5.277532 2.814822 2.119846 -3.910357 2.837212 2.556411 26.412434 296.652454 70.338025 1.200543 -43.902424 -72.611125 
-5.329190 2.875073 2.172299 -3.217744 4.350850 2.422282 26.497818 295.593939 68.908550 1.957392 -40.094554 -71.443981 
-5.428068 2.971457 2.216341 -5.300270 3.287027 2.742422 26.567521 294.595596 67.454361 0.475281 -45.302663 -73.453722 
-5.548746 3.008894 2.264523 -2.833181 -0.316829 2.373756 26.638387 293.525781 65.935876 0.209354 -45.580524 -73.610816 
-5.529986 3.068015 2.315981 -1.175400 5.242555 2.394463 26.730571 292.437058 64.516857 1.067713 -40.745858 -72.020908 
-5.603217 3.151188 2.366017 -1.652545 5.419314 2.181513 26.830422 291.332531 63.083255 -0.690977 -46.871183 -74.419733 
-5.687458 3.227493 2.410993 -2.212197 4.658242 2.678783 26.960151 290.225735 61.578682 -1.105272 -47.468265 -74.812155 
-5.763959 3.349235 2.467051 -4.649971 3.502527 2.240554 26.977076 289.064666 60.098433 -1.619931 -40.941032 -70.054760 
-5.803975 3.383732 2.512220 -2.209789 6.261506 2.888728 27.052170 287.958960 58.624474 0.070223 -43.094910 -73.450528 
-5.922792 3.515205 2.569836 -6.196315 3.222063 2.746935 27.112358 286.781059 57.162535 20.394617 -26.886588 -82.162285 
-5.968478 3.575673 2.622739 -3.579858 4.749393 2.937805 27.253331 285.542605 55.706410 -1.335866 -48.079278 -75.388128 
-6.076510 3.705938 2.686713 -5.929353 2.327879 3.449058 27.315687 284.257492 54.211977 1.717982 -45.449357 -70.458326 
-6.119313 3.744741 2.749822 -3.022533 5.517602 2.932111 27.409586 282.961288 52.694073 -13.043001 -56.876595 -82.331820 
-6.238000 3.817843 2.801559 -0.615224 1.709267 3.020660 27.462001 281.609925 51.186149 23.528585 -24.856622 -85.932766 
-6.274339 3.901956 2.873232 -0.262453 4.301583 2.912803 27.462406 280.247144 49.665347 11.762675 -76.500889 -66.616370 
-6.332275 4.015792 2.938643 -2.066381 5.440597 3.570134 27.473601 278.919140 48.166892 -0.202580 -37.442468 -53.190284 
-6.445621 4.113019 3.004968 -1.877875 1.513221 3.429813 27.533217 277.550659 46.654457 18.159028 -27.723827 -84.281605 
-6.470584 4.278294 3.069610 -5.696185 5.819312 3.262454 27.606969 276.134262 45.118345 -6.646046 -43.659801 -65.049465 
-6.530721 4.361815 3.139589 -4.000418 7.262334 3.734512 27.641572 274.680392 43.553427 -2.975080 -35.936493 -67.476674 
-6.652190 4.470706 3.210689 -3.413274 3.816456 2.966775 27.676243 273.183835 42.036539 -17.257346 -28.108997 -53.013372 
-6.672098 4.587296 3.280448 -3.768233 6.717045 3.796552 27.698265 271.698811 40.532009 -17.997176 -63.285665 -86.543404 
-6.756866 4.723636 3.350135 -5.033576 5.975064 3.697124 27.763114 270.172622 38.960842 13.097241 -43.075455 -57.339488 
-6.838642 4.809261 3.420783 -2.509887 5.969729 3.580407 27.815613 268.610096 37.434106 0.637424 -76.127767 -80.382822 
-6.887216 4.967358 3.487360 -4.922183 7.467603 3.585833 27.824276 266.994912 35.834689 15.694441 -43.422663 -57.762621 
-6.989371 5.119824 3.558453 -6.379382 4.860152 3.541557 27.836347 265.344307 34.275458 18.213300 -30.352387 -73.174794 
-7.060591 5.182033 3.629094 -1.608044 4.794075 3.443851 27.935691 263.662679 32.693323 4.886531 -34.408459 -69.936580 
-7.086890 5.338464 3.693307 -4.148380 8.117980 3.580037 27.908947 261.989166 31.206650 2.379067 -87.927147 -79.306434 
-7.182038 5.436749 3.771044 -1.048017 6.422454 3.469720 27.894393 260.304238 29.613636 24.115385 -47.209849 -57.072422 
-7.267174 5.591033 3.848980 -3.317238 5.386582 3.984495 27.920948 258.539703 28.067471 17.081625 -56.655529 -68.665879 
-7.311683 5.692283 3.921353 -0.730150 8.266325 3.441182 27.932953 256.767844 26.470633 10.673489 -40.202477 -61.011738 
-7.430078 5.845570 3.998735 -2.184315 4.883366 3.856889 27.921054 254.973264 24.824665 -16.637400 -46.123365 -82.865336 
-7.477267 5.978515 4.072186 -2.123920 7.124326 3.453100 27.908933 253.093467 23.265894 1.056034 -39.486951 -64.988156 
-7.563804 6.156040 4.143731 -4.671275 5.855967 3.751764 27.904331 251.192581 21.693752 9.712859 -41.022780 -59.050344 
-7.602367 6.274402 4.212256 -2.303765 8.409088 3.917866 27.898772 249.273564 20.137437 -37.874134 -92.515942 -40.183623 
-7.718382 6.419439 4.287996 -2.349003 4.424968 3.543412 27.844157 247.336618 18.526390 -3.383984 -38.449005 -69.574310 
-7.710819 6.601866 4.370480 -3.654076 10.242361 3.955882 27.794912 245.332063 16.941270 10.375860 -43.061415 -55.759302 
-7.800078 6.769970 4.452473 -5.059663 8.856020 4.387002 27.752038 243.369835 15.376436 21.742625 -25.891461 -83.706357 
-7.894697 6.921218 4.545704 -2.701551 7.099631 4.221558 27.746721 241.293001 13.777033 -1.405973 -102.548471 -73.390462 
-7.932666 7.062459 4.628273 -2.601432 9.625427 4.466058 27.732633 239.168838 12.224270 15.803310 -45.505509 -51.978765 
-8.025806 7.194624 4.718881 -1.206448 7.389045 4.593700 27.665433 237.024758 10.586582 15.857963 -45.746022 -51.601744 
-8.093202 7.392065 4.809099 -2.959984 8.344558 4.869332 27.551391 234.869845 8.989077 -2.671620 -108.384098 -80.842450 
-8.123695 7.573652 4.900129 -4.195097 10.406378 4.272865 27.479010 232.610266 7.412104 -11.098648 -45.277829 -78.594580 
-8.168117 7.750995 4.989218 -3.287108 12.530354 4.410004 27.397761 230.301311 5.867632 -11.392101 -47.915340 -79.822245 
-8.286676 7.924232 5.074043 -3.740018 9.013194 4.606221 27.352263 228.008220 4.258857 -10.251517 -51.981479 -81.096019 
-8.333864 8.123661 5.170675 -4.519481 11.565646 5.050294 27.216019 225.672891 2.664427 -65.915912 -128.797067 -124.304771 
-8.431368 8.349854 5.259492 -6.683877 9.936280 4.379434 27.107185 223.294165 1.150292 -7.099407 -58.114658 -73.924624 
-8.491854 8.509021 5.357709 -4.348391 11.132415 4.812666 27.038644 220.894515 -0.443480 -0.581389 -123.763582 -83.510278 
-8.596801 8.688705 5.460364 -3.755749 8.623051 5.253653 26.925239 218.474354 -2.024908 -32.806516 -72.467377 -95.291727 
-8.682757 8.858988 5.551779 -1.840192 7.358266 4.426122 26.848547 215.952552 -3.639032 -35.746108 -78.140729 -96.999130 
-8.718203 9.046551 5.649083 -2.015698 9.808824 4.895463 26.700264 213.412755 -5.253475 -5.330702 -127.537385 -80.800441 
-8.792263 9.265114 5.744250 -3.119765 9.790967 4.579367 26.581152 210.812973 -6.787756 -6.029262 -131.083687 -77.280925 
-8.854620 9.471741 5.827327 -2.899870 11.095593 4.611447 26.471148 208.199134 -8.362262 17.331668 -55.108347 -48.704670 
-8.901893 9.735133 5.922627 -6.741021 11.281509 4.725312 26.246565 205.492517 -9.946756 -1.011123 -149.622775 -125.295518 
-8.961873 9.873420 6.014399 -0.017340 12.008804 4.533108 26.096881 202.719959 -11.504052 5.390658 -146.823766 -43.217582 
-9.044471 10.145329 6.105360 -3.990345 11.285136 4.789291 25.936771 199.901346 -13.025797 -4.147816 -192.539453 2.831006 
-9.120754 10.379803 6.201678 -5.729982 10.265609 4.362369 25.737100 196.988241 -14.609217 -28.641398 -178.865575 -75.975040 
-9.166103 10.584219 6.282340 -2.594357 12.363134 4.349397 25.512158 194.115390 -16.133855 -23.552709 -123.131739 -56.286417 
-9.193975 10.831614 6.367173 -3.591456 14.384261 3.956523 25.325303 191.153803 -17.620242 42.609169 -57.625102 -44.230484 
-9.296143 11.075082 6.460657 -4.030294 11.837692 4.168236 25.133431 188.131454 -19.206374 -10.445845 -26.651666 -48.344325 
-9.365770 11.310698 6.544401 -3.092717 11.772159 4.152880 24.902523 185.092331 -20.674851 -4.003476 -187.405775 -28.022516 
-9.419323 11.583241 6.622926 -5.118653 12.194143 4.082009 24.683621 181.982513 -22.219531 -17.134117 -49.008878 -81.860530 
-9.446283 11.796526 6.712376 -1.774116 14.380717 4.151126 24.415450 178.712484 -23.761287 -8.374222 -41.376797 -76.701778 
-9.512540 12.033062 6.785826 -0.278826 14.224983 3.952191 24.185438 175.444497 -25.219530 14.799436 -43.703344 -54.658166 
-9.548655 12.330613 6.872259 -3.001422 15.836652 4.280351 23.902303 172.136540 -26.615030 18.929252 -123.038197 -65.699373 
-9.615770 12.581029 6.947071 -1.520108 14.589546 3.602353 23.579439 168.772553 -28.121335 -23.999417 -87.949657 -29.961634 
-9.696291 12.874773 7.021700 -2.209053 13.700901 3.840834 23.345110 165.350934 -29.597082 -27.490569 -109.381221 -5.698471 
-9.726927 13.174416 7.107057 -4.022324 15.667379 3.528706 22.951543 161.772750 -30.975031 -47.808601 -91.414602 -105.062198 
-9.805916 13.461944 7.169750 -3.499311 14.661049 3.370260 22.625765 158.168623 -32.391952 -21.759755 -78.679857 -93.239522 
-9.863500 13.797008 7.246215 -5.498172 15.996367 3.799056 22.222823 154.494733 -33.732801 -34.774927 -80.441047 -97.567380 
-9.927707 14.047183 7.317679 -2.687936 15.552663 3.358424 21.826552 150.789957 -35.089961 15.518553 -49.652404 -44.572017 
-9.973385 14.353191 7.394189 -2.362740 16.247245 3.692191 21.417888 146.949279 -36.395235 -31.050894 -175.225120 -4.877023 
-10.023550 14.673768 7.460097 -2.484083 16.550450 3.094006 21.030779 143.050498 -37.636479 -16.033206 -199.587267 -65.967473 
-10.081723 14.992197 7.522476 -2.695189 16.379502 3.035042 20.526055 139.020592 -38.947721 -77.002412 -303.307241 -1.806217 
-10.142201 15.361307 7.585395 -4.533809 15.154537 3.030224 20.050051 134.966277 -40.183775 -22.132516 -205.041015 -59.710577 
-10.153338 15.647181 7.647615 -1.866167 17.335873 2.771531 19.598460 130.789657 -41.390215 -40.356114 -224.251548 38.301021 
-10.181773 15.983873 7.702643 -1.019283 18.586362 2.406345 19.132800 126.503607 -42.490323 -40.813371 -199.278406 -23.534040 
-10.294866 16.340005 7.742455 -2.479471 14.856508 2.231312 18.577089 122.123043 -43.561652 11.323566 -169.021327 50.828426 
-10.284680 16.658737 7.796400 -0.585626 18.677497 2.522208 17.963113 117.521952 -44.598629 7.822003 -164.631473 55.125581 
-10.332346 16.996971 7.848505 -0.496736 18.361591 2.121772 17.382679 112.953173 -45.632948 -47.817918 -195.744684 -15.520195 
-10.366071 17.346804 7.880354 0.104749 18.797826 1.425396 16.764851 108.301271 -46.576239 -27.305327 -88.057418 -97.741647 
-10.407869 17.718838 7.905368 0.199496 17.297395 1.185639 16.110560 103.500262 -47.410226 -23.919087 -49.632494 -85.598841 
-10.429772 18.097407 7.916567 0.336732 18.882758 0.696133 15.433076 98.573315 -48.122332 -36.632340 -246.163244 -38.713314 
-10.446395 18.500326 7.930628 -1.674943 18.858092 0.734772 14.605331 93.532991 -48.784638 34.613025 -9.362277 -113.266425 
-10.461195 18.896390 7.938095 -1.042772 20.049371 -0.056155 13.877662 88.396023 -49.405697 -42.369058 -155.618785 7.334280 
-10.484731 19.309053 7.926286 -1.797752 20.262134 -0.771846 13.085747 83.062051 -49.835957 36.502654 -12.944346 -108.438036 
-10.519693 19.723880 7.901585 -0.496165 19.415654 -1.484326 12.216005 77.604318 -50.179732 42.057321 -6.403996 -124.208273 
-10.519582 20.131080 7.861451 0.591147 21.073351 -2.070629 11.247450 72.024962 -50.383247 -36.624459 -302.769342 110.881039 
-10.505793 20.570677 7.808851 -0.264231 22.390896 -2.856274 10.250343 66.384176 -50.370388 35.628158 -57.165244 -37.238604 
-10.520993 21.013753 7.742319 0.770388 22.415661 -3.993811 9.164752 60.608545 -50.226050 -7.767510 -52.956395 -79.825864 
-10.519175 21.488048 7.647386 -1.034961 22.279209 -5.102450 8.022383 54.681313 -49.843920 -26.910382 -89.179118 -99.611844 
-10.515795 21.912084 7.531662 1.781025 22.873263 -6.222253 6.821705 48.595612 -49.302423 -45.312992 -266.512234 57.966197 
-10.508341 22.412850 7.386731 0.139605 23.493509 -7.655962 5.518576 42.407158 -48.410010 -70.189814 -358.782659 166.609921 
-10.461692 22.860796 7.220089 3.446639 24.542308 -8.967948 4.132929 36.092318 -47.273501 -52.078642 -266.322388 8.942571 
-10.438890 23.363492 7.023660 1.414386 24.360843 -10.804085 2.649726 29.731170 -45.820705 -24.790624 -73.807053 -91.640442 
-10.435517 23.805111 6.790009 3.629217 22.849103 -12.636488 1.103609 23.321065 -43.951112 -33.231426 -96.336470 -102.447384 
-10.369831 24.298455 6.518823 3.322043 23.315779 -14.267584 -0.585217 16.958152 -41.726508 -74.546489 -222.972115 181.408798 
-10.340595 24.793875 6.202890 2.402229 20.672186 -16.780805 -2.248157 10.703885 -39.052651 -10.501339 -43.784554 -76.435180 
-10.304844 25.207689 5.850160 5.036465 19.766558 -18.357376 -3.959331 4.631867 -35.992163 -89.951854 -269.845003 221.181607 
-10.243895 25.637767 5.459978 4.017364 19.052531 -20.085924 -5.779849 -1.297561 -32.503085 -62.644347 -246.784952 83.765441 
-10.180382 26.005637 5.047452 5.510253 16.989089 -21.736442 -7.615857 -6.943001 -28.661120 29.501308 -227.590773 -1.276235 
-10.061112 26.446384 4.606086 1.740303 18.482528 -22.612010 -9.534220 -12.250592 -24.510293 -15.899554 -303.812063 38.203211 
-9.990216 26.753119 4.142593 3.316136 16.688435 -23.769254 -11.486656 -17.232119 -20.141984 -11.849046 -281.860746 -1.572978 
-9.936593 27.084291 3.653890 1.789495 14.140860 -24.496270 -13.334435 -21.855721 -15.461099 -31.020004 -60.129996 -91.712306 
-9.877284 27.350177 3.171713 2.374607 11.581375 -24.168114 -15.173962 -26.043929 -10.668500 9.325164 -86.610412 -40.123837 
-9.790330 27.584061 2.685693 2.740249 11.694985 -24.300968 -17.042266 -29.904355 -5.842997 -55.736774 -291.038464 97.012900 
-9.741296 27.776747 2.205534 3.515732 10.049701 -23.574517 -18.810811 -33.392990 -1.011215 -30.366435 -67.722704 -92.225732 
-9.674714 27.948333 1.736906 3.144964 9.675042 -23.243968 -20.540378 -36.586040 3.858927 -53.364259 -60.797674 21.140645 
-9.645087 28.128272 1.279447 1.414907 6.681000 -22.599128 -22.198960 -39.448157 8.748323 -37.221619 -228.199698 85.341255 
-9.599499 28.262199 0.841765 -0.254312 6.351347 -21.170182 -23.786358 -42.052965 13.571000 -31.529613 -67.711846 -92.523543 
-9.573563 28.371465 0.423728 0.615723 5.460546 -20.471062 -25.388965 -44.350727 18.345129 -31.197655 -68.816723 -93.386992 
-9.555518 28.471403 0.023841 0.442496 3.992753 -19.313807 -26.901103 -46.493180 23.018107 -36.930524 -254.408629 133.811657 
-9.566596 28.522954 -0.356190 1.398544 2.546891 -18.281769 -28.344538 -48.367223 27.617937 -24.279977 -13.131160 -17.654279 
-9.531884 28.591160 -0.715672 1.464218 3.326571 -17.103565 -29.805497 -50.134821 32.193447 -32.160485 -69.562525 -94.018573 
-9.510818 28.661372 -1.051286 0.629538 4.257779 -16.693503 -31.083805 -51.627586 36.632645 -10.777006 -58.463826 -82.436676 
-9.490749 28.740906 -1.375109 -1.439705 4.701226 -15.790749 -32.431775 -53.030315 40.966397 -30.335170 -260.881475 65.912255 
-9.521412 28.796166 -1.675110 -1.010517 2.526210 -14.586586 -33.702614 -54.230254 45.178483 -33.544933 -70.360427 -94.222424 
-9.552934 28.873783 -1.962349 -3.270894 1.362050 -13.973944 -34.933091 -55.375153 49.388589 38.842804 -22.274611 -78.667758 
-9.597183 28.887080 -2.228491 -0.437295 0.327378 -13.183080 -36.119758 -56.280805 53.482359 -13.610160 -51.007280 -79.050830 
-9.624930 28.899652 -2.483354 0.610195 -0.184736 -11.961685 -37.230091 -57.126844 57.497167 -34.284752 -73.759212 -96.521028 
-9.638480 28.934669 -2.717623 1.258587 0.557124 -11.271949 -38.335816 -57.777477 61.358742 -34.442734 -72.876013 -95.902924 
-9.639483 28.969725 -2.938466 1.124375 3.200682 -10.767776 -39.423330 -58.452281 65.159859 29.502150 -48.998098 -48.703528 
-9.668027 29.040953 -3.148352 -1.598985 3.928404 -10.711866 -40.430824 -59.020761 68.859375 -35.709453 -74.468166 -96.347462 
-9.729749 29.089843 -3.352322 -1.853778 3.584914 -9.821585 -41.456225 -59.388876 72.521705 -24.168613 -219.822139 78.589619 
-9.824609 29.141255 -3.544767 -3.575600 0.506465 -9.422958 -42.419194 -59.754764 76.072561 -14.882515 -45.840506 -77.725265 
-9.899095 29.174997 -3.718940 -3.091574 -0.546194 -9.116033 -43.342573 -59.941338 79.521163 5.073717 6.895276 73.816909 
-9.961458 29.166923 -3.883539 -0.179404 -0.267876 -8.323168 -44.212274 -60.134488 82.926791 -12.289539 13.515162 31.782963 
-9.994577 29.200095 -4.037162 -0.332108 1.996959 -7.558704 -45.075649 -60.241572 86.288553 -15.834334 -45.943726 -79.118655 
-10.057737 29.222058 -4.184082 1.832950 2.460511 -7.457685 -45.923373 -60.260009 89.533774 -21.606676 -44.737315 -83.004842 
-10.086460 29.284711 -4.319758 -0.770661 4.730775 -6.669732 -46.733368 -60.219704 92.616985 -40.847656 -65.992478 -97.642093 
-10.117729 29.387845 -4.438788 -4.874402 5.941585 -6.807706 -47.508134 -60.112919 95.570535 -15.952233 -47.053356 -77.430731 
-10.227305 29.478458 -4.562833 -7.522397 3.455458 -5.910127 -48.308301 -59.980537 98.610700 -15.997892 -47.022093 -77.812239 
-10.365426 29.537057 -4.667262 -7.991025 0.366788 -5.890181 -49.031234 -59.768501 101.544886 -36.168247 -204.103462 -33.813194 
-10.490011 29.540442 -4.775742 -7.194212 -0.811424 -5.376384 -49.784529 -59.503894 104.481026 -74.775539 -106.814216 17.542136 
-10.568470 29.499035 -4.862845 -3.157259 -0.600708 -4.952895 -50.446914 -59.137516 107.169039 -20.790461 -96.623770 -1.199274 
-10.613534 29.471437 -4.958299 -0.907397 1.158980 -4.605282 -51.036905 -58.809829 109.898225 34.692012 104.400017 -94.053077 
-10.634481 29.489987 -5.041354 -1.553579 4.001831 -4.415293 -51.711197 -58.434443 112.553594 58.679810 -8.473090 -90.510041 
-10.651528 29.594480 -5.120991 -5.184930 5.670618 -4.006177 -52.364856 -57.934962 115.102395 55.212708 -8.820754 -84.210357 
-10.731084 28.240463 -5.166022 59.396388 -1.628825 -2.459435 -52.956889 -57.440351 117.602005 -14.080726 -62.905223 -85.174280 
