# MW x(kpc), MW y(kpc), MW z(kpc), MW vx(km/s), MW vy(km/s), MW vz(km/s) LMC x(kpc), LMC y(kpc), LMC z(kpc), LMC vx(km/s), LMC vy(km/s), LMC vz(km/s) 
-2.772673 1.516892 1.017509 -2.871753 2.297225 1.228736 24.995683 307.992769 88.601004 5.972414 -36.919105 -69.222676 
-2.873648 1.561277 1.036736 -4.237826 -2.683002 0.736767 25.127516 307.244947 87.212836 6.425748 -36.538591 -69.202859 
-2.890169 1.546611 1.057474 -1.164056 -0.973591 1.282203 25.234194 306.469766 85.839582 6.667645 -36.517369 -69.091969 
-2.881789 1.544486 1.086173 0.720166 3.222446 1.352226 25.396662 305.692018 84.446853 5.116500 -36.423394 -67.732247 
-2.939392 1.609194 1.099979 -1.676447 1.624000 1.174478 25.487103 304.867746 83.089621 2.374059 -39.116234 -72.000782 
-2.999141 1.643751 1.125662 -2.423188 1.547959 0.826811 25.576186 304.038670 81.684623 5.351072 -39.270217 -66.243599 
-3.053907 1.695896 1.157746 -3.906447 1.185358 1.285980 25.680508 303.155100 80.322469 7.794708 -42.952255 -67.045303 
-3.114868 1.711207 1.172952 -2.578868 1.687659 1.031663 25.767014 302.307231 78.874819 6.463928 -41.789138 -71.758596 
-3.161069 1.733739 1.200246 -1.812980 2.792927 1.127701 25.888706 301.379040 77.495573 -2.351737 -40.522245 -75.339103 
-3.226523 1.802646 1.236757 -3.023552 1.180671 1.372507 26.001123 300.472857 76.108445 -4.319716 -38.802747 -76.065544 
-3.256336 1.827458 1.257956 -1.251803 2.376169 0.887072 26.073837 299.539862 74.662194 5.408773 -50.884890 -70.084321 
-3.324255 1.894981 1.291337 -2.801333 0.788576 1.770357 26.207620 298.553141 73.284555 10.508740 -34.716029 -69.558579 
-3.369349 1.935679 1.326626 -1.907861 1.286712 1.536067 26.250707 297.609611 71.851994 -7.971515 -37.217000 -78.370590 
-3.396803 2.024051 1.365654 -4.360754 2.515965 1.991753 26.392893 296.600779 70.440334 -9.158566 -37.272523 -79.108650 
-3.452449 2.118179 1.404897 -6.144487 2.661121 1.852803 26.501127 295.573618 69.016756 5.934882 -49.163321 -71.516976 
-3.512171 2.114714 1.434732 -0.702697 1.532566 2.263375 26.606659 294.544388 67.557191 4.370519 -53.869403 -73.935998 
-3.552431 2.161381 1.475171 -0.562256 2.054350 1.829795 26.661405 293.458301 66.060685 -12.464908 -40.297348 -81.939534 
-3.589593 2.245591 1.508646 -2.449352 1.880804 2.064141 26.723241 292.396043 64.571278 -0.760946 -71.850503 -80.665891 
-3.605208 2.331581 1.548879 -3.209227 3.682115 1.896530 26.841167 291.282663 63.156407 -14.482298 -39.254880 -53.930298 
-3.652331 2.385482 1.593347 -1.886801 3.708355 2.038299 26.901686 290.092644 61.691355 -15.747605 -40.681647 -84.021317 
-3.701222 2.465024 1.636824 -2.580904 3.249423 2.239626 27.004447 288.917582 60.201705 -15.065910 -45.045314 -85.085519 
-3.745987 2.533976 1.679622 -2.617577 2.594246 2.180249 27.095253 287.748264 58.727020 7.331483 -62.024321 -78.962477 
-3.752906 2.626742 1.723798 -3.327334 5.708061 2.157283 27.145883 286.562115 57.206899 2.462565 -58.772497 -73.838020 
-3.826118 2.715703 1.763271 -3.664502 4.409638 2.277326 27.185110 285.344538 55.735919 6.930177 -64.770933 -69.543875 
-3.847038 2.801365 1.806064 -4.281819 6.457715 2.410182 27.286117 284.012206 54.282892 -19.307401 -47.145266 -88.426904 
-3.887005 2.848186 1.861868 -2.155170 5.851161 2.877377 27.394158 282.687627 52.766823 -1.520951 -62.389239 -70.845730 
-3.923171 2.965808 1.903683 -3.820149 6.027582 2.676509 27.470767 281.376500 51.221639 23.153041 -48.580886 -50.096021 
-4.035047 3.045806 1.963032 -2.627708 1.341539 3.241005 27.484371 280.005522 49.709067 -22.506990 -47.670804 -90.742938 
-4.036269 3.097715 2.023676 -0.539228 4.204870 2.727015 27.475945 278.612042 48.225180 21.761685 -46.938336 -54.929339 
-4.055040 3.203536 2.073064 -1.154298 4.666762 3.014580 27.534700 277.313590 46.718754 18.897377 -44.458079 -58.820460 
-4.064746 3.322833 2.124855 -1.514875 7.331570 2.518972 27.576337 275.868133 45.211847 -7.167857 -35.938147 -65.101306 
-4.150301 3.472364 2.183149 -5.402333 4.549838 3.124742 27.626881 274.495054 43.657149 -9.975297 -33.593985 -52.204714 
-4.184340 3.515398 2.234176 -0.110347 5.425341 3.044159 27.667041 272.993084 42.150607 -27.797483 -49.820827 -94.899443 
-4.225494 3.665116 2.295689 -3.514126 6.001629 2.702654 27.741131 271.455703 40.610891 38.428473 -25.953542 -102.156908 
-4.269135 3.783911 2.349866 -4.662303 6.778966 2.748730 27.734257 269.960788 39.047638 40.079794 -44.734165 -34.027681 
-4.326343 3.881258 2.401253 -3.675391 6.844632 2.757208 27.816441 268.372223 37.582528 -4.837624 -28.512877 -46.733211 
-4.394434 3.986626 2.453670 -3.660210 4.938271 2.543549 27.875221 266.819707 36.000909 -5.825369 -34.584844 -53.859309 
-4.465823 4.081449 2.519128 -2.139149 3.477387 3.505863 27.920865 265.187311 34.443748 38.332974 -47.581357 -32.510867 
-4.497970 4.225572 2.586852 -4.230743 4.263615 3.349437 27.945918 263.571872 32.843002 15.218046 -44.550850 -55.654255 
-4.529983 4.334644 2.640141 -4.466833 5.113346 3.124596 27.936466 261.839883 31.268851 -1.478231 -83.966768 -79.189196 
-4.565389 4.434435 2.703672 -2.926995 5.558215 3.226501 27.968839 260.148422 29.754467 45.449798 -46.889264 -28.158063 
-4.566008 4.529989 2.775080 -1.289926 8.773613 2.966531 27.997330 258.476531 28.214533 -12.824910 -50.016431 -56.322096 
-4.655959 4.650979 2.834889 -1.931357 5.383861 3.005884 28.026488 256.765722 26.649313 12.228786 -44.745428 -54.611271 
-4.677731 4.772675 2.886658 -2.025961 6.916485 2.681326 28.043409 254.953993 25.036241 47.911140 -47.956248 -24.626362 
-4.719727 4.924952 2.948959 -4.194509 7.084123 3.571397 28.033770 253.119033 23.441230 -20.382715 -85.309710 -71.314384 
-4.751420 5.014114 3.010455 -1.461232 8.114607 2.653358 27.984044 251.182496 21.860905 -5.718642 -71.382342 -41.986396 
-4.820675 5.173147 3.070889 -2.731526 6.210357 3.503294 27.995298 249.360301 20.341360 -2.259162 -106.981602 -56.096828 
-4.854192 5.281041 3.136480 -1.083603 7.573117 2.793891 27.983065 247.388356 18.744318 -20.917033 -35.149108 -43.404069 
-4.908862 5.388156 3.194332 1.422786 6.259827 3.426048 27.995510 245.481806 17.143883 -27.350292 -32.923395 -17.665104 
-4.944992 5.566596 3.265737 -1.340776 6.840301 3.569751 27.938790 243.470960 15.558352 39.294461 -15.343890 -100.638855 
-4.999403 5.684301 3.337340 0.337842 6.176791 3.546088 27.903603 241.434812 14.036381 34.408376 -17.226530 -100.053322 
-5.046609 5.840112 3.409350 -1.510138 5.943351 3.190777 27.885322 239.460297 12.451686 -0.595406 -104.137197 -78.729876 
-5.074986 5.983405 3.474676 -0.961748 7.314413 3.286948 27.840368 237.327345 10.864478 4.202719 -97.722245 -64.972701 
-5.104543 6.146960 3.547454 -2.316808 7.924666 3.576407 27.815950 235.162935 9.264249 -12.737846 -48.326369 -80.121826 
-5.189691 6.294056 3.620521 -1.145284 5.861024 3.868342 27.720815 232.955784 7.690012 -3.414498 -112.785229 -76.547116 
-5.207551 6.491188 3.685157 -4.416215 7.935538 3.347039 27.676930 230.757804 6.113090 -2.648873 -136.665149 -81.883843 
-5.243119 6.634263 3.753107 -3.237982 7.615605 3.574931 27.606343 228.513993 4.576454 -12.170850 -55.384711 -83.138358 
-5.308491 6.776546 3.816240 -1.326114 6.613656 3.185617 27.549694 226.189103 2.962395 -12.860459 -54.631216 -83.276014 
-5.357060 6.977105 3.879235 -3.590894 6.759498 3.173656 27.467864 223.875551 1.369138 14.679565 -61.497575 -50.239846 
-5.374294 7.124321 3.945819 -3.265410 9.201922 3.172444 27.376475 221.522784 -0.161587 -14.518861 -61.270122 -84.018381 
-5.438717 7.288834 4.013290 -2.470136 7.415294 3.427811 27.318087 219.151036 -1.756719 -1.961882 -117.792738 -61.340412 
-5.451963 7.498778 4.071013 -4.745949 9.669504 3.109806 27.255438 216.724733 -3.323869 -24.366331 -187.129660 -78.218340 
-5.497029 7.628374 4.140706 -1.092382 8.558449 3.402389 27.150305 214.216089 -4.962587 -5.941385 -125.080837 -81.518517 
-5.556046 7.815604 4.209598 -0.652987 7.802199 3.565221 27.025957 211.662915 -6.508837 -22.078794 -73.677997 -90.992322 
-5.570304 8.016382 4.275051 -0.639608 9.166094 3.384349 26.944260 209.076932 -8.106761 -34.605125 -89.801171 -25.020324 
-5.574622 8.206980 4.356526 0.320681 11.594417 3.489440 26.826838 206.417299 -9.680005 -16.007343 -54.449058 -83.507157 
-5.647023 8.452790 4.408252 -2.620030 9.836193 2.947096 26.728765 203.810286 -11.234571 -4.048544 -134.606723 -77.139240 
-5.677322 8.643692 4.476427 -0.914929 10.725417 3.194794 26.566300 201.094596 -12.789633 -60.438304 -151.525632 -19.436885 
-5.715903 8.848629 4.538686 -0.493979 10.458969 2.807477 26.370246 198.256524 -14.331604 44.072207 -60.610463 -35.200114 
-5.752176 9.065138 4.593875 -0.371841 9.962179 3.167867 26.210828 195.431677 -15.888177 22.623892 -49.339613 -28.786032 
-5.756102 9.291905 4.665159 -1.686306 12.156645 3.397998 26.087569 192.531470 -17.405268 -8.947368 -140.741786 -79.478197 
-5.810450 9.544828 4.734532 -3.508116 10.836389 2.900654 25.931524 189.568396 -18.907206 -44.065583 -87.902003 -102.583605 
-5.835280 9.748308 4.791375 -1.756222 11.552017 3.277469 25.766053 186.656361 -20.474761 -10.054228 -176.803405 -130.049304 
-5.853184 9.955758 4.860708 -0.651824 12.716988 3.388043 25.540620 183.635875 -22.052157 47.284946 -66.121176 -30.381614 
-5.876329 10.208415 4.918574 -1.909155 12.417653 3.476017 25.307794 180.583845 -23.532024 -72.763243 -66.075943 -129.248391 
-5.914746 10.422539 4.987552 0.379698 11.660591 3.538197 25.129878 177.382382 -25.011930 -42.226441 -227.161552 -5.039350 
-5.925292 10.712755 5.053776 -3.561249 12.921351 3.171480 24.952499 174.120730 -26.569703 54.061437 -98.855554 -2.177980 
-5.926556 10.958387 5.119158 -2.713833 14.841404 3.208847 24.694967 170.836838 -28.028182 22.075330 -51.480282 -41.366995 
-6.000126 11.251577 5.185646 -4.829279 12.761199 2.800651 24.442675 167.540119 -29.476955 11.472159 -136.663480 -47.635343 
-6.043680 11.446911 5.226543 -0.491578 11.526423 2.268821 24.108072 164.131380 -30.918851 -13.333865 -213.345920 -52.286861 
-6.017059 11.709701 5.283367 -0.768515 15.877053 2.356942 23.858560 160.659532 -32.275848 50.721317 -66.649944 -27.543349 
-6.059016 11.953643 5.334854 2.219711 14.257363 2.836868 23.576799 157.099332 -33.749410 70.187975 -73.794104 -5.165166 
-6.099820 12.249853 5.392864 0.084430 13.316526 2.697337 23.253744 153.560013 -35.134248 -21.021130 -65.253585 -89.850531 
-6.087314 12.509961 5.446206 1.802918 15.207091 2.421458 22.927036 149.856370 -36.484469 -24.108148 -78.756843 -94.325316 
-6.105306 12.828272 5.496439 -0.508638 14.402696 2.081217 22.539712 146.081630 -37.857793 -22.460295 -62.435022 -89.525729 
-6.099030 13.120102 5.536262 -0.769886 16.853785 2.237666 22.156014 142.224528 -39.133455 -40.184505 -88.612562 -101.536621 
-6.136811 13.421400 5.586018 -0.861430 14.999241 2.264051 21.815597 138.341140 -40.462303 -58.118235 -106.312818 -115.065097 
-6.147099 13.710712 5.618497 0.986006 15.844525 1.982899 21.438439 134.352416 -41.724798 -55.947823 -99.942605 -110.406652 
-6.185670 14.010142 5.657882 0.737691 15.128838 1.901341 21.043693 130.280091 -42.940655 -18.608241 -200.805483 -54.804291 
-6.208244 14.343928 5.690111 -1.199512 13.409756 1.772798 20.621286 126.079409 -44.088964 56.809157 -2.180416 -124.985496 
-6.208084 14.621269 5.722050 1.985141 15.560996 1.452719 20.139641 121.732343 -45.230887 -88.084013 -254.727962 -10.978619 
-6.189378 15.032352 5.737742 -3.201935 19.761434 1.207852 19.641863 117.346065 -46.366839 -28.207441 -210.942967 -40.450090 
-6.206363 15.344153 5.761480 -1.001577 16.983142 1.252055 19.159461 112.884113 -47.404465 40.806217 -12.684025 -109.031404 
-6.192821 15.678828 5.781763 -0.242037 17.943580 0.596281 18.621935 108.334401 -48.336141 -70.183439 -261.902972 -42.387555 
-6.174187 16.033331 5.779391 0.633002 18.925330 0.560728 18.082051 103.598969 -49.187759 -23.350006 -232.557889 -45.236469 
-6.186221 16.374397 5.780176 2.132077 19.698316 -0.590024 17.496787 98.857644 -49.978694 -26.041520 -67.748120 -93.218630 
-6.173873 16.736156 5.763159 2.095442 20.192289 -0.647113 16.819293 93.934154 -50.798414 -33.627605 -92.143021 -100.537125 
-6.142978 17.152508 5.739983 0.894475 22.623704 -1.269048 16.188842 88.933881 -51.471655 -35.369289 -269.515019 -23.322190 
-6.161443 17.531323 5.703311 2.017061 19.226372 -2.322645 15.488641 83.818530 -52.074959 -62.754268 -107.842859 -115.121537 
-6.131804 17.934342 5.651188 1.430084 20.965705 -2.784159 14.753443 78.543687 -52.496457 -70.542070 -106.910413 -135.202936 
-6.116409 18.363053 5.590427 -0.017241 20.720466 -4.033567 13.993704 73.112045 -52.835080 -113.489337 -37.297267 -149.818973 
-6.121111 18.763243 5.507015 1.859222 19.994173 -4.123099 13.117765 67.617388 -53.033526 -69.151119 -247.986412 -16.413044 
-6.090224 19.190803 5.414273 2.024634 19.595243 -4.866923 12.270043 61.993239 -53.057367 -39.100411 -95.869133 6.917645 
-6.062391 19.618467 5.302108 3.196691 19.569132 -6.208358 11.269411 56.275911 -52.904082 -39.952170 -90.656777 10.783128 
-6.000074 20.089822 5.167166 2.229519 22.945769 -7.472060 10.263074 50.420121 -52.533171 -74.296986 -230.543343 45.977714 
-5.911424 20.516966 5.005913 4.267625 25.215004 -8.571856 9.154856 44.440546 -51.965138 35.056839 -58.134808 -33.082827 
-5.882584 21.030088 4.812513 1.276514 24.320881 -10.085856 7.978262 38.314451 -51.121571 76.099218 -84.674413 7.277765 
-5.853764 21.510577 4.596183 2.404842 23.575462 -11.990019 6.753245 32.125678 -50.047220 107.089390 -64.737865 34.795934 
-5.771770 21.972836 4.342674 3.868103 25.488382 -13.360460 5.467980 25.920126 -48.647588 -30.907727 -78.800256 -95.784035 
-5.709217 22.424557 4.048983 4.845974 23.647090 -15.520985 4.161945 19.757161 -46.899929 -42.067123 -102.008170 -106.890752 
-5.628638 22.912679 3.711741 4.420408 23.170210 -17.832799 2.778588 13.551595 -44.815636 60.467531 -69.856549 -27.470438 
-5.530009 23.381084 3.337524 3.669411 23.852641 -19.798101 1.362431 7.502675 -42.277832 -112.585685 -81.906553 -159.480639 
-5.465724 23.809218 2.923182 5.331158 20.718370 -21.897988 -0.167177 1.545402 -39.421716 51.725644 1.752801 -132.688178 
-5.380562 24.208486 2.473167 7.136904 19.701635 -23.040533 -1.777863 -4.255775 -36.230947 29.463321 -57.855358 -28.933664 
-5.243188 24.632936 1.996858 4.457946 20.867950 -24.703031 -3.341438 -9.699706 -32.712008 20.796002 -51.407704 -33.740946 
-5.177778 24.956991 1.490473 6.193424 17.674072 -25.707180 -4.957547 -14.916114 -28.890024 97.106732 23.706884 -166.883210 
-5.070640 25.356125 0.964546 3.899272 16.574405 -26.914150 -6.597963 -19.762916 -24.918652 -106.514907 -69.228808 172.692246 
-5.000100 25.696313 0.417746 0.830409 15.573529 -27.670825 -8.223041 -24.377612 -20.748270 33.420941 -59.121839 -28.573326 
-4.905363 25.919363 -0.137932 2.597448 13.579572 -27.688713 -9.804103 -28.654287 -16.499938 -69.226404 -272.382643 13.189732 
-4.856034 26.155821 -0.697118 2.795428 10.322060 -27.806157 -11.313864 -32.583601 -12.063024 49.869043 -2.249461 -127.172763 
-4.774377 26.344619 -1.249703 4.767227 9.709809 -27.419711 -12.758439 -36.257112 -7.633547 -28.173005 -82.993936 146.090029 
-4.686956 26.530475 -1.808854 3.384562 9.472155 -27.352427 -14.274842 -39.563284 -3.171541 -34.741994 -33.353520 -54.248207 
-4.619623 26.692708 -2.346885 3.533128 8.277716 -26.257708 -15.700797 -42.616220 1.213194 -25.328085 -290.383788 33.897415 
-4.558105 26.886573 -2.880772 1.706335 7.726376 -26.300136 -17.086716 -45.456693 5.639917 -35.898067 -72.547671 -97.313905 
-4.520204 27.007147 -3.401101 0.717169 6.017000 -25.802046 -18.407343 -48.045496 10.053500 -57.605875 -129.882613 103.808666 
-4.511046 27.131977 -3.909894 -1.370810 3.972754 -24.716983 -19.723715 -50.442670 14.367120 -39.255868 -67.853135 -97.150200 
-4.471277 27.176215 -4.401521 0.273212 2.725035 -23.842548 -20.952363 -52.629207 18.614728 -45.473538 -112.026977 -112.166442 
-4.457334 27.218743 -4.878803 1.328959 1.110354 -23.151917 -22.224986 -54.667147 22.784592 -50.683834 -113.337943 -114.672429 
-4.377343 27.251599 -5.338751 3.369349 3.036307 -22.612560 -23.392734 -56.457319 26.986094 -35.657747 -12.035105 -31.771560 
-4.340303 27.306908 -5.778533 2.748031 2.672610 -21.625029 -24.527160 -58.168559 31.026216 -52.780122 -114.286213 -115.478220 
-4.306189 27.356562 -6.201874 2.024695 3.281772 -20.647267 -25.650205 -59.770386 35.067372 -15.312775 -257.547884 49.105887 
-4.285691 27.408216 -6.609268 0.869115 2.586678 -19.889227 -26.738854 -61.142211 38.933629 -50.849945 -232.273165 95.244525 
-4.304617 27.470149 -6.993164 -1.146413 1.273172 -18.211158 -27.808415 -62.478263 42.767334 -52.046628 -82.955800 14.135635 
-4.305289 27.501026 -7.356025 -2.975597 1.022137 -17.850557 -28.847295 -63.620011 46.571960 -94.724615 -134.445081 -151.437625 
-4.314479 27.504644 -7.709934 -2.342901 0.156048 -17.357895 -29.781902 -64.669749 50.320963 -40.094275 -101.316261 -106.259646 
-4.327398 27.515191 -8.052654 -2.118180 -1.474404 -16.134160 -30.749369 -65.676894 53.954966 -48.940294 -115.137038 -113.560197 
-4.321146 27.504172 -8.363856 0.191074 -0.356228 -15.567291 -31.601424 -66.513749 57.527148 84.605637 -81.929311 -4.551724 
-4.338212 27.471714 -8.667280 2.092883 -0.938189 -14.856262 -32.553370 -67.212864 60.927441 -46.165908 -115.175609 -114.152237 
-4.327355 27.467054 -8.949951 3.033509 -1.008344 -14.054008 -33.421568 -67.872143 64.364997 109.877617 -100.852671 30.951467 
-4.306200 27.507818 -9.236154 1.783016 1.477211 -13.529717 -34.249918 -68.449752 67.691924 -85.036166 -206.349811 56.778415 
-4.281590 27.542609 -9.507125 -0.047100 4.123187 -13.718762 -35.024172 -68.985901 71.033803 -144.611739 -99.131879 -184.042890 
-4.296806 27.584393 -9.766656 -2.055748 2.459544 -13.230538 -35.738745 -69.430057 74.169729 -42.990599 -92.507441 -104.060342 
-4.333986 27.622766 -10.017433 -3.086458 2.195750 -12.581028 -36.520183 -69.804206 77.270981 -20.250983 -185.943441 3.310589 
-4.391016 27.630155 -10.262745 -1.401251 0.100323 -11.890332 -37.322732 -70.056838 80.278071 -78.729092 5.537021 42.034903 
-4.444605 27.581064 -10.498232 0.871329 -1.089519 -11.268281 -38.001444 -70.276975 83.341941 -44.288179 -82.605338 -104.244972 
-4.444006 27.566688 -10.711779 2.170174 -0.295681 -10.620579 -38.716113 -70.414054 86.289444 -44.455732 -81.177992 -102.985959 
-4.461564 27.570782 -10.919508 2.103412 -0.359846 -10.602863 -39.400828 -70.479505 89.139462 -35.473375 -101.818410 -1.560725 
-4.438157 27.556307 -11.110443 2.858530 2.307298 -9.473333 -40.018985 -70.591364 91.935155 3.780737 48.250694 -28.394973 
-4.417438 27.586847 -11.296446 -0.009033 4.827040 -8.557129 -40.651224 -70.571661 94.613502 -47.388679 -76.296160 -102.452184 
-4.482961 27.603830 -11.464574 -1.064396 2.772717 -8.518496 -41.233352 -70.561868 97.309403 -26.450108 -205.177020 96.906342 
-6.777114 26.900448 -11.591984 9.198333 -84.535321 -7.726881 -41.791045 -70.388642 99.897611 25.629951 -50.639624 -160.290204 
