# MW x(kpc), MW y(kpc), MW z(kpc), MW vx(km/s), MW vy(km/s), MW vz(km/s) LMC x(kpc), LMC y(kpc), LMC z(kpc), LMC vx(km/s), LMC vy(km/s), LMC vz(km/s) 
-4.394495 2.050076 1.557547 -1.393459 3.003086 1.571048 24.996168 317.992919 88.601256 4.703845 -38.268923 -69.001507 
-4.498267 2.139396 1.590155 -4.929374 -0.121163 1.673485 25.126397 317.249440 87.208531 5.847509 -37.270672 -68.825335 
-4.530463 2.164613 1.623114 -3.266750 2.496057 1.856122 25.238373 316.483511 85.829422 5.292026 -38.306093 -69.257701 
-4.556405 2.218112 1.667303 -2.656492 4.989515 1.969833 25.389371 315.718494 84.428290 4.956399 -38.794221 -69.562743 
-4.642030 2.268749 1.713540 -2.737260 4.111291 2.130103 25.483654 314.892127 83.083573 5.720770 -36.579716 -68.943886 
-4.749547 2.361244 1.755826 -5.252912 0.752246 1.884775 25.558284 314.070538 81.659288 4.170706 -39.843454 -70.153608 
-4.795856 2.411070 1.794854 -5.086216 3.232514 2.005463 25.708394 313.187085 80.222856 3.927136 -40.277674 -70.475196 
-4.881160 2.421388 1.833633 -2.163413 1.713786 1.764259 25.797739 312.330090 78.816358 4.036763 -38.518970 -70.055289 
-4.946514 2.506345 1.884600 -4.344073 3.019925 1.886329 25.901289 311.431269 77.421348 4.844270 -46.070843 -70.811303 
-5.022076 2.544937 1.919790 -2.666600 2.611634 2.496527 26.027755 310.482023 76.021786 2.969954 -41.722296 -71.381961 
-5.066110 2.609158 1.965137 -2.759703 3.633121 2.205244 26.096060 309.572983 74.608546 2.289378 -38.602919 -69.811833 
-5.100027 2.675665 2.013805 -3.461544 5.465779 2.466928 26.162113 308.625781 73.180794 2.767802 -39.298549 -70.884227 
-5.223919 2.741798 2.065026 -3.963051 1.639373 2.453956 26.292571 307.689447 71.788892 1.783061 -43.373769 -72.322923 
-5.278959 2.809388 2.117933 -4.064508 2.777642 2.522416 26.425042 306.704985 70.367172 1.251992 -43.905296 -72.595664 
-5.333506 2.867188 2.168564 -3.258554 4.076985 2.401369 26.513404 305.651343 68.943456 10.434136 -34.535126 -70.242541 
-5.428528 2.958791 2.213284 -5.057521 3.280305 2.714048 26.584174 304.657513 67.495802 3.851687 -39.147872 -63.141773 
-5.553919 2.996543 2.260308 -2.706869 -0.659873 2.346301 26.658318 303.589286 65.976285 0.134223 -45.431454 -73.500591 
-5.562643 3.067222 2.305582 -2.056067 2.893349 2.393796 26.748714 302.513393 64.558044 8.172016 -55.204268 -73.871721 
-5.610283 3.152144 2.360267 -2.791743 4.999585 2.128189 26.847795 301.415387 63.136683 -0.646245 -46.484034 -74.106781 
-5.656909 3.206052 2.412403 -1.747027 7.185252 2.658981 26.981966 300.314388 61.636793 4.359152 -35.278814 -66.435413 
-5.760039 3.324844 2.460714 -4.176927 3.906962 2.206442 27.002864 299.156218 60.160874 0.247181 -42.016505 -72.805374 
-5.809333 3.364635 2.505152 -2.208340 6.025580 2.859588 27.086209 298.038982 58.691591 -0.032816 -42.426233 -73.200533 
-5.921521 3.469981 2.562087 -4.398156 3.467355 2.702020 27.137319 296.876655 57.240071 3.508632 -39.457258 -66.923770 
-5.966616 3.567948 2.613098 -4.731630 5.088345 2.892859 27.271109 295.653990 55.791403 -0.558170 -44.131778 -73.881983 
-6.068298 3.665580 2.677382 -4.869994 3.195486 3.459145 27.342344 294.414750 54.309060 -1.001977 -45.974135 -74.114020 
-6.125229 3.723782 2.740316 -3.511637 5.331186 2.876174 27.425996 293.152810 52.776853 -1.224544 -36.272579 -60.742183 
-6.195184 3.856308 2.790091 -6.057647 5.422777 2.919400 27.483900 291.863705 51.303134 2.943197 -37.284654 -57.642249 
-6.280534 3.864482 2.862979 0.061076 4.178022 2.867669 27.484147 290.545114 49.790650 -3.218076 -28.909107 -60.963673 
-6.340315 3.978665 2.925847 -1.971848 5.176288 3.531828 27.515578 289.288818 48.278380 -3.523374 -44.154028 -74.328295 
-6.421081 4.096535 2.984185 -3.615866 3.915742 3.327967 27.576182 287.967811 46.788307 2.376497 -67.389444 -75.590887 
-6.464621 4.182639 3.058688 -1.588253 6.488123 3.219465 27.654554 286.624276 45.268202 0.265276 -39.008180 -67.326608 
-6.545109 4.318614 3.127296 -4.096033 6.646810 3.658254 27.686410 285.211220 43.707102 2.058868 -37.260564 -62.497816 
-6.644717 4.421044 3.186040 -3.245635 4.952657 2.855666 27.733262 283.775263 42.211776 0.312068 -71.685216 -80.274022 
-6.701790 4.515946 3.261535 -2.245650 4.928658 3.769511 27.769999 282.357410 40.730500 -14.471551 -52.180599 -79.144344 
-6.765657 4.657841 3.318381 -4.253029 5.921074 3.660919 27.839864 280.895247 39.172184 -17.536312 -59.685107 -84.569097 
-6.820484 4.795191 3.399602 -5.980835 8.070789 3.486722 27.914698 279.384650 37.660172 -1.124997 -33.351269 -60.339542 
-6.893162 4.881399 3.467057 -2.981120 7.804693 3.514927 27.941370 277.835487 36.097708 4.999733 -79.446682 -76.690508 
-7.026662 5.012960 3.535998 -3.358279 2.819265 3.538512 27.943099 276.232795 34.523258 -5.429139 -29.822246 -48.885079 
-7.027073 5.124539 3.604368 -2.508144 8.442432 3.329325 28.029206 274.620304 32.966273 -7.642073 -39.830094 -53.538325 
-7.104260 5.271606 3.669573 -4.684757 7.715467 3.526174 28.035300 273.026447 31.505436 32.325324 -69.920820 -74.468026 
-7.221028 5.367125 3.748434 -1.779413 4.499605 3.434219 28.033047 271.406892 29.907366 15.307989 -44.479066 -55.686570 
-7.265303 5.522312 3.821936 -4.359707 6.471585 3.897581 28.069236 269.715220 28.368450 -31.218998 -99.991989 -66.927011 
-7.362119 5.648744 3.893112 -4.138049 5.086944 3.430018 28.088153 268.003232 26.799077 12.429216 -40.613043 -62.307433 
-7.411525 5.744893 3.962368 -1.725533 7.628802 3.743849 28.085942 266.292792 25.163612 25.160947 -47.599709 -56.399600 
-7.509272 5.867682 4.037376 -1.149295 5.934027 3.431701 28.091335 264.489816 23.636840 -12.929748 -52.586032 -49.158847 
-7.545944 6.040204 4.109398 -3.642519 8.326715 3.593736 28.085567 262.655142 22.065270 -2.557830 -37.626354 -64.365436 
-7.645779 6.145702 4.178363 -0.915776 6.709484 3.761990 28.121989 260.797566 20.526115 22.493416 -27.851202 -77.698065 
-7.717991 6.279980 4.252742 -0.696276 6.125308 3.490437 28.078887 258.942210 18.939959 22.863520 -27.635573 -77.918802 
-7.724310 6.474376 4.327852 -3.377991 10.816802 3.812205 28.025110 257.064798 17.371498 9.877263 -41.287193 -58.490200 
-7.810866 6.655906 4.414934 -6.290774 9.703238 4.300490 27.985283 255.173419 15.818840 -1.255268 -56.891560 -65.849158 
-7.927255 6.781117 4.494103 -2.406417 6.365667 4.222032 28.026477 253.160168 14.239939 34.771971 -35.214300 -69.121752 
-7.978299 6.943118 4.585499 -4.294584 7.882601 4.470565 28.020747 251.149828 12.689139 3.372336 -80.815287 -68.598059 
-8.040638 7.124699 4.678214 -6.774811 8.051187 4.529461 27.977704 249.095267 11.098956 -4.129842 -31.839783 -35.274412 
-8.132165 7.230717 4.765592 -2.645992 7.429458 4.807309 27.850725 247.049190 9.513140 0.327454 -102.770150 -77.333046 
-8.202264 7.394252 4.856540 -2.890690 6.890956 4.355021 27.819936 244.899688 7.955152 -10.229504 -43.814290 -78.163719 
-8.220282 7.589895 4.937688 -4.242276 10.807693 4.160190 27.764704 242.719202 6.404873 -11.336227 -45.454433 -78.780974 
-8.304757 7.739090 5.028367 -3.153449 10.132091 4.759696 27.718436 240.504782 4.826540 -11.059100 -48.984506 -79.725928 
-8.349768 7.948506 5.122228 -5.582473 13.229802 4.895727 27.628530 238.274810 3.263649 -10.656364 -52.073568 -81.151046 
-8.468751 8.104686 5.211837 -3.305197 9.642329 4.428707 27.548830 236.026168 1.723583 1.826709 -69.972564 -61.550071 
-8.543703 8.285764 5.306892 -3.368251 10.137738 4.812259 27.494382 233.708982 0.177915 -12.527827 -65.388398 -86.409642 
-8.618977 8.487180 5.405888 -4.752463 9.699429 5.120760 27.387888 231.418043 -1.421560 -13.494087 -124.496181 -81.763352 
-8.675827 8.661973 5.505133 -3.854683 11.162329 4.621118 27.343292 229.042487 -3.017481 -32.380433 -39.214133 -36.569136 
-8.779704 8.841170 5.594473 -4.005836 8.412295 4.847199 27.229110 226.648969 -4.588999 29.350270 -17.809314 -103.268024 
-8.819083 9.005897 5.687791 -2.533861 11.118925 4.593024 27.118541 224.179444 -6.152575 -46.375376 -84.669809 -106.620953 
-8.925609 9.201383 5.780600 -2.093751 9.601095 4.729476 27.017495 221.712848 -7.704380 27.486416 -182.274604 -45.846791 
-8.935195 9.396416 5.875274 -1.168794 13.249329 4.910824 26.876727 219.170666 -9.296282 -16.154028 -75.471921 -60.426128 
-9.039502 9.636132 5.967915 -3.664373 10.262619 4.663027 26.731702 216.569334 -10.836436 12.603863 -46.315440 -50.078479 
-9.118764 9.860008 6.061237 -4.877308 10.077833 4.973108 26.613003 213.924017 -12.394575 -0.885330 -204.577798 -84.544227 
-9.213426 10.034317 6.154236 -2.788172 7.454809 4.403310 26.452307 211.250192 -13.912834 -43.992545 -131.226728 -36.550026 
-9.256166 10.256552 6.243759 -2.877821 10.321669 4.213919 26.253276 208.524674 -15.423541 -12.641073 -42.003849 -49.603556 
-9.306158 10.485653 6.330292 -3.569308 11.067292 4.601940 26.138791 205.757602 -16.912979 23.396735 -50.092759 -46.279307 
-9.404269 10.728568 6.416311 -4.651042 8.635846 4.022101 25.950760 202.904926 -18.464199 -3.303275 -45.787695 -75.544117 
-9.415656 10.936632 6.505702 -3.157042 13.281891 4.304988 25.789156 200.039892 -19.954599 26.803028 -51.470716 -46.513548 
-9.481032 11.175435 6.587430 -3.371421 12.657505 4.260492 25.598140 197.159541 -21.523693 32.342909 -51.636684 -47.025873 
-9.550665 11.438222 6.679184 -5.749557 12.100850 4.350502 25.408251 194.084083 -23.053295 17.604933 -43.397264 -57.385601 
-9.616922 11.648601 6.762605 -3.080171 11.703147 4.064697 25.179429 191.035067 -24.537894 34.598247 -66.132392 -51.232888 
-9.706039 11.894350 6.848986 -3.306488 9.776837 4.331719 24.975385 187.957999 -25.932389 -17.088267 -53.375233 -83.542040 
-9.719751 12.142774 6.930870 -3.158319 13.236926 4.027718 24.708123 184.840968 -27.434576 -15.659885 -44.649496 -81.450308 
-9.817852 12.418314 7.009942 -3.449702 11.858357 3.959520 24.499017 181.591023 -28.920431 1.832310 -189.387707 -71.095784 
-9.857601 12.674352 7.096943 -3.983906 13.373879 3.558122 24.213164 178.360375 -30.325463 -27.450083 -79.338614 -93.422357 
-9.911450 12.954706 7.165377 -3.965451 14.732317 3.823555 23.915918 174.949454 -31.752185 -17.533050 -58.439545 -86.144663 
-9.990256 13.253943 7.246579 -5.009754 14.278006 3.840917 23.584896 171.612863 -33.113902 -21.150265 -78.492504 -93.187282 
-10.079025 13.487752 7.338176 -1.934817 12.399990 3.639375 23.208427 168.175734 -34.511381 -11.621571 -160.806095 -66.635395 
-10.098496 13.760834 7.409991 -1.521272 15.743855 3.794090 22.913048 164.604209 -35.911913 -71.865368 -142.713315 -99.143911 
-10.218235 14.081967 7.475484 -3.558458 12.380519 3.401099 22.604659 161.015124 -37.196270 40.380903 -10.978272 -113.911636 
-10.218984 14.391273 7.554306 -4.447398 16.144098 3.396678 22.225571 157.343242 -38.521110 -24.067375 -254.083175 -5.721665 
-10.289518 14.669927 7.621289 -2.477253 14.980132 3.348897 21.864084 153.601083 -39.904812 30.968841 -232.175751 -78.855227 
-10.336040 14.970782 7.695156 -1.397248 14.732956 3.395918 21.501786 149.813519 -41.180452 -22.196049 -29.915222 -37.004344 
-10.362985 15.301963 7.757585 -2.653181 17.360920 3.022593 21.064964 145.867981 -42.359535 -102.276645 -220.477159 14.840050 
-10.474174 15.608363 7.817125 -2.054080 14.310064 2.602904 20.644797 141.871102 -43.542002 -53.601322 -270.125613 -52.977109 
-10.515317 15.925947 7.872543 -2.524463 15.329529 3.047757 20.188120 137.791837 -44.692602 29.396567 -53.644856 -40.316679 
-10.552556 16.272978 7.933865 -3.915978 15.911927 3.186868 19.706561 133.638220 -45.860283 -16.267870 -138.023412 -19.052361 
-10.620384 16.563026 7.995037 -1.757598 15.637701 2.181630 19.220417 129.438683 -46.990422 -21.682700 -60.305088 -87.333125 
-10.627162 16.880455 8.040142 -0.685239 18.109133 2.253604 18.683248 125.048116 -47.981003 -12.888517 -42.892151 -78.960499 
-10.731187 17.220179 8.085971 0.540934 14.481358 2.228453 18.173484 120.656297 -48.960194 -23.840248 -49.793844 -85.356317 
-10.703769 17.581824 8.126112 -1.547262 18.530814 1.862553 17.575345 116.062596 -49.846960 -23.946217 -220.389234 -11.275796 
-10.755707 17.943682 8.165546 -1.319287 17.668981 1.930871 16.999608 111.448434 -50.690469 -66.791207 -113.320052 -121.391911 
-10.778295 18.301003 8.182861 -0.756364 18.917568 1.340801 16.389846 106.729766 -51.469938 -31.077339 -240.432784 -35.148373 
-10.830201 18.682199 8.205249 -0.856313 18.036757 1.127015 15.673022 101.843559 -52.219959 34.947365 -22.548542 -76.510170 
-10.843943 19.090669 8.218120 -4.148659 19.646187 0.519329 14.942520 96.858004 -52.832692 -36.850778 -252.521537 -27.343539 
-10.882765 19.458353 8.218230 -2.001951 18.599588 -0.023512 14.202016 91.889773 -53.394602 16.940115 -45.775447 -47.273453 
-10.892312 19.841391 8.215562 -0.306294 21.151154 -0.432702 13.387623 86.707459 -53.800546 -8.291300 -29.597290 -34.373305 
-10.918439 20.270989 8.197051 -2.413650 20.135224 -1.226310 12.526737 81.465056 -54.046286 -42.890152 -265.939153 -9.432806 
-10.949217 20.641286 8.159130 0.226815 19.728914 -1.951484 11.656325 76.022118 -54.232984 16.828895 -46.996100 -44.324738 
-10.940014 21.076068 8.110229 -1.177180 22.709230 -2.927465 10.705162 70.432153 -54.290287 -7.989486 -52.293814 -79.705400 
-10.988490 21.519859 8.046261 -0.780660 20.600353 -3.386851 9.675879 64.774349 -54.211872 -24.727141 -73.702102 -91.393783 
-10.954548 21.978920 7.968057 -0.726234 23.627253 -4.512807 8.564491 58.986038 -53.887696 -14.596462 -42.879104 -79.764426 
-10.969029 22.416513 7.871227 -0.310661 23.531195 -5.473748 7.414554 53.057246 -53.328702 -27.725156 -50.288023 -87.975875 
-10.957611 22.848519 7.751872 2.034000 23.211976 -6.646871 6.277801 47.054492 -52.587292 -116.500170 -37.506720 -157.003421 
-10.950697 23.351876 7.599329 -0.720911 23.796776 -8.185217 4.994390 40.949430 -51.579411 -6.947952 -54.820609 -48.411086 
-10.948629 23.804541 7.425928 1.197216 23.107341 -9.146295 3.744120 34.780636 -50.264767 79.782897 13.560940 -139.480781 
-10.963173 24.265243 7.230790 0.681568 21.452534 -10.592544 2.326940 28.560372 -48.641926 -23.955509 -24.940692 1.341417 
-10.919482 24.713801 6.999387 2.354368 22.535176 -12.013929 0.829402 22.379029 -46.636057 59.097677 -66.820686 -35.307474 
-10.865124 25.226852 6.737932 0.250544 22.137815 -14.291078 -0.772115 16.216206 -44.319658 -46.706161 -239.791871 192.893080 
-10.814482 25.623862 6.440322 2.650430 22.822934 -16.069997 -2.346276 10.062377 -41.607499 26.892383 -56.054369 -30.868241 
-10.766563 26.063658 6.099863 3.322746 20.732213 -17.761762 -4.109619 4.067039 -38.522552 -29.408123 -50.925729 -88.924110 
-10.728463 26.489751 5.728197 3.287583 19.844890 -19.403194 -5.886094 -1.710904 -35.022147 -108.729340 -188.602214 210.512631 
-10.671116 26.880192 5.330091 4.092940 19.153844 -20.589187 -7.704735 -7.239089 -31.187112 -88.428978 -269.082098 193.422134 
-10.611542 27.253720 4.901011 2.786998 17.225076 -22.125111 -9.516703 -12.427544 -27.085428 -33.294354 -56.870288 -90.829660 
-10.543291 27.600211 4.456130 2.789979 16.464986 -22.700983 -11.343563 -17.364800 -22.767446 -32.425305 -61.683901 -92.767240 
-10.497721 27.949719 3.994190 0.423997 14.052097 -23.533725 -13.135285 -21.931903 -18.179641 -7.984652 -58.600200 -80.655319 
-10.421696 28.183290 3.525402 1.794802 12.910592 -23.561030 -14.981622 -26.019979 -13.480934 -32.638771 -62.358965 -92.928560 
-10.373679 28.422647 3.055774 2.310048 10.728745 -23.105647 -16.764420 -29.889834 -8.659229 -4.636859 -226.181670 59.844073 
-10.324008 28.649208 2.590414 0.942691 9.247815 -23.277942 -18.485452 -33.462635 -3.785129 -20.620313 -253.770894 -33.190257 
-10.280592 28.832586 2.126561 2.021053 9.107006 -22.759216 -20.170351 -36.681563 1.082555 43.157496 -18.185953 -78.546746 
-10.240157 28.954548 1.675448 3.413976 6.553922 -21.909403 -21.757850 -39.589285 5.985856 -32.747026 -69.426677 -93.515865 
-10.201764 29.137040 1.236409 0.914242 6.431433 -21.075538 -23.396559 -42.240466 10.820155 32.407157 -23.855748 -83.478129 
-10.140866 29.256394 0.819680 0.074759 6.327496 -19.937561 -24.887965 -44.579487 15.688218 -11.284711 -56.822111 -82.496657 
-10.087606 29.371417 0.421698 -0.372544 6.264027 -19.224739 -26.385097 -46.782864 20.443032 -30.946090 -79.920104 -96.775364 
-10.107382 29.471311 0.036807 -0.980840 3.489351 -18.376250 -27.878458 -48.752540 25.150673 -36.928436 -241.152357 -68.332071 
-10.117060 29.560671 -0.327463 -1.280324 1.980623 -17.974454 -29.267685 -50.509679 29.804844 29.022245 -20.174746 -89.581351 
-10.124424 29.586412 -0.670923 0.532594 1.766669 -16.661598 -30.695131 -52.110020 34.342428 -36.758694 -76.621979 9.573676 
-10.106444 29.609147 -1.005547 2.821325 1.746086 -16.411481 -31.952029 -53.457723 38.783553 -34.560829 -71.494184 -95.152118 
-10.073191 29.660333 -1.327125 2.149688 3.694520 -15.694954 -33.203819 -54.779734 43.108148 58.581527 -65.384672 -27.445013 
-10.073963 29.753768 -1.629540 -1.415762 4.839119 -15.216413 -34.440841 -55.886872 47.406756 77.484110 -77.035828 -18.078806 
-10.087066 29.839472 -1.916363 -3.067105 5.358178 -13.927788 -35.614046 -56.884261 51.645170 -33.991140 -93.192214 -100.918570 
-10.160031 29.896401 -2.188725 -3.641352 3.082199 -13.278003 -36.772801 -57.714283 55.760871 -16.394686 -44.122904 -81.541987 
-10.248961 29.925081 -2.440141 -2.991433 -0.751599 -12.586699 -37.918282 -58.421747 59.741650 -52.131919 -242.171736 132.708016 
-10.313095 29.947098 -2.679218 -1.566790 -1.234920 -12.007982 -38.979852 -59.044879 63.700728 -34.880111 -94.597011 -101.666031 
-10.344317 29.953572 -2.902369 0.370832 -0.264679 -11.249515 -40.032302 -59.591312 67.569174 -17.297466 -49.579235 -23.472733 
-10.331570 29.968404 -3.121702 1.623440 3.494891 -11.461356 -40.985876 -60.049937 71.359644 -8.817315 -37.794042 -51.984839 
-10.360432 30.055122 -3.336082 -1.488242 5.494771 -10.308452 -42.012394 -60.380685 74.980056 -40.129543 -109.828687 -111.600766 
-10.393208 30.150097 -3.520078 -4.092069 6.668539 -9.783922 -42.964918 -60.691516 78.547965 -35.906580 -7.998358 -39.763880 
-10.479777 30.251023 -3.702759 -6.475329 4.275206 -9.489932 -43.827072 -60.881902 81.997103 -33.004088 -48.585511 -89.179167 
-10.619672 30.323023 -3.868729 -7.788682 0.289622 -8.782982 -44.697339 -60.919178 85.520496 -37.777392 -107.264806 -111.852113 
-10.718933 30.317199 -4.024231 -6.055899 -0.019404 -7.600330 -45.573864 -60.970647 88.895879 50.850339 11.247657 -144.920416 
-10.777140 30.271131 -4.166312 -2.000639 0.085028 -7.520763 -46.429696 -60.889920 92.168948 -18.490527 -13.478744 -56.187555 
-10.831930 30.257162 -4.297953 -0.737263 0.884592 -6.733655 -47.215569 -60.820217 95.353607 -36.650239 -86.631942 -101.061833 
-10.812713 30.299857 -4.424738 -2.601595 4.175806 -6.780899 -47.978945 -60.648273 98.484938 -39.445130 -77.561192 -99.601359 
-10.856204 30.347926 -4.552317 -3.606765 5.416765 -6.153839 -48.712240 -60.419811 101.532870 -23.625696 -45.503423 -84.108857 
-10.648219 30.341253 -4.662912 -3.245359 32.050464 -6.722493 -49.456585 -60.177089 104.520385 -23.978891 -17.305927 -29.819645 
