# MW x(kpc), MW y(kpc), MW z(kpc), MW vx(km/s), MW vy(km/s), MW vz(km/s) LMC x(kpc), LMC y(kpc), LMC z(kpc), LMC vx(km/s), LMC vy(km/s), LMC vz(km/s) 
-2.772673 1.516892 1.017509 -2.871753 2.297225 1.228736 12.008039 243.787740 129.894255 11.721803 12.181709 -76.444348 
-2.834391 1.540345 1.032385 -2.606044 0.446063 0.754271 12.344255 244.107467 128.316826 12.361071 13.299879 -77.206197 
-2.873332 1.573720 1.058216 -3.073997 0.379156 1.377965 12.532027 244.236474 126.760737 12.396481 13.203199 -76.913292 
-2.891287 1.601427 1.089434 -3.056289 2.764370 1.520708 12.744158 244.458698 125.164852 12.131195 13.090422 -77.682808 
-2.929518 1.615665 1.116592 -1.338303 2.863499 1.418322 12.986690 244.694570 123.582238 13.890115 14.244993 -78.304517 
-3.001254 1.668973 1.144661 -2.545315 1.869401 1.199164 13.174037 244.811687 122.065345 14.154454 14.521505 -79.160914 
-3.066563 1.736802 1.174252 -4.729042 1.327370 1.561516 13.438021 244.948477 120.460402 13.196097 4.835161 -76.557186 
-3.150048 1.736535 1.207524 -1.508974 -0.258732 1.547920 13.588262 245.012838 118.815771 11.382615 1.909526 -81.042410 
-3.190902 1.793708 1.243381 -2.283871 1.138942 1.189649 13.772247 245.055972 117.174967 17.715655 7.591329 -92.142944 
-3.230473 1.836361 1.285713 -0.284144 1.632931 1.434047 14.023454 245.039178 115.485026 10.475405 6.723835 -80.722297 
-3.267039 1.902688 1.318201 -0.482721 2.719917 1.478395 14.230185 245.089083 113.805130 10.574708 8.201213 -79.729902 
-3.354286 1.949797 1.360707 1.150277 -0.099308 2.341035 14.462481 245.088672 112.135344 10.201074 9.475406 -71.023689 
-3.337473 2.068018 1.409081 -2.672091 4.239761 2.092781 14.698538 245.068201 110.488789 11.176575 13.398830 -76.425197 
-3.364483 2.171652 1.456228 -4.559685 6.307128 2.535016 14.854912 245.042216 108.770676 10.244020 6.304698 -80.564520 
-3.448014 2.254255 1.505198 -3.477901 3.814276 2.492667 15.071207 244.963510 107.055707 18.879185 16.421887 -79.479175 
-3.508496 2.312827 1.562438 -1.632592 3.011298 2.644940 15.253790 244.848496 105.365240 24.484195 -5.442039 -74.920312 
-3.523839 2.382074 1.619395 -0.577390 4.937187 2.733638 15.525501 244.703948 103.701352 5.058630 7.267010 -81.669853 
-3.565012 2.483258 1.669627 -1.574762 4.389692 2.594890 15.745958 244.556122 101.936221 8.924419 0.908449 -83.770911 
-3.605898 2.604414 1.724129 -2.824167 4.733867 2.670124 15.926934 244.329361 100.205369 -12.008722 10.191403 -78.990682 
-3.634217 2.667061 1.777008 0.985184 6.089052 3.171173 16.125067 244.059261 98.414650 3.058889 6.888938 -82.942067 
-3.664480 2.804235 1.843081 -2.242694 6.586084 3.201930 16.367715 243.847251 96.593183 -20.222819 -77.208100 -91.757795 
-3.696279 2.891762 1.908780 -0.136637 7.162855 3.162897 16.534297 243.557697 94.840306 -6.809042 -33.051624 -111.158678 
-3.740928 3.045138 1.973173 -3.105082 7.512624 3.229648 16.743408 243.309997 93.022203 14.155031 11.309643 -72.853566 
-3.827636 3.153083 2.032011 -1.431049 4.978142 3.240864 16.954081 242.972525 91.200991 13.767300 10.071606 -71.909926 
-3.858955 3.266998 2.099954 -1.448279 6.348692 3.718954 17.161580 242.598535 89.475072 24.770293 7.197707 -73.451070 
-3.883823 3.409630 2.179615 -2.552877 7.012439 3.566640 17.356739 242.231259 87.587598 7.451196 10.732643 -78.931657 
-3.925431 3.558716 2.248027 -2.787846 7.364620 4.154642 17.560215 241.760734 85.796367 -0.770639 6.013141 -84.896175 
-3.980660 3.692017 2.333872 -2.507025 7.203171 4.262382 17.715016 241.316202 83.885705 16.850596 -39.076895 -82.356667 
-3.996798 3.804538 2.410583 -0.506755 8.171838 4.043146 17.901171 240.816410 82.012271 7.294154 11.952226 -78.458971 
-4.002583 3.976192 2.479608 -2.076181 10.387391 4.325074 18.055559 240.348482 80.112035 18.295434 15.154104 -78.734071 
-4.062417 4.152522 2.569892 -2.482800 8.806805 3.947375 18.237451 239.762751 78.242228 26.242768 -84.724385 -58.300093 
-4.118310 4.299406 2.646386 -1.919247 6.902517 3.968152 18.354850 239.218357 76.419345 21.808973 -44.943835 -89.636663 
-4.140257 4.463518 2.730364 -1.896365 8.764851 3.950982 18.502392 238.553905 74.553083 -2.928977 7.568810 -85.186919 
-4.194393 4.655172 2.811159 -3.592855 7.562120 3.791250 18.650903 237.939879 72.645592 23.147942 3.108840 -60.409345 
-4.243011 4.809677 2.888660 -2.735313 7.746785 4.080129 18.829405 237.260149 70.664739 -21.180493 -56.062476 -46.065833 
-4.317473 4.962857 2.968477 -0.859539 6.559271 3.399872 19.048266 236.564615 68.731534 3.634691 10.730482 -83.232508 
-4.362567 5.147295 3.039696 -1.657575 6.430161 4.112797 19.197310 235.769883 66.797980 31.194977 4.176075 -71.631302 
-4.378849 5.312916 3.132749 -1.515045 7.858005 4.833025 19.394272 235.023158 64.903754 -41.390978 -76.189593 -97.964310 
-4.413981 5.513011 3.223513 -2.716980 7.931297 3.942846 19.447080 234.191083 62.924964 0.682168 10.013759 -84.667235 
-4.485125 5.679651 3.303489 -0.485566 5.907038 4.834242 19.599136 233.336269 60.967866 -19.117259 14.906096 -64.011721 
-4.480020 5.893147 3.397635 -2.918616 9.667131 4.747127 19.671661 232.398147 58.956454 10.199460 15.054660 -83.094003 
-4.495824 6.070464 3.489549 -1.768276 10.800829 4.224836 19.846109 231.478144 56.975776 -8.092824 1.858968 -89.605070 
-4.552308 6.298859 3.570580 -3.053229 9.959805 4.036711 19.945149 230.451603 54.946260 6.008487 -7.995602 -88.165847 
-4.563621 6.513928 3.657414 -3.558382 12.505927 4.300650 20.132059 229.424295 52.985208 -15.895398 -91.272784 -66.589904 
-4.627104 6.715022 3.747938 -2.865074 10.710608 4.413295 20.187906 228.423372 50.985799 -6.221189 6.561047 -84.883888 
-4.661954 6.916433 3.838707 -1.025469 11.265587 4.756758 20.337310 227.377522 49.035041 -4.061661 -25.478137 -99.759648 
-4.722796 7.147863 3.932030 -1.291645 9.717460 4.753769 20.424420 226.354979 46.970819 4.496080 -54.062581 -103.840461 
-4.762913 7.367925 4.024256 0.160235 9.958374 4.257653 20.537447 225.209730 45.003698 -8.053097 -4.192768 -90.940796 
-4.755814 7.628679 4.121098 -1.529899 13.372527 5.055943 20.678858 223.988738 42.916590 -14.396482 -170.422539 7.552046 
-4.800781 7.890248 4.216284 -2.759703 11.985546 4.969263 20.739603 222.731980 40.866396 -1.338798 -10.360996 -86.958244 
-4.833965 8.128575 4.321223 -1.705255 13.065523 5.276358 20.802672 221.421506 38.762051 37.700778 26.733707 -87.552222 
-4.876351 8.356028 4.426096 -0.203918 11.782417 4.493522 20.921564 220.157168 36.771403 42.522842 -104.370998 -51.186575 
-4.893956 8.657337 4.513646 -2.928534 13.018959 4.621826 21.051632 218.767940 34.602145 8.852737 -72.892866 -109.411078 
-4.934902 8.888105 4.607108 0.384615 13.361196 5.594644 21.165421 217.344935 32.578982 15.487444 8.373640 -66.131421 
-4.956771 9.175410 4.721464 -1.857777 15.080123 4.990387 21.135394 215.924428 30.541592 31.100730 -3.118513 -49.954804 
-4.984140 9.443572 4.815066 -0.549485 14.231513 5.072715 21.173314 214.413965 28.526726 -0.212522 1.054282 -84.949646 
-4.990231 9.743488 4.917790 -1.783254 16.771194 4.717230 21.266684 212.917043 26.435893 -32.019135 -155.126198 -115.955101 
-5.065507 10.043472 5.008231 -2.384553 14.262188 4.549123 21.335051 211.342216 24.412051 29.574607 -3.417512 -47.696293 
-5.136777 10.307014 5.101343 0.004228 11.704316 4.719076 21.428301 209.741920 22.292983 -36.368590 -189.180655 19.837809 
-5.099551 10.627857 5.191163 -2.389510 16.725208 4.363874 21.509111 208.034900 20.179014 41.289709 1.543041 -59.303839 
-5.147565 10.914047 5.279584 -0.551949 15.923175 4.436064 21.517255 206.306850 18.031224 6.546740 -175.079233 -106.669038 
-5.174974 11.244536 5.370112 -1.099098 17.096125 4.533544 21.510382 204.546638 15.964880 0.612956 10.802368 -82.032710 
-5.212291 11.562840 5.466478 -1.084868 16.164871 4.981270 21.478931 202.775026 13.873594 4.908454 -120.103696 -130.021073 
-5.216126 11.916923 5.558905 -2.779606 17.572717 4.689149 21.466025 200.784749 11.870812 -6.543463 7.843616 -89.626715 
-5.237640 12.261473 5.651023 -1.786111 17.531804 4.866174 21.478286 198.912753 9.777553 -7.831928 6.539659 -89.472173 
-5.248199 12.625288 5.743396 -2.754445 19.324261 4.422815 21.516259 196.863931 7.681988 -20.065681 -5.042770 -96.832197 
-5.248740 12.949316 5.829876 -0.831786 20.673028 4.436623 21.557436 194.880709 5.528086 -16.683069 -11.047319 -96.821440 
-5.279825 13.333560 5.917848 -1.717299 18.911786 3.993602 21.560967 192.792231 3.469818 -14.654476 -13.070122 -97.661734 
-5.304365 13.693029 5.997616 -0.037105 18.547878 4.531201 21.490234 190.708197 1.379497 -58.808843 -78.649450 -146.879125 
-5.316351 14.061357 6.089369 -0.043289 19.720978 4.144300 21.447250 188.453898 -0.692497 23.201763 -49.625640 -55.962358 
-5.368428 14.447264 6.166126 0.347407 16.643897 4.060004 21.385402 186.225305 -2.804946 -42.399104 -254.250743 -28.873197 
-5.367754 14.833629 6.255403 0.345272 17.432558 4.201349 21.276904 183.905405 -4.884107 47.861632 30.265401 -88.672892 
-5.367965 15.213367 6.334808 0.925953 19.062701 4.034775 21.222865 181.508711 -6.965448 18.303483 0.440400 -55.944106 
-5.365902 15.632978 6.410204 -0.299861 19.905630 4.111834 21.238198 179.057891 -8.984183 -64.783761 -185.454629 -8.085384 
-5.348404 16.011939 6.494778 2.087112 21.258284 3.889359 21.138610 176.558749 -11.051285 -32.001235 -124.035254 -93.736296 
-5.386023 16.470867 6.578387 -0.705219 19.996467 4.286579 21.014703 173.960219 -13.109348 51.927213 36.856450 -103.520809 
-5.381554 16.851858 6.647409 2.575447 21.094024 4.028597 20.883018 171.359709 -15.115561 16.952729 -216.377288 -48.549896 
-5.371487 17.301655 6.726155 0.117898 22.811276 3.639869 20.724745 168.623661 -17.103019 51.760091 0.412861 -58.676159 
-5.405219 17.769848 6.788512 -1.383020 20.136046 3.279600 20.631539 165.864779 -19.158750 -5.418511 7.808520 -89.803803 
-5.362072 18.209378 6.861228 -0.193473 24.978042 3.202217 20.528311 163.031899 -21.113123 -25.677842 -13.742020 -101.668887 
-5.366713 18.649993 6.913644 1.297481 24.501546 2.726285 20.334472 160.095921 -23.061225 -21.622951 1.104570 -91.661498 
-5.363789 19.136401 6.975706 0.405370 24.326672 2.758872 20.182972 156.993171 -24.975823 -97.249621 -104.282648 -70.627895 
-5.353211 19.588554 7.029641 3.629482 25.625183 2.889875 19.944324 153.936575 -26.917239 37.992600 -10.518232 -34.159060 
-5.332191 20.104099 7.086633 0.775184 25.543969 2.205953 19.744225 150.756449 -28.790576 25.928233 -4.312556 -38.378766 
-5.309526 20.585662 7.130749 1.789949 27.013266 1.760477 19.491889 147.505067 -30.699884 -11.058638 -166.798199 -93.872774 
-5.293951 21.097798 7.172385 1.847698 27.454593 1.712927 19.239853 144.234090 -32.567529 19.692430 -1.433555 -50.883903 
-5.303093 21.632715 7.202435 1.116456 26.097285 2.004058 19.029671 140.771700 -34.405022 -10.534722 -232.048445 6.129383 
-5.274666 22.152974 7.235747 1.983781 27.974569 1.385030 18.748150 137.246146 -36.216879 31.869207 -10.097031 -33.459777 
-5.285049 22.669632 7.269714 3.492413 26.712689 1.314744 18.387379 133.577931 -38.002877 -58.654558 -229.478005 -56.928667 
-5.275669 23.270750 7.283715 0.953534 25.781326 0.815913 18.131875 129.888051 -39.654415 -6.806308 -152.294325 -15.343385 
-5.218080 23.830882 7.297177 1.876383 29.759645 0.534628 17.807740 126.009334 -41.292062 -44.092116 -185.594431 20.374855 
-5.198934 24.446364 7.303923 1.200200 30.277370 0.148611 17.419418 122.142243 -42.922462 -14.855410 5.575501 -95.380695 
-5.176236 25.027086 7.299963 3.921674 30.854811 -0.173898 16.964884 118.125131 -44.433777 -24.694254 -177.619264 -85.812559 
-5.162515 25.635972 7.286381 2.889048 30.525930 -1.003711 16.592823 113.954727 -45.941932 -24.522185 -1.481896 -94.367367 
-5.114632 26.283016 7.259893 1.901424 32.389062 -1.051937 16.122004 109.759994 -47.367332 43.805783 30.712234 -83.796019 
-5.043377 26.929351 7.225485 2.950444 34.431899 -2.055060 15.668818 105.417534 -48.642612 61.904011 39.223146 -96.695526 
-4.986075 27.612089 7.167769 2.962048 35.148146 -3.084662 15.125622 100.969224 -49.911294 21.109060 5.879100 -59.320515 
-4.988987 28.296823 7.099456 3.009950 33.280548 -3.487117 14.559440 96.362991 -50.995556 -96.483427 -36.320171 -127.875414 
-4.929577 28.999315 7.009191 2.733892 34.110258 -5.223109 13.865622 91.642273 -52.046281 -52.561868 -226.627654 -63.152941 
-4.862212 29.728419 6.892695 2.116118 34.749388 -5.448935 13.205432 86.742767 -52.948404 -64.962180 -186.753791 -15.903352 
-4.791334 30.429306 6.760615 4.086060 36.257029 -7.125227 12.569105 81.748659 -53.669669 63.249496 -6.285565 -48.078764 
-4.707954 31.198593 6.609094 2.488597 37.660391 -8.065762 11.922350 76.743620 -54.243058 -7.162210 9.506227 -84.515890 
-4.641751 31.941107 6.418031 3.700699 37.215613 -10.269752 11.201430 71.559064 -54.659191 -58.918119 -267.451376 -25.781683 
-4.535770 32.703825 6.200556 4.342181 38.730508 -11.554993 10.423334 66.254961 -54.873377 -28.901510 -3.166644 -96.042915 
-4.433974 33.498923 5.945703 3.953645 39.236764 -13.461833 9.546472 60.856527 -54.876696 22.371827 31.900433 -104.868574 
-4.339449 34.264826 5.660063 5.208242 40.286591 -15.467611 8.644040 55.290251 -54.731008 -47.099651 -270.642134 19.081071 
-4.202432 35.052690 5.333009 6.075173 41.865653 -17.378064 7.701779 49.731623 -54.313016 43.815429 -6.189535 -61.594555 
-4.104001 35.890110 4.960582 3.979999 40.117124 -19.187040 6.664879 44.036605 -53.504999 24.414775 35.638480 -104.870118 
-3.973069 36.663718 4.545151 5.589783 39.555219 -22.314455 5.633731 38.442605 -52.462612 -53.490472 -282.587748 50.992079 
-3.845736 37.443343 4.084537 5.721239 38.793870 -24.819585 4.445968 32.723215 -51.083842 -26.260177 -2.730097 -97.649707 
-3.698139 38.188098 3.555101 7.579302 38.995434 -27.364319 3.296127 27.086270 -49.381875 72.804485 47.750023 -110.030063 
-3.552999 38.910859 2.993531 8.215659 37.536879 -29.184311 2.092545 21.600601 -47.267739 -42.418040 -24.822760 -112.600625 
-3.378786 39.625012 2.393302 8.055204 37.275812 -31.200062 0.852976 16.205199 -44.906816 -34.467966 -309.918078 83.854392 
-3.254493 40.344625 1.740947 6.898798 33.768869 -33.220416 -0.391213 11.013530 -42.222212 -9.728840 8.896750 -85.540991 
-3.120023 40.996898 1.052643 7.750485 31.856404 -35.311775 -1.670061 6.088482 -39.261344 -26.459550 -221.199208 -16.302282 
-2.990603 41.595139 0.337104 7.729025 28.885532 -36.333110 -2.982143 1.321003 -35.955404 -66.677052 -223.666414 167.256883 
-2.838428 42.133422 -0.408596 9.707878 27.255511 -37.911055 -4.322389 -3.212573 -32.524609 -33.876954 -5.432880 -98.726342 
-2.665992 42.697776 -1.178869 7.131949 26.904763 -38.465040 -5.601710 -7.441238 -28.834114 -71.622932 -270.093439 161.789466 
-2.550575 43.193497 -1.959089 6.990846 22.324912 -39.077538 -6.877412 -11.279430 -24.989683 -56.332441 -277.308619 163.077854 
-2.397363 43.637867 -2.743959 6.454600 21.919673 -39.293781 -8.074698 -14.910771 -21.074513 -47.652642 34.966719 167.206888 
-2.307723 44.049946 -3.541994 6.623184 18.388439 -39.275733 -9.326566 -18.258484 -17.073784 -46.389706 -205.135736 -32.419978 
-2.161627 44.431037 -4.335199 6.670474 17.662139 -39.571488 -10.518611 -21.195746 -13.027381 -8.254754 -60.570014 -112.925760 
-2.047432 44.772576 -5.131626 6.871878 15.466515 -39.560284 -11.609843 -24.008564 -8.929862 -71.185720 -198.856750 -94.558927 
-1.929555 45.100886 -5.929219 6.677639 15.371341 -39.415799 -12.819002 -26.456556 -4.826620 -68.996866 -123.205895 -117.846581 
-1.845239 45.410873 -6.708981 4.717690 12.972974 -38.810191 -13.798213 -28.770424 -0.864114 -17.531060 4.764580 -97.969819 
-1.716311 45.650093 -7.480878 4.804652 13.258018 -37.862630 -14.811975 -30.796284 3.192426 -29.840825 -80.326124 -95.650386 
-1.654687 45.888650 -8.231833 5.048686 11.445989 -37.677368 -15.806531 -32.574730 7.164172 -64.419544 -198.867969 111.515772 
-1.604844 46.113932 -8.962189 3.397333 9.160915 -35.978443 -16.796093 -34.090176 11.122609 -27.132705 1.202865 -103.008487 
-1.530525 46.325611 -9.671796 1.629135 8.077247 -34.644843 -17.637989 -35.627045 15.049882 25.909948 -21.279813 82.764912 
-1.488814 46.467063 -10.345165 3.472211 6.855626 -33.451729 -18.552249 -36.941876 18.861133 52.972594 -17.970308 62.696041 
-1.455650 46.602201 -11.005485 3.825942 4.507298 -32.237068 -19.372154 -38.120177 22.553391 -77.566899 -171.484890 153.470464 
-1.398159 46.740004 -11.645159 3.669333 4.860877 -31.744317 -20.170736 -39.067032 26.262589 79.613496 43.124582 -97.709004 
-1.324106 46.857632 -12.260974 3.893639 6.056874 -30.023785 -21.009048 -39.830625 29.844988 35.277848 -13.949891 -14.211098 
-1.297085 46.973542 -12.850559 2.616970 4.785069 -28.956989 -21.709854 -40.504622 33.337088 -13.900942 8.108496 -87.363358 
-1.242737 47.086474 -13.422966 2.278910 5.188633 -27.753621 -22.453664 -40.984310 36.768992 93.193132 -70.948554 67.991398 
-1.226514 47.169960 -13.981571 1.727453 4.436676 -27.297691 -23.144483 -41.434585 40.068055 45.015958 24.265833 -89.198059 
-1.206903 47.257706 -14.503409 0.578148 3.576765 -26.200680 -23.706293 -41.815762 43.323281 -73.510480 -221.519414 23.045914 
-1.183176 47.309984 -15.017672 1.761190 1.385655 -25.240204 -24.385472 -41.885389 46.424790 42.940046 -121.418038 6.306718 
-1.113774 47.341273 -15.510972 2.087132 3.760872 -24.849863 -24.955999 -41.950440 49.543919 -0.856226 -205.601425 -6.720461 
-1.108476 47.397724 -15.994762 2.042202 2.126442 -23.424109 -25.512303 -41.888091 52.467686 28.140713 -11.261582 -29.275480 
-1.073514 47.429139 -16.453020 2.175057 2.503580 -22.710077 -26.086490 -41.709879 55.461799 -53.598176 -8.779957 -106.442347 
-1.062941 47.504059 -16.891181 -0.255322 2.383605 -21.720124 -26.522225 -41.563676 58.292851 29.398992 124.563642 -56.279286 
-1.070145 47.529975 -17.309650 -0.107502 1.585944 -20.493982 -27.022340 -41.178205 61.116663 86.648000 -15.080381 -35.945605 
-1.068282 47.579577 -17.713623 -1.803408 2.919557 -19.616627 -27.423254 -40.813973 63.801283 -55.018127 -9.281061 -107.263176 
-1.087200 47.594962 -18.097022 -1.510459 1.724884 -18.120724 -27.833325 -40.389998 66.343568 -103.592504 -17.410174 -25.544780 
-1.125062 47.624445 -18.460338 -2.518350 -0.517116 -17.959853 -28.268250 -39.813743 68.821933 -20.847153 3.545590 -96.218646 
-1.156833 47.612434 -18.810176 -1.027488 -1.651665 -16.693441 -28.610443 -39.293668 71.245767 -11.145059 -75.141216 -119.391970 
-1.143774 47.633015 -19.143842 -1.379603 -1.317354 -15.950954 -29.061690 -38.577363 73.535691 -15.921084 -106.955323 -46.816367 
-1.154816 47.614736 -19.455566 0.597336 0.022913 -15.334197 -29.360748 -37.787620 75.828427 34.218661 -69.889722 74.471426 
-1.166063 47.640985 -19.757422 -0.751086 0.624115 -13.996345 -29.683935 -36.951945 77.956416 -20.200021 -86.916668 -50.258963 
-1.171392 47.654508 -19.983547 -1.642039 1.449128 -13.147770 -29.983875 -35.959152 80.079101 28.728998 21.769820 -252.366477 
