# MW x(kpc), MW y(kpc), MW z(kpc), MW vx(km/s), MW vy(km/s), MW vz(km/s) LMC x(kpc), LMC y(kpc), LMC z(kpc), LMC vx(km/s), LMC vy(km/s), LMC vz(km/s) 
1.058938 2.252329 -0.066267 0.738544 2.089928 0.043238 12.308877 237.842848 129.914284 12.358301 12.739895 -77.119929 
1.076302 2.295311 -0.063756 0.841629 2.273131 0.192206 12.513421 238.065051 128.377240 12.306924 11.487509 -77.807475 
1.095773 2.342376 -0.058614 0.894635 2.601731 0.334856 12.777298 238.264045 126.776120 12.243165 10.208547 -78.512518 
1.115669 2.396797 -0.050001 0.793373 2.744146 0.499843 13.019113 238.486222 125.146324 12.177520 8.937357 -79.189868 
1.140440 2.453000 -0.038306 0.926008 2.889549 0.666907 13.271755 238.588322 123.596897 12.107034 7.656710 -79.847145 
1.161024 2.509367 -0.023572 1.125946 3.191101 0.841124 13.527753 238.763021 122.041276 12.032022 6.384048 -80.510209 
1.185881 2.571671 -0.005671 1.122245 3.362072 0.953242 13.688307 238.844316 120.398162 11.929040 5.089363 -81.154163 
1.208696 2.638953 0.014278 1.272414 3.495985 1.041404 13.966322 238.988768 118.793834 11.850323 3.773379 -81.804206 
1.238148 2.713495 0.036595 1.206035 3.670767 1.151297 14.221154 239.016108 117.153643 11.763128 2.466727 -82.447924 
1.267316 2.782860 0.060307 1.326887 3.843792 1.248304 14.397098 239.073898 115.517206 11.673369 1.152398 -83.094071 
1.295432 2.863056 0.085421 1.323684 4.060160 1.271767 14.641507 239.058193 113.831992 11.576483 -0.188457 -83.740345 
1.321595 2.941784 0.111280 1.273751 4.201059 1.301084 14.874171 239.076962 112.142181 11.518614 -1.539787 -84.391493 
1.347895 3.027264 0.138324 1.306191 4.365033 1.396542 15.155820 238.950322 110.433072 11.435720 -2.919448 -85.030997 
1.379444 3.118551 0.167381 1.299821 4.672734 1.497152 15.373889 238.936854 108.740143 11.352932 -4.317528 -85.673812 
1.409247 3.211771 0.197892 1.254751 4.862349 1.529709 15.561488 238.785093 107.021697 11.276442 -5.699247 -86.309142 
1.437675 3.306274 0.228803 1.150015 5.017638 1.604010 15.785749 238.728620 105.380819 11.194830 -7.117518 -86.942033 
1.461916 3.405312 0.261188 1.244736 5.252559 1.608676 16.058325 238.533938 103.582023 11.106829 -8.559177 -87.582571 
1.489028 3.517105 0.292836 1.208622 5.606978 1.553494 16.264162 238.368560 101.803220 11.014273 -10.027133 -88.219738 
1.516846 3.625110 0.324103 1.210616 5.781283 1.582541 16.504938 238.149641 100.020094 10.926085 -11.485111 -88.840160 
1.544126 3.741351 0.356196 1.284859 5.869865 1.619451 16.696091 237.902034 98.223183 10.823509 -12.958180 -89.449842 
1.574374 3.860237 0.389114 1.503682 6.169657 1.680125 16.952767 237.601676 96.402799 10.711710 -14.449709 -90.084093 
1.607497 3.981727 0.422861 1.453811 6.494857 1.699234 17.107621 237.329139 94.684195 10.586036 -15.964508 -90.710153 
1.639464 4.105839 0.457148 1.553002 6.544962 1.759490 17.370573 237.030806 92.880499 10.459514 -17.477839 -91.321083 
1.674864 4.239021 0.492460 1.605483 6.794139 1.785487 17.536983 236.650065 91.031193 10.346249 -19.020911 -91.911388 
1.708437 4.372292 0.529879 1.661133 6.939280 1.960187 17.709615 236.238133 89.085591 10.226745 -20.578260 -92.502601 
1.747586 4.511873 0.570749 1.643426 7.262531 2.077732 17.944873 235.813509 87.232568 10.105784 -22.144387 -93.104438 
1.781774 4.655516 0.613081 1.589522 7.534808 2.125404 18.146653 235.347859 85.376762 9.965504 -23.728251 -93.673509 
1.815426 4.805716 0.656793 1.443951 7.734314 2.261624 18.349018 234.873738 83.512653 9.854927 -25.337702 -94.257153 
1.843898 4.954625 0.703439 1.502967 7.834594 2.393748 18.574107 234.365730 81.659786 9.717234 -26.983140 -94.829800 
1.880172 5.110175 0.752722 1.679426 8.101485 2.503862 18.754890 233.784694 79.727755 9.581305 -28.645621 -95.382320 
1.914652 5.268789 0.803670 1.827087 8.387252 2.644482 18.892187 233.134344 77.816781 9.443401 -30.349603 -95.924053 
1.953943 5.435206 0.858053 1.865621 8.727947 2.722402 19.057980 232.533989 75.903757 9.319745 -32.035252 -96.482255 
1.991082 5.610776 0.912955 1.841273 9.038150 2.802498 19.269537 231.888307 73.974301 9.179911 -33.760657 -97.028173 
2.032294 5.787956 0.969302 1.822094 9.300469 2.826562 19.467502 231.251162 72.009328 9.034611 -35.491296 -97.563780 
2.066888 5.970012 1.026349 1.901328 9.408500 2.892992 19.693137 230.468521 70.057422 8.890978 -37.261799 -98.088901 
2.104913 6.159206 1.084869 1.973825 9.637551 2.962853 19.797955 229.715093 68.074658 8.744533 -39.051647 -98.592048 
2.147309 6.349525 1.145306 2.027542 9.895638 3.109089 19.929762 228.908484 66.100736 8.573277 -40.898608 -99.075494 
2.190313 6.547807 1.209382 2.153908 10.245546 3.290399 20.170820 228.089706 64.102763 8.396716 -42.713375 -99.542155 
2.234291 6.751059 1.276922 2.171042 10.544837 3.453605 20.331795 227.229770 62.110665 8.229623 -44.587437 -100.005006 
2.275560 6.958283 1.348063 2.180818 10.718973 3.625214 20.536033 226.355899 60.149972 8.046631 -46.480564 -100.459426 
2.324937 7.169410 1.420459 2.277720 11.012938 3.668979 20.714418 225.393616 58.107959 7.883534 -48.410452 -100.908390 
2.366176 7.389791 1.494085 2.166010 11.204111 3.666658 20.847970 224.399209 56.110452 7.694709 -50.357542 -101.352841 
2.408257 7.612744 1.567241 2.183861 11.351320 3.649344 20.972018 223.322525 54.066724 7.497995 -52.346892 -101.774453 
2.456363 7.841184 1.640175 2.257822 11.674310 3.634916 21.107000 222.228348 52.002211 7.311188 -54.355120 -102.206654 
2.498409 8.072128 1.713721 2.397601 11.928960 3.707796 21.259398 221.127927 49.979493 7.135533 -56.395490 -102.615622 
2.546253 8.314322 1.786770 2.389686 12.270591 3.620992 21.428595 220.023918 47.917044 6.942404 -58.474220 -103.034338 
2.594933 8.556246 1.859434 2.496735 12.578456 3.671718 21.555951 218.855340 45.879883 6.753100 -60.580994 -103.436544 
2.644719 8.809432 1.934012 2.494923 12.909428 3.771723 21.706429 217.559552 43.763815 6.539621 -62.707310 -103.805149 
2.694217 9.069592 2.010173 2.428059 13.120437 3.843078 21.822699 216.293933 41.708783 6.324025 -64.892304 -104.165126 
2.742872 9.332020 2.087005 2.452817 13.327996 3.886325 21.948290 214.970852 39.631766 6.115366 -67.101038 -104.511640 
2.792754 9.598924 2.164997 2.492114 13.677450 3.898513 22.070156 213.600281 37.562352 5.892135 -69.341809 -104.838118 
2.842107 9.874113 2.243663 2.492677 13.971163 3.961935 22.126587 212.244271 35.413281 5.646600 -71.629429 -105.166269 
2.892932 10.155298 2.323543 2.483199 14.233515 4.057740 22.260910 210.807760 33.349299 5.398945 -73.950598 -105.494853 
2.941403 10.437365 2.405754 2.543271 14.530663 4.144647 22.347611 209.221692 31.248552 5.133778 -76.322612 -105.790566 
2.992831 10.731282 2.488905 2.586485 14.915113 4.150591 22.456001 207.725944 29.131303 4.886839 -78.710438 -106.100238 
3.045253 11.031645 2.571897 2.646437 15.275113 4.157941 22.562563 206.075537 26.967589 4.612586 -81.191394 -106.344102 
3.099039 11.335648 2.654160 2.757156 15.625447 4.058672 22.635484 204.457893 24.874575 4.342491 -83.695653 -106.594641 
3.156041 11.651811 2.735144 2.811914 16.038517 4.067399 22.739362 202.754178 22.756644 4.085541 -86.259382 -106.827586 
3.214796 11.975926 2.815750 2.900522 16.364753 3.985008 22.804700 201.070544 20.581137 3.790809 -88.874651 -107.037544 
3.272256 12.304523 2.895044 3.066807 16.687943 3.964032 22.833562 199.209736 18.462378 3.497306 -91.528894 -107.205943 
3.336097 12.642136 2.973918 3.091435 17.242317 3.934461 22.916275 197.327064 16.335114 3.191100 -94.255055 -107.351657 
3.399431 12.989014 3.053125 2.943974 17.554394 3.959103 22.980361 195.431682 14.169519 2.873378 -97.019052 -107.463684 
3.458247 13.338249 3.132301 3.149156 17.817000 3.998177 23.060120 193.461113 12.038111 2.547155 -99.863417 -107.531954 
3.523552 13.697068 3.212386 3.317816 18.417631 4.005148 23.123183 191.438414 9.860005 2.198882 -102.765581 -107.575602 
3.590355 14.069543 3.291650 3.227851 18.915361 3.930128 23.138482 189.350253 7.716743 1.850448 -105.737059 -107.582803 
3.657038 14.450070 3.370319 3.327903 19.246760 3.929628 23.160845 187.244411 5.550849 1.461060 -108.770652 -107.537755 
3.724030 14.834682 3.449874 3.441709 19.546077 4.010356 23.140351 184.977914 3.407410 1.085845 -111.882430 -107.441909 
3.795833 15.233342 3.528631 3.563489 20.079305 3.876482 23.209934 182.695117 1.247018 0.696171 -115.071957 -107.312229 
3.866413 15.636677 3.605316 3.509294 20.529306 3.758291 23.242257 180.386946 -0.824208 0.300653 -118.357354 -107.136040 
3.937919 16.052488 3.679811 3.413321 20.834032 3.708075 23.272954 178.022602 -3.058192 -0.104009 -121.727765 -106.903865 
4.009927 16.468382 3.752832 3.592451 21.327920 3.597203 23.273450 175.551230 -5.102122 -0.537881 -125.182529 -106.618134 
4.082329 16.900031 3.824474 3.575876 21.801431 3.573005 23.267006 173.036169 -7.305741 -0.999718 -128.723930 -106.269370 
4.156888 17.335437 3.894927 3.608002 22.204035 3.463841 23.199785 170.400119 -9.403413 -1.487551 -132.353480 -105.846590 
4.231403 17.784713 3.962609 3.663380 22.661586 3.295456 23.148681 167.773067 -11.514640 -1.993490 -136.111862 -105.354979 
4.306779 18.235419 4.026699 3.802863 23.070475 3.084345 23.110048 164.942670 -13.561663 -2.514584 -139.963722 -104.755562 
4.389856 18.698735 4.086110 4.006525 23.500108 2.888343 23.008400 162.103202 -15.718390 -3.065735 -143.925625 -104.077417 
4.472293 19.172967 4.142024 4.311880 24.042805 2.682325 22.948974 159.178612 -17.776253 -3.648120 -148.033125 -103.295039 
4.561768 19.657599 4.193918 4.460338 24.611532 2.527994 22.875382 156.148119 -19.810304 -4.232356 -152.234194 -102.417108 
4.651402 20.150622 4.242178 4.574582 25.072885 2.297408 22.777748 153.132755 -21.826845 -4.851971 -156.577978 -101.428914 
4.742482 20.649967 4.285624 4.658042 25.510834 2.051851 22.688063 149.859014 -23.841569 -5.487317 -161.061670 -100.292650 
4.841044 21.164084 4.324712 4.703917 26.016995 1.839653 22.595849 146.635481 -25.840419 -6.182001 -165.698508 -98.985842 
4.939531 21.688187 4.357553 4.790116 26.633245 1.462911 22.450097 143.305298 -27.864834 -6.899464 -170.484002 -97.530981 
5.031993 22.219421 4.383473 4.954544 27.219488 1.118186 22.292439 139.774916 -29.719426 -7.674692 -175.444150 -95.890860 
5.133028 22.767923 4.401975 4.979292 27.938192 0.711551 22.111046 136.308192 -31.680957 -8.466700 -180.574476 -94.062189 
5.234534 23.327725 4.412454 5.115834 28.570698 0.338414 22.039184 132.595729 -33.477702 -9.311925 -185.887843 -92.018354 
5.338732 23.902104 4.414475 5.237732 29.143772 -0.126876 21.826903 128.852089 -35.361348 -10.204374 -191.359782 -89.727169 
5.442453 24.487498 4.407507 5.511420 29.849096 -0.587037 21.566918 124.947570 -37.126990 -11.127994 -197.038153 -87.149836 
5.554343 25.089417 4.390506 5.694454 30.820826 -1.092783 21.298577 120.959754 -38.804590 -12.140013 -202.902322 -84.258588 
5.667520 25.708012 4.362932 5.751374 31.617249 -1.693287 20.983992 116.895128 -40.481156 -13.215715 -208.944141 -81.049276 
5.780984 26.345853 4.321386 5.901226 32.383410 -2.436630 20.768586 112.665603 -42.002849 -14.324662 -215.190525 -77.413830 
5.899805 26.996578 4.266219 6.093649 33.205682 -3.095901 20.495718 108.299485 -43.561240 -15.516059 -221.633993 -73.324996 
6.022899 27.667945 4.196583 6.227272 34.016170 -3.899013 20.254605 103.803096 -44.979291 -16.799621 -228.280482 -68.705843 
6.143628 28.351130 4.109742 6.336234 34.820595 -4.774926 19.855608 99.102902 -46.278163 -18.174126 -235.077398 -63.505475 
6.268732 29.053314 4.005751 6.437704 35.538719 -5.663248 19.492335 94.307366 -47.415798 -19.603322 -242.025428 -57.647722 
6.397631 29.769787 3.882475 6.800169 36.414677 -6.684919 18.973509 89.452043 -48.505517 -21.124302 -249.106041 -51.051902 
6.530415 30.504802 3.737437 7.052080 37.285992 -7.826918 18.563831 84.427930 -49.471378 -22.779191 -256.251968 -43.595033 
6.674165 31.256980 3.567559 7.356673 38.166045 -9.175734 18.096296 79.246223 -50.236869 -24.527688 -263.397801 -35.165474 
6.820036 32.029560 3.368789 7.688287 38.999120 -10.743583 17.631447 73.839323 -50.832154 -26.386888 -270.410998 -25.615320 
6.977023 32.816356 3.136018 8.064579 39.757785 -12.577682 17.091060 68.351570 -51.190003 -28.346085 -277.170795 -14.871865 
7.139908 33.620018 2.864189 8.452875 40.418507 -14.664293 16.454322 62.721929 -51.365557 -30.410076 -283.427062 -2.783219 
7.309338 34.431886 2.549281 8.734374 41.064718 -16.831440 15.812101 57.025763 -51.249388 -32.529393 -288.988445 10.726673 
7.485716 35.258390 2.189224 8.866280 41.346304 -19.157903 15.082814 51.152032 -50.834321 -34.702801 -293.468815 25.757631 
7.661968 36.084554 1.781610 9.198254 41.331066 -21.605284 14.431520 45.234843 -50.179852 -36.884584 -296.501635 42.189740 
7.846798 36.910323 1.324940 9.489627 41.109334 -24.106809 13.678069 39.296267 -49.063559 -38.988726 -297.653018 59.964734 
8.037893 37.730305 0.815043 9.675654 40.703467 -26.887070 12.913380 33.452306 -47.676330 -40.919900 -296.530491 78.665510 
8.231925 38.538189 0.248002 9.635867 39.762952 -29.807604 12.051266 27.572668 -45.825897 -42.610331 -292.671112 97.932287 
8.426494 39.322381 -0.376453 9.732411 38.353071 -32.559802 11.165867 21.822907 -43.601826 -43.961695 -286.001348 117.007920 
8.621702 40.072382 -1.052498 9.837906 36.734212 -35.025797 10.277799 16.121104 -41.028231 -44.869654 -276.447787 135.093038 
8.817297 40.787492 -1.774899 9.759410 34.742792 -37.158006 9.416644 10.686710 -38.047900 -45.336297 -264.327951 151.599649 
9.015863 41.461054 -2.534889 9.600883 32.581357 -38.747344 8.479295 5.533036 -34.727847 -45.298318 -250.206737 165.921659 
9.201964 42.087723 -3.322500 9.516748 30.046248 -40.008936 7.533476 0.719136 -31.243013 -44.814698 -234.857424 177.703872 
9.396451 42.667032 -4.132140 9.445096 27.621422 -40.903414 6.653942 -3.715061 -27.429803 -43.989617 -218.693083 187.125803 
9.584656 43.195302 -4.956592 9.322441 25.195382 -41.445926 5.743404 -7.859400 -23.570839 -42.911798 -202.435687 194.184910 
9.774135 43.676311 -5.786799 9.037259 22.911015 -41.527727 4.874124 -11.670306 -19.548816 -41.629039 -186.319727 199.203114 
9.955018 44.109879 -6.616124 8.778854 20.579698 -41.319604 4.095822 -15.134238 -15.433167 -40.185901 -170.595886 202.480474 
10.126537 44.497537 -7.435361 8.627593 18.359561 -40.552280 3.358375 -18.192274 -11.323673 -38.629573 -155.405939 204.294612 
10.300010 44.843283 -8.236132 8.373146 16.586477 -39.503515 2.592924 -21.177063 -7.197352 -37.026562 -141.117623 204.653389 
10.463217 45.155946 -9.015255 7.985121 14.871597 -38.365246 1.836212 -23.685284 -3.056944 -35.392352 -127.365828 203.970990 
10.623382 45.438137 -9.768630 7.603519 13.208420 -36.915560 1.194618 -26.119301 0.967238 -33.721475 -114.608216 202.361919 
10.775148 45.684462 -10.492599 7.358290 11.802782 -35.555323 0.563863 -28.282186 5.052791 -32.056856 -102.588912 199.923442 
10.917075 45.907504 -11.190897 7.027246 10.612837 -34.192174 -0.069485 -30.140830 9.063009 -30.418495 -91.277557 196.892640 
11.056398 46.111841 -11.859832 6.752382 9.602740 -32.658577 -0.614286 -31.856189 12.925798 -28.804493 -80.734165 193.386500 
11.189396 46.295444 -12.495700 6.466148 8.810173 -30.953670 -1.182995 -33.229663 16.636580 -27.226798 -70.715930 189.445775 
11.315333 46.463771 -13.099212 6.089322 7.995541 -29.451470 -1.795230 -34.571112 20.383478 -25.747109 -61.545127 185.259767 
11.436730 46.617357 -13.674946 5.814594 7.192534 -28.096483 -2.250456 -35.568125 23.886138 -24.243876 -52.711419 180.738480 
11.554222 46.759188 -14.224649 5.635824 6.499497 -26.855820 -2.742853 -36.496137 27.381263 -22.810950 -44.568342 176.071052 
11.665764 46.881046 -14.749617 5.513333 5.908509 -25.667701 -3.139876 -37.331183 30.856260 -21.386909 -37.011791 171.340839 
11.777044 46.995861 -15.252105 5.332923 5.377257 -24.554917 -3.489597 -38.062223 34.178023 -20.021671 -29.893588 166.506334 
11.884418 47.101816 -15.732922 5.050669 4.933688 -23.520754 -3.879910 -38.643648 37.346891 -18.724947 -23.161962 161.600553 
11.985588 47.197288 -16.192712 4.785664 4.342473 -22.403908 -4.291630 -38.991025 40.485378 -17.483181 -16.848155 156.697268 
12.084078 47.281919 -16.628906 4.701215 3.926286 -21.181596 -4.628740 -39.299783 43.569028 -16.255929 -10.936741 151.774934 
12.181032 47.357938 -17.040882 4.706395 3.662821 -20.039725 -4.973230 -39.454861 46.507012 -15.068150 -5.315276 146.882848 
12.276272 47.434731 -17.431286 4.515532 3.451366 -19.012474 -5.218406 -39.474645 49.310786 -13.908689 0.022447 141.958046 
12.370298 47.504125 -17.802749 4.307219 3.209410 -18.128850 -5.503070 -39.437591 52.046133 -12.772203 5.054762 137.102993 
12.463421 47.567014 -18.156057 4.128333 2.935544 -17.180371 -5.641489 -39.333645 54.596380 -11.676286 9.880275 132.215955 
12.550343 47.623159 -18.489327 4.094759 2.602880 -16.103185 -5.924744 -39.166938 57.177598 -10.615873 14.406091 127.422984 
12.637013 47.678336 -18.801027 3.951318 2.526779 -15.092112 -6.069433 -38.806797 59.646906 -9.581168 18.742429 122.656686 
12.720087 47.725187 -19.094096 3.737460 2.353820 -14.203296 -6.272737 -38.468053 62.018043 -8.571250 22.865327 117.951394 
12.799045 47.768866 -19.369559 3.584072 1.986385 -13.399325 -6.477417 -37.968982 64.229881 -7.617648 26.841669 113.270524 
12.877365 47.807997 -19.631355 3.615481 1.885287 -12.757087 -6.549246 -37.353133 66.468875 -6.661817 30.632210 108.627950 
12.953171 47.848833 -19.879550 3.449016 1.946398 -12.043012 -6.755268 -36.676282 68.453285 -5.717528 34.303636 103.974352 
13.030892 47.887952 -20.113122 3.270077 1.872269 -11.286374 -6.814196 -36.017106 70.466749 -4.814083 37.801145 99.398469 
13.106003 47.922315 -20.331835 3.243463 1.910654 -10.570829 -6.882941 -35.311327 72.341620 -3.926509 41.169029 94.856458 
13.176117 47.953471 -20.535801 3.221373 1.850847 -9.826463 -6.984439 -34.522466 74.198799 -3.051942 44.402829 90.348162 
13.247965 47.989009 -20.724934 3.069001 1.866504 -9.032827 -6.978540 -33.627543 75.917204 -2.193680 47.535707 85.823655 
13.314677 48.023647 -20.897562 2.961998 1.914661 -8.249923 -7.079409 -32.674549 77.583104 -1.351119 50.556514 81.365359 
13.376179 48.054954 -21.055750 3.035877 1.998891 -7.608777 -7.094675 -31.613359 79.174610 -0.528256 53.467046 76.910582 
13.443689 48.094711 -21.202456 3.001948 2.226241 -7.116238 -7.147494 -30.455064 80.552182 0.287456 56.291158 72.472022 
13.507343 48.139750 -21.341601 2.974331 2.466724 -6.743962 -7.025975 -29.293098 81.958020 1.091430 59.010877 68.062364 
13.573364 48.181291 -21.472855 3.034291 2.690705 -6.437437 -7.045222 -28.169377 83.199062 1.886188 61.671647 63.673321 
13.630683 48.200567 -21.597657 3.538829 2.643148 -6.142650 -6.992621 -26.959779 84.360028 2.684212 64.244024 59.303118 
