# MW x(kpc), MW y(kpc), MW z(kpc), MW vx(km/s), MW vy(km/s), MW vz(km/s) LMC x(kpc), LMC y(kpc), LMC z(kpc), LMC vx(km/s), LMC vy(km/s), LMC vz(km/s) 
-2.772673 1.516892 1.017509 -2.871753 2.297225 1.228736 14.778499 243.265734 128.793778 14.565481 18.705612 -77.227352 
-2.834370 1.540386 1.032381 -2.605665 0.447040 0.754528 15.171229 243.716996 127.203783 18.164247 18.957835 -79.536309 
-2.873298 1.573849 1.058246 -3.073935 0.377987 1.376321 15.415419 243.973721 125.637792 14.220087 18.773019 -78.222710 
-2.891050 1.601593 1.089439 -3.056089 2.772191 1.518105 15.677610 244.331671 124.029540 15.959611 15.791807 -78.457336 
-2.929200 1.615773 1.116529 -1.331614 2.869379 1.420336 15.975321 244.698834 122.435755 13.193988 14.995485 -82.817703 
-3.016595 1.675342 1.142711 -3.012926 0.608245 1.206450 16.219024 244.939064 120.907878 13.888149 14.165030 -77.684579 
-3.040834 1.738696 1.176174 -4.831035 3.302079 1.522906 16.534296 245.211612 119.288388 10.706011 10.131170 -79.857432 
-3.149230 1.736502 1.207502 -1.457146 -0.259417 1.545431 16.737211 245.409493 117.633566 11.893696 9.383985 -82.589066 
-3.190054 1.794311 1.243170 -2.278036 1.110335 1.193311 16.972882 245.584548 115.986464 10.504922 10.368921 -83.645964 
-3.198753 1.845551 1.285163 -0.982983 4.103153 1.432417 17.276272 245.695649 114.284972 16.526182 8.379827 -83.478670 
-3.267946 1.903761 1.318041 -0.501773 2.508224 1.466712 17.536661 245.876522 112.594151 11.914318 4.510496 -83.264543 
-3.350269 1.952548 1.360602 1.047795 0.032776 2.333555 17.823551 246.004842 110.911029 13.495054 5.923412 -82.576883 
-3.324050 2.074495 1.408352 -3.099469 5.092397 2.104382 18.105692 246.113035 109.256158 12.857273 6.992914 -84.807711 
-3.401858 2.136894 1.459287 -1.723566 3.104870 2.502839 18.316641 246.222229 107.523611 14.264017 3.660721 -86.164039 
-3.459091 2.292262 1.506158 -6.318342 2.604496 2.480071 18.584940 246.271811 105.804503 13.728774 3.615337 -84.995897 
-3.505669 2.310384 1.561486 -1.288308 2.874500 2.640002 18.814704 246.281011 104.100862 13.232899 0.596659 -89.081474 
-3.554260 2.382528 1.613072 -0.481958 2.097349 2.731700 19.146421 246.260375 102.433067 12.691048 -0.209761 -87.896866 
-3.535211 2.499294 1.667626 -2.709655 6.270698 2.567368 19.414526 246.255251 100.657563 13.402501 -4.738241 -86.664675 
-3.587552 2.590121 1.720657 -1.547560 5.675467 2.677676 19.652778 246.158797 98.916618 13.375000 -3.837232 -88.007123 
-3.653857 2.687048 1.778001 -0.392450 3.973063 3.166704 19.905884 246.011076 97.107229 13.990970 -4.728309 -86.066736 
-3.673246 2.786781 1.839195 -0.660359 5.208683 3.212684 20.196952 245.934321 95.290374 14.861280 -4.554513 -88.301405 
-3.679324 2.893717 1.905846 -0.134366 7.769669 3.146809 20.417185 245.777455 93.521177 13.828725 -8.304521 -90.564496 
-3.741631 3.067263 1.962726 -4.651705 6.539648 3.213579 20.677206 245.668412 91.698935 11.016158 -8.287851 -91.503791 
-3.805627 3.159788 2.032262 -1.808149 5.762826 3.192468 20.933131 245.460515 89.870739 11.368763 -11.629764 -88.106893 
-3.828204 3.264901 2.099467 -1.109602 7.775854 3.712457 21.191273 245.216839 88.136553 14.762116 -13.130474 -91.636609 
-3.860888 3.412139 2.177351 -2.498938 7.689399 3.488913 21.433423 244.990826 86.248503 8.717123 -11.963924 -91.418769 
-3.912716 3.558445 2.243270 -2.590131 7.148153 4.100707 21.697377 244.652388 84.462519 9.644742 -15.084800 -91.259954 
-3.966788 3.705200 2.328552 -3.400237 6.925222 4.187037 21.893947 244.345908 82.530333 11.708176 -17.455299 -93.685034 
-4.010423 3.807680 2.404251 -0.668416 5.564093 3.971607 22.126606 243.982767 80.666065 9.137041 -18.243494 -91.981080 
-4.013026 3.978971 2.474791 -2.152453 7.985952 4.325342 22.328577 243.646520 78.754472 8.809608 -19.947305 -96.674209 
-4.039150 4.134476 2.564055 -0.959158 8.992171 3.898266 22.556018 243.203537 76.882796 12.710784 -19.135441 -92.692807 
-4.088544 4.304354 2.639354 -2.306684 7.366760 3.992060 22.721238 242.794302 75.062704 9.092522 -22.923512 -94.209777 
-4.119217 4.466457 2.713548 -2.166163 8.540344 3.972784 22.902810 242.260826 73.192658 10.750191 -25.131880 -94.123055 
-4.146089 4.655432 2.793560 -3.745199 9.325480 3.649013 23.102889 241.789238 71.277831 8.348806 -29.318615 -96.094469 
-4.216685 4.807053 2.879275 -2.746586 7.539957 4.066576 23.324062 241.233547 69.293529 10.523911 -26.924478 -95.698212 
-4.251313 5.005562 2.953444 -4.444334 9.276916 3.360163 23.586821 240.678940 67.368800 10.850363 -27.523319 -97.100280 
-4.309025 5.111246 3.027904 0.709522 8.136667 4.064072 23.787424 240.025213 65.438891 9.758341 -33.919756 -96.389193 
-4.352953 5.286413 3.115139 0.164188 7.016522 4.784589 24.010556 239.427758 63.525225 9.502596 -34.402304 -97.653815 
-4.353409 5.508863 3.199962 -2.790168 9.866511 4.017739 24.117148 238.729438 61.557023 8.749785 -36.004181 -96.971069 
-4.426371 5.694829 3.296698 -2.437323 7.662259 4.776904 24.300411 238.008293 59.593852 8.411199 -36.010158 -97.060324 
-4.440737 5.894759 3.381128 -3.938307 9.463363 4.557643 24.403923 237.238358 57.596782 6.760931 -39.537396 -100.029592 
-4.448250 6.057706 3.471984 -1.690390 11.282830 4.133319 24.634700 236.452411 55.614530 7.269822 -40.958273 -100.598295 
-4.496684 6.277618 3.549185 -2.373634 10.685064 3.951221 24.775112 235.555604 53.597629 7.567225 -40.902489 -98.519559 
-4.551428 6.463982 3.639906 -1.081782 9.606063 4.267780 24.997613 234.696311 51.632935 9.068860 -41.368721 -99.764991 
-4.583847 6.699696 3.728990 -3.021817 10.047773 4.346960 25.108605 233.849236 49.627535 5.776749 -45.864785 -98.803549 
-4.585550 6.900945 3.816598 -1.313937 13.161905 4.603461 25.274159 232.960334 47.708846 8.799696 -45.724878 -100.619096 
-4.644979 7.091419 3.909276 1.143560 11.495796 4.729102 25.391590 232.076049 45.635926 8.626080 -47.458671 -102.538429 
-4.696209 7.357093 3.997755 -1.160481 10.684410 4.265499 25.563912 231.101491 43.674505 9.075676 -51.054545 -100.277585 
-4.711860 7.621694 4.084582 -3.655149 12.059231 4.890237 25.740001 230.009588 41.571802 7.161233 -56.378257 -101.958875 
-4.738700 7.865963 4.188003 -3.454476 11.902335 5.019779 25.822823 228.931624 39.544250 8.859982 -52.443050 -101.177189 
-4.786557 8.077045 4.288497 -0.903924 11.425951 5.278455 25.928673 227.779229 37.469267 8.047853 -56.664572 -103.197286 
-4.773300 8.333150 4.389326 -1.815365 14.590589 4.401532 26.082906 226.681350 35.487936 5.805545 -59.758110 -102.841205 
-4.813096 8.588000 4.475858 -1.395037 13.305953 4.558300 26.248571 225.440925 33.323399 5.292598 -60.517174 -102.019735 
-4.893508 8.880184 4.575529 -3.385256 10.797806 5.542991 26.407693 224.169748 31.303432 6.405069 -62.055087 -104.981256 
-4.884875 9.096875 4.681389 -0.381630 14.305819 4.949186 26.390188 222.935321 29.241402 3.310032 -65.554239 -100.561659 
-4.901427 9.371253 4.778211 0.215440 14.074828 4.920080 26.489965 221.607380 27.284529 3.658051 -66.184559 -102.479404 
-4.930691 9.654039 4.873176 -0.274612 14.441421 4.985478 26.594039 220.284301 25.190868 5.290682 -69.683309 -100.980039 
-4.990912 9.974674 4.962821 -3.195850 13.244982 4.569238 26.707459 218.880865 23.174751 4.873349 -69.292451 -101.439162 
-5.007901 10.246778 5.056960 -2.090784 14.097241 4.616526 26.814741 217.452874 21.073207 4.568735 -72.743252 -102.551728 
-5.039709 10.539995 5.145679 -2.632075 13.740772 4.319698 26.922971 215.965812 18.980809 4.115334 -77.244781 -105.250711 
-5.066975 10.839706 5.232959 -2.034140 14.541073 4.247534 26.978033 214.397513 16.870161 3.526808 -79.006378 -105.694898 
-5.086430 11.106541 5.320631 0.840821 15.971040 4.658869 26.998613 212.811536 14.825281 2.655193 -83.548112 -102.062789 
-5.124842 11.432788 5.415193 0.018805 14.677675 4.839268 26.995265 211.239651 12.754607 2.875746 -85.524105 -104.551853 
-5.103911 11.788436 5.510339 -2.147610 17.855028 4.604618 27.017299 209.483734 10.765194 0.841204 -84.754677 -101.665760 
-5.155473 12.105910 5.603424 -0.534771 15.305461 4.623969 27.058324 207.783283 8.724926 1.883822 -86.914151 -102.085649 
-5.135656 12.443992 5.693152 -0.600039 18.770892 4.416315 27.144734 205.948245 6.604912 1.924790 -90.232762 -102.531384 
-5.162799 12.781801 5.775923 0.163618 17.745998 4.459635 27.167468 204.150318 4.477147 -3.807341 -91.581804 -105.123655 
-5.138868 13.163993 5.866807 -1.568422 20.506770 3.971531 27.221532 202.311376 2.415202 -1.335584 -94.028665 -101.369139 
-5.166210 13.537318 5.949603 -1.884290 19.106725 4.452669 27.159551 200.459819 0.366094 0.911457 -97.172374 -106.422068 
-5.189072 13.875426 6.039186 -0.169893 19.208058 4.116563 27.150391 198.429544 -1.682118 -0.639723 -98.940482 -103.760985 
-5.205248 14.233775 6.116032 0.417595 18.817888 4.275517 27.119890 196.360324 -3.737755 0.183853 -102.328441 -100.836554 
-5.186935 14.646506 6.198056 -2.686785 20.140203 4.397244 27.056983 194.301542 -5.836620 -2.043752 -103.649321 -103.219108 
-5.217297 14.973477 6.286689 1.691040 19.511453 4.110096 27.002632 192.196245 -7.899463 -2.280796 -109.758078 -103.288452 
-5.227734 15.328677 6.369970 3.800300 19.783011 4.102758 27.073483 190.013118 -9.962021 -3.787665 -111.086051 -99.720198 
-5.208631 15.780182 6.446078 -0.620257 20.549090 3.860030 26.976833 187.783788 -11.976685 -3.558844 -113.736488 -100.800249 
-5.214302 16.147599 6.523138 2.344648 20.038318 4.088504 26.896911 185.443338 -14.003098 -6.185896 -116.746978 -101.769607 
-5.243035 16.549562 6.605269 1.652129 19.660964 3.966032 26.801718 183.070743 -16.006288 -2.299712 -119.155301 -99.014923 
-5.220385 16.972565 6.681478 0.751039 21.644206 3.562878 26.699260 180.656852 -17.972162 -6.208194 -123.796115 -99.580230 
-5.237577 17.390969 6.747494 0.528289 20.096357 3.521715 26.651051 178.161210 -19.986136 -4.663046 -125.725590 -100.449065 
-5.217208 17.849023 6.818802 -0.529584 22.977458 3.260422 26.526835 175.663362 -21.986710 -6.975161 -128.375199 -97.577202 
-5.212122 18.278340 6.881655 0.290108 22.723160 2.897609 26.363618 173.056719 -23.905917 -5.717977 -135.262365 -97.932602 
-5.171714 18.712837 6.952611 1.565633 25.176288 2.868495 26.231099 170.297054 -25.867305 -6.501810 -135.111107 -98.492309 
-5.194534 19.150938 7.012673 3.114103 23.539736 3.131128 26.072877 167.532028 -27.796920 -7.938791 -140.787069 -96.040781 
-5.170037 19.612474 7.072982 2.255385 24.019950 2.786478 25.901660 164.688534 -29.654397 -6.966125 -141.832372 -94.637397 
-5.156646 20.111912 7.120381 0.247845 24.897110 2.426955 25.638391 161.783165 -31.603498 -8.688753 -146.927573 -95.349959 
-5.149496 20.578686 7.167426 1.615835 23.804135 2.356223 25.456734 158.897462 -33.468139 -10.465932 -151.461501 -93.282075 
-5.113793 21.073293 7.207210 0.618676 25.450160 2.307238 25.247712 155.855727 -35.336172 -12.468869 -153.171294 -95.571491 
-5.107318 21.560596 7.255182 1.617064 25.619704 1.948271 25.029627 152.739567 -37.188725 -12.242825 -157.016128 -90.283229 
-5.081860 22.066929 7.297805 1.620081 27.140321 1.925881 24.714775 149.460134 -39.007688 -14.120331 -162.769258 -89.353676 
-5.066718 22.536300 7.322435 4.419043 26.401584 1.562032 24.461596 146.262001 -40.745860 -14.816879 -165.393702 -87.277303 
-5.038297 23.099150 7.356280 3.205770 26.943128 1.568421 24.199018 142.891014 -42.439046 -16.343230 -169.499158 -85.625259 
-5.015353 23.679900 7.380533 1.065083 28.532330 1.321995 23.824406 139.460840 -44.139136 -17.580044 -173.803076 -81.698022 
-5.012936 24.213399 7.405387 2.116896 27.014543 0.663627 23.520734 135.944411 -45.811766 -20.195408 -179.397185 -81.438043 
-4.980828 24.766338 7.418166 2.758249 28.708060 1.143071 23.105876 132.303577 -47.417593 -19.710087 -183.193986 -80.943212 
-4.939405 25.331910 7.426387 3.663343 29.495362 0.098426 22.711348 128.573478 -48.989600 -19.212907 -187.988053 -75.961491 
-4.883762 25.925148 7.427846 4.156784 30.715180 0.021014 22.282751 124.788616 -50.470057 -22.431445 -192.702758 -72.927248 
-4.820708 26.596230 7.411407 -0.434096 32.236461 -0.305422 21.821665 120.915644 -51.911746 -22.312478 -195.879143 -70.238653 
-4.826526 27.175683 7.395487 3.508258 29.721589 -1.393502 21.314699 116.908457 -53.286080 -26.065395 -200.189387 -66.220173 
-4.747784 27.815280 7.359616 2.545171 31.608687 -1.375437 20.710811 112.828014 -54.533019 -28.534006 -208.968591 -61.396867 
-4.696895 28.484294 7.309553 1.936275 31.651446 -2.369608 20.146520 108.591067 -55.763088 -28.509246 -212.727065 -60.206772 
-4.631113 29.110657 7.247492 4.106900 32.965633 -3.179817 19.644603 104.272696 -56.825124 -30.799721 -218.158227 -51.894069 
-4.553941 29.800071 7.174812 2.070895 34.643522 -4.132975 19.054756 99.877989 -57.922808 -28.966981 -223.276474 -51.705513 
-4.477706 30.480146 7.082791 2.197673 34.791249 -4.900516 18.437913 95.415098 -58.780318 -32.085420 -227.531858 -44.603879 
-4.410335 31.156420 6.970585 4.382115 35.246987 -5.999724 17.750716 90.855176 -59.639783 -38.450397 -232.874731 -37.663469 
-4.324051 31.871910 6.832603 3.459394 35.621203 -7.159369 17.028606 86.120036 -60.312993 -36.895088 -236.144760 -27.808969 
-4.225504 32.601335 6.683219 3.574789 36.805745 -7.822064 16.305568 81.269527 -60.932847 -39.796628 -244.286231 -23.165803 
-4.161885 33.330859 6.509367 4.159501 35.805631 -8.992473 15.461885 76.381361 -61.337429 -43.417924 -249.079191 -18.173732 
-4.057061 34.089118 6.317257 2.285394 37.570926 -10.466547 14.640090 71.374131 -61.569491 -44.012615 -253.649994 -7.465479 
-3.948628 34.820035 6.083879 4.552055 36.967909 -12.471891 13.752868 66.290075 -61.603029 -46.771038 -255.261671 1.459033 
-3.821902 35.555023 5.821855 7.055833 39.245776 -13.749765 12.741936 61.051648 -61.417209 -48.643767 -261.722299 9.810614 
-3.706901 36.277346 5.526347 8.524884 37.718675 -15.436236 11.758250 55.805650 -60.984671 -51.782659 -263.720486 28.299426 
-3.544477 37.075769 5.197412 6.439030 40.295131 -17.572556 10.637051 50.465204 -60.376069 -54.108967 -265.092848 39.131534 
-3.397698 37.824798 4.835177 7.075598 40.185202 -19.188744 9.559034 45.166266 -59.534029 -58.499222 -264.662141 49.635591 
-3.283218 38.599822 4.428860 6.300105 37.261328 -20.910496 8.406260 39.850383 -58.412195 -59.473520 -268.110844 63.969352 
-3.169693 39.318545 3.983081 8.241999 35.844092 -23.383933 7.146795 34.528419 -57.060029 -61.221120 -264.075231 79.173736 
-3.018818 40.023607 3.496050 10.189031 35.560178 -25.246596 5.906402 29.290433 -55.413513 -63.648405 -263.673784 92.179882 
-2.847236 40.714448 2.970500 10.343472 35.769441 -26.544485 4.600097 24.021985 -53.382732 -66.782771 -258.211306 106.607870 
-2.662467 41.425512 2.415364 9.339486 35.090406 -28.943339 3.255692 18.894715 -51.090028 -67.392219 -252.865390 119.614246 
-2.505620 42.068662 1.810423 10.406596 31.826625 -31.283282 1.894245 13.886049 -48.518456 -69.165042 -245.742511 135.897300 
-2.321015 42.731100 1.172351 8.933682 31.971294 -32.260684 0.491321 9.038472 -45.668022 -67.962823 -235.032712 148.668934 
-2.180089 43.374051 0.512330 6.833811 29.274536 -33.694329 -0.949698 4.364902 -42.564399 -68.768299 -223.266219 159.349210 
-2.024868 43.931362 -0.184298 9.247619 27.305531 -35.658191 -2.268058 -0.046302 -39.334381 -69.694591 -213.242893 171.425661 
-1.867098 44.473168 -0.905892 9.147310 26.434064 -36.026491 -3.720983 -4.107345 -35.814037 -70.325560 -199.996957 178.110850 
-1.724783 44.987650 -1.636288 8.842114 23.467099 -36.958309 -5.090305 -8.057848 -32.149834 -69.043237 -188.696338 187.498674 
-1.571520 45.467128 -2.394440 9.342647 22.187189 -37.780442 -6.463322 -11.619385 -28.324855 -69.715990 -172.647558 193.981976 
-1.409806 45.915259 -3.156569 8.671657 21.452828 -38.176314 -7.847177 -14.921569 -24.370268 -67.729873 -161.457204 201.054515 
-1.263724 46.335478 -3.933548 8.091313 19.750441 -38.651130 -9.128751 -18.030207 -20.300499 -65.715383 -147.285696 203.966012 
-1.142729 46.718139 -4.707924 7.606292 17.557503 -38.414977 -10.470030 -20.911968 -16.155357 -63.891427 -135.976035 205.550101 
-1.038834 47.053317 -5.481328 7.779433 14.924062 -38.686414 -11.692666 -23.487017 -12.054975 -61.665306 -125.405673 205.985887 
-0.910456 47.379510 -6.254846 6.680776 13.146756 -38.235867 -12.909851 -25.826899 -7.937588 -59.989562 -110.318061 207.614984 
-0.797798 47.643818 -7.014170 7.987314 12.969671 -37.706528 -14.098562 -27.958679 -3.815675 -57.646069 -100.650575 205.859563 
-0.692086 47.910952 -7.766659 6.524309 11.331423 -37.279548 -15.205330 -29.877853 0.248614 -56.081940 -87.718059 204.595848 
-0.573270 48.156620 -8.503924 4.624944 11.977521 -36.923390 -16.335239 -31.536376 4.228782 -54.801509 -77.923235 202.622217 
-0.496950 48.377930 -9.232318 3.864291 9.864545 -35.948644 -17.402968 -32.962483 8.296831 -50.737387 -68.432970 198.803217 
-0.403150 48.560370 -9.935465 4.048810 9.491531 -34.953909 -18.387775 -34.287054 12.255413 -47.609071 -60.575569 197.226152 
-0.331092 48.751635 -10.621465 3.116692 8.406776 -34.214112 -19.321956 -35.430860 16.116717 -48.312597 -50.565116 193.763571 
-0.300512 48.900990 -11.297086 2.649133 5.033709 -32.905708 -20.237464 -36.335438 20.050511 -45.193859 -43.283888 187.740367 
-0.218301 49.012736 -11.947029 3.489136 6.153404 -31.727691 -21.107180 -37.075166 23.738309 -44.178236 -36.356956 187.244518 
-0.181326 49.127315 -12.572349 3.424975 3.775618 -30.905273 -22.100501 -37.645378 27.405189 -43.705716 -27.597986 182.458355 
-0.085642 49.201892 -13.172953 4.089385 3.886527 -30.423158 -22.917665 -38.212462 30.971845 -40.636265 -23.000263 179.241595 
0.018264 49.293193 -13.763251 4.292783 5.638584 -29.161058 -23.687785 -38.566810 34.589045 -38.651442 -15.887169 175.856149 
0.075088 49.396793 -14.325723 2.623935 6.117412 -28.114976 -24.408209 -38.869147 38.131380 -35.418952 -10.090805 172.856779 
0.090858 49.488759 -14.877853 0.722037 4.055573 -27.416951 -25.048899 -39.028857 41.533579 -33.613951 -2.851422 168.988765 
0.130143 49.512835 -15.413427 1.812509 4.268580 -26.148764 -25.708956 -39.171859 44.911776 -36.218506 2.071218 162.447991 
0.156109 49.576762 -15.929416 0.161488 3.582708 -25.201863 -26.358464 -39.024766 48.078077 -32.376621 6.650647 161.562070 
0.141361 49.603794 -16.417504 1.294838 0.973209 -23.997581 -27.005572 -38.846534 51.191876 -31.656655 12.922838 155.652052 
0.169530 49.657312 -16.899474 -0.537591 1.493195 -22.944714 -27.626587 -38.464407 54.224857 -27.595774 16.428942 152.735124 
0.169321 49.664728 -17.350023 1.494304 0.598416 -22.318675 -28.253870 -38.049626 57.152945 -28.253475 24.027133 146.341023 
0.223073 49.724837 -17.780454 0.949118 1.956727 -21.131021 -28.727236 -37.627678 60.072674 -23.678036 24.917761 142.774662 
0.225822 49.767311 -18.207723 0.380784 1.330690 -20.350800 -29.230976 -37.072410 62.940002 -23.770017 29.349161 138.534074 
0.388347 49.592245 -18.636445 9.588377 8.902533 -19.564636 -29.702216 -36.442533 65.602995 -21.612708 33.864361 133.027701 
