# MW x(kpc), MW y(kpc), MW z(kpc), MW vx(km/s), MW vy(km/s), MW vz(km/s) LMC x(kpc), LMC y(kpc), LMC z(kpc), LMC vx(km/s), LMC vy(km/s), LMC vz(km/s) 
-2.772673 1.516892 1.017509 -2.871753 2.297225 1.228736 14.778499 243.265734 128.793778 14.767158 19.475644 -77.644894 
-2.834370 1.540386 1.032381 -2.605665 0.447040 0.754528 15.171229 243.716996 127.203783 15.145584 19.871822 -77.828255 
-2.873298 1.573849 1.058246 -3.073935 0.377987 1.376321 15.415419 243.973721 125.637792 16.696075 18.045881 -77.443080 
-2.891050 1.601593 1.089439 -3.056089 2.772191 1.518105 15.677610 244.331671 124.029540 12.213104 11.689370 -82.796032 
-2.929200 1.615773 1.116529 -1.331614 2.869379 1.420336 15.975321 244.698834 122.435755 15.932782 18.414868 -75.885901 
-3.016595 1.675342 1.142711 -3.012926 0.608245 1.206450 16.219024 244.939064 120.907878 17.016387 21.069127 -79.649911 
-3.040834 1.738696 1.176174 -4.831035 3.302079 1.522906 16.534296 245.211612 119.288388 14.760521 8.302854 -75.393287 
-3.149230 1.736502 1.207502 -1.457146 -0.259417 1.545431 16.737211 245.409493 117.633566 15.257721 11.865037 -84.308206 
-3.190054 1.794311 1.243170 -2.278036 1.110335 1.193311 16.972882 245.584548 115.986464 13.657167 10.005162 -81.238251 
-3.198753 1.845551 1.285163 -0.982983 4.103153 1.432417 17.276272 245.695649 114.284972 13.065902 13.114991 -81.606343 
-3.267946 1.903761 1.318041 -0.501773 2.508224 1.466712 17.536661 245.876522 112.594151 9.872043 3.746934 -80.941354 
-3.350269 1.952548 1.360602 1.047795 0.032776 2.333555 17.823551 246.004842 110.911029 7.709885 10.479223 -83.193248 
-3.324050 2.074495 1.408352 -3.099469 5.092397 2.104382 18.105692 246.113035 109.256158 24.913045 17.967224 -88.906748 
-3.401858 2.136894 1.459287 -1.723566 3.104870 2.502839 18.316641 246.222229 107.523611 13.004833 12.903222 -81.164202 
-3.459091 2.292262 1.506158 -6.318342 2.604496 2.480071 18.584940 246.271811 105.804503 5.500510 18.689827 -70.367246 
-3.505669 2.310384 1.561486 -1.288308 2.874500 2.640002 18.814704 246.281011 104.100862 23.696886 10.146336 -107.279948 
-3.554260 2.382528 1.613072 -0.481958 2.097349 2.731700 19.146421 246.260375 102.433067 8.612940 13.139201 -82.375842 
-3.535211 2.499294 1.667626 -2.709655 6.270698 2.567368 19.414526 246.255251 100.657563 15.972367 17.635630 -74.469656 
-3.587552 2.590121 1.720657 -1.547560 5.675467 2.677676 19.652778 246.158797 98.916618 25.864890 27.777875 -93.021086 
-3.653857 2.687048 1.778001 -0.392450 3.973063 3.166704 19.905884 246.011076 97.107229 20.791797 -12.336685 -80.790194 
-3.673246 2.786781 1.839195 -0.660359 5.208683 3.212684 20.196952 245.934321 95.290374 41.511074 -43.460530 -116.676156 
-3.679324 2.893717 1.905846 -0.134366 7.769669 3.146809 20.417185 245.777455 93.521177 -1.566847 -65.306971 -98.493502 
-3.741631 3.067263 1.962726 -4.651705 6.539648 3.213579 20.677206 245.668412 91.698935 10.685091 17.364263 -79.315471 
-3.805627 3.159788 2.032262 -1.808149 5.762826 3.192468 20.933131 245.460515 89.870739 16.270323 17.562284 -73.334045 
-3.828204 3.264901 2.099467 -1.109602 7.775854 3.712457 21.191273 245.216839 88.136553 27.294068 13.819011 -73.982487 
-3.860888 3.412139 2.177351 -2.498938 7.689399 3.488913 21.433423 244.990826 86.248503 10.116805 17.010270 -79.731784 
-3.912716 3.558445 2.243270 -2.590131 7.148153 4.100707 21.697377 244.652388 84.462519 2.055923 12.550754 -85.575178 
-3.966788 3.705200 2.328552 -3.400237 6.925222 4.187037 21.893947 244.345908 82.530333 28.042273 15.749490 -70.854068 
-4.010423 3.807680 2.404251 -0.668416 5.564093 3.971607 22.126606 243.982767 80.666065 10.034900 18.584069 -79.063233 
-4.013026 3.978971 2.474791 -2.152453 7.985952 4.325342 22.328577 243.646520 78.754472 0.569192 11.606549 -86.296929 
-4.039150 4.134476 2.564055 -0.959158 8.992171 3.898266 22.556018 243.203537 76.882796 10.130791 -22.470480 -96.642041 
-4.088544 4.304354 2.639354 -2.306684 7.366760 3.992060 22.721238 242.794302 75.062704 -14.638199 -47.141950 -46.452395 
-4.119217 4.466457 2.713548 -2.166163 8.540344 3.972784 22.902810 242.260826 73.192658 0.573236 15.029769 -84.327950 
-4.146089 4.655432 2.793560 -3.745199 9.325480 3.649013 23.102889 241.789238 71.277831 -1.623379 -75.344760 -106.491604 
-4.216685 4.807053 2.879275 -2.746586 7.539957 4.066576 23.324062 241.233547 69.293529 23.110483 -28.196233 -88.386691 
-4.251313 5.005562 2.953444 -4.444334 9.276916 3.360163 23.586821 240.678940 67.368800 6.236249 17.128884 -83.900852 
-4.309025 5.111246 3.027904 0.709522 8.136667 4.064072 23.787424 240.025213 65.438891 2.267743 17.835193 -58.033510 
-4.352953 5.286413 3.115139 0.164188 7.016522 4.784589 24.010556 239.427758 63.525225 -7.681216 -30.453254 -59.778867 
-4.353409 5.508863 3.199962 -2.790168 9.866511 4.017739 24.117148 238.729438 61.557023 2.720666 15.771969 -85.167997 
-4.426371 5.694829 3.296698 -2.437323 7.662259 4.776904 24.300411 238.008293 59.593852 9.347281 -0.377906 -88.166546 
-4.440737 5.894759 3.381128 -3.938307 9.463363 4.557643 24.403923 237.238358 57.596782 10.345079 21.675205 -71.718736 
-4.448250 6.057706 3.471984 -1.690390 11.282830 4.133319 24.634700 236.452411 55.614530 22.082230 16.672393 -68.769276 
-4.496684 6.277618 3.549185 -2.373634 10.685064 3.951221 24.775112 235.555604 53.597629 -38.403553 -9.345682 -37.240004 
-4.551428 6.463982 3.639906 -1.081782 9.606063 4.267780 24.997613 234.696311 51.632935 1.973490 16.083878 -86.240277 
-4.583847 6.699696 3.728990 -3.021817 10.047773 4.346960 25.108605 233.849236 49.627535 -60.052717 -152.618094 -79.420390 
-4.585550 6.900945 3.816598 -1.313937 13.161905 4.603461 25.274159 232.960334 47.708846 36.143880 -69.559711 -109.547985 
-4.644979 7.091419 3.909276 1.143560 11.495796 4.729102 25.391590 232.076049 45.635926 -7.799408 6.786172 -91.423534 
-4.696209 7.357093 3.997755 -1.160481 10.684410 4.265499 25.563912 231.101491 43.674505 -6.469853 3.074528 -91.296722 
-4.711860 7.621694 4.084582 -3.655149 12.059231 4.890237 25.740001 230.009588 41.571802 17.029320 -100.165457 -114.566301 
-4.738700 7.865963 4.188003 -3.454476 11.902335 5.019779 25.822823 228.931624 39.544250 11.621248 -76.501754 -86.716173 
-4.786557 8.077045 4.288497 -0.903924 11.425951 5.278455 25.928673 227.779229 37.469267 6.318422 -10.585096 -92.732230 
-4.773300 8.333150 4.389326 -1.815365 14.590589 4.401532 26.082906 226.681350 35.487936 18.256748 15.757749 -68.692678 
-4.813096 8.588000 4.475858 -1.395037 13.305953 4.558300 26.248571 225.440925 33.323399 -20.644905 -78.086934 -138.462343 
-4.893508 8.880184 4.575529 -3.385256 10.797806 5.542991 26.407693 224.169748 31.303432 85.591701 -116.422151 -111.332466 
-4.884875 9.096875 4.681389 -0.381630 14.305819 4.949186 26.390188 222.935321 29.241402 2.283186 -63.702908 -98.996532 
-4.901427 9.371253 4.778211 0.215440 14.074828 4.920080 26.489965 221.607380 27.284529 5.615455 -66.005864 -105.107835 
-4.930691 9.654039 4.873176 -0.274612 14.441421 4.985478 26.594039 220.284301 25.190868 44.804455 36.925013 -94.412627 
-4.990912 9.974674 4.962821 -3.195850 13.244982 4.569238 26.707459 218.880865 23.174751 34.154231 31.822982 -105.884523 
-5.007901 10.246778 5.056960 -2.090784 14.097241 4.616526 26.814741 217.452874 21.073207 5.825440 15.711746 -81.607122 
-5.039709 10.539995 5.145679 -2.632075 13.740772 4.319698 26.922971 215.965812 18.980809 0.492168 -75.799739 -105.247041 
-5.066975 10.839706 5.232959 -2.034140 14.541073 4.247534 26.978033 214.397513 16.870161 27.347604 4.526386 -48.135729 
-5.086430 11.106541 5.320631 0.840821 15.971040 4.658869 26.998613 212.811536 14.825281 -25.282142 -157.388599 -66.247412 
-5.124842 11.432788 5.415193 0.018805 14.677675 4.839268 26.995265 211.239651 12.754607 -50.430916 -60.362086 -102.968174 
-5.103911 11.788436 5.510339 -2.147610 17.855028 4.604618 27.017299 209.483734 10.765194 38.148718 51.346520 -131.329230 
-5.155473 12.105910 5.603424 -0.534771 15.305461 4.623969 27.058324 207.783283 8.724926 -4.106054 14.198423 -90.496453 
-5.135656 12.443992 5.693152 -0.600039 18.770892 4.416315 27.144734 205.948245 6.604912 -15.223822 8.625253 -93.127861 
-5.162799 12.781801 5.775923 0.163618 17.745998 4.459635 27.167468 204.150318 4.477147 2.258946 -91.132185 -104.469615 
-5.138868 13.163993 5.866807 -1.568422 20.506770 3.971531 27.221532 202.311376 2.415202 -18.320709 0.891606 -97.901140 
-5.166210 13.537318 5.949603 -1.884290 19.106725 4.452669 27.159551 200.459819 0.366094 -66.737858 -120.732953 -123.961833 
-5.189072 13.875426 6.039186 -0.169893 19.208058 4.116563 27.150391 198.429544 -1.682118 3.209672 -22.033100 -98.418311 
-5.205248 14.233775 6.116032 0.417595 18.817888 4.275517 27.119890 196.360324 -3.737755 -64.350166 -204.151830 -35.564201 
-5.186935 14.646506 6.198056 -2.686785 20.140203 4.397244 27.056983 194.301542 -5.836620 20.442420 11.929856 -62.012286 
-5.217297 14.973477 6.286689 1.691040 19.511453 4.110096 27.002632 192.196245 -7.899463 -4.494411 -113.135408 -102.162022 
-5.227734 15.328677 6.369970 3.800300 19.783011 4.102758 27.073483 190.013118 -9.962021 -2.622243 -173.118792 -64.558018 
-5.208631 15.780182 6.446078 -0.620257 20.549090 3.860030 26.976833 187.783788 -11.976685 -3.349187 -113.201817 -98.923526 
-5.214302 16.147599 6.523138 2.344648 20.038318 4.088504 26.896911 185.443338 -14.003098 19.318276 13.832001 -62.018967 
-5.243035 16.549562 6.605269 1.652129 19.660964 3.966032 26.801718 183.070743 -16.006288 -12.537234 -120.929946 -101.193793 
-5.220385 16.972565 6.681478 0.751039 21.644206 3.562878 26.699260 180.656852 -17.972162 -0.055052 12.208889 -84.443274 
-5.237577 17.390969 6.747494 0.528289 20.096357 3.521715 26.651051 178.161210 -19.986136 -6.723760 -130.858888 -103.513410 
-5.217208 17.849023 6.818802 -0.529584 22.977458 3.260422 26.526835 175.663362 -21.986710 -16.412209 7.297475 -92.318858 
-5.212122 18.278340 6.881655 0.290108 22.723160 2.897609 26.363618 173.056719 -23.905917 -6.317136 13.667950 -93.381112 
-5.171714 18.712837 6.952611 1.565633 25.176288 2.868495 26.231099 170.297054 -25.867305 -23.182923 5.521295 -97.338887 
-5.194534 19.150938 7.012673 3.114103 23.539736 3.131128 26.072877 167.532028 -27.796920 -7.794529 -135.933355 -94.545143 
-5.170037 19.612474 7.072982 2.255385 24.019950 2.786478 25.901660 164.688534 -29.654397 -17.973885 -52.674988 -118.383629 
-5.156646 20.111912 7.120381 0.247845 24.897110 2.426955 25.638391 161.783165 -31.603498 -52.547388 -176.541896 36.855225 
-5.149496 20.578686 7.167426 1.615835 23.804135 2.356223 25.456734 158.897462 -33.468139 -34.492772 -145.513516 -10.060535 
-5.113793 21.073293 7.207210 0.618676 25.450160 2.307238 25.247712 155.855727 -35.336172 -4.787408 -141.976041 -52.811942 
-5.107318 21.560596 7.255182 1.617064 25.619704 1.948271 25.029627 152.739567 -37.188725 -69.230611 -150.079155 -29.211935 
-5.081860 22.066929 7.297805 1.620081 27.140321 1.925881 24.714775 149.460134 -39.007688 -13.813852 -156.521706 -91.728415 
-5.066718 22.536300 7.322435 4.419043 26.401584 1.562032 24.461596 146.262001 -40.745860 -2.085123 16.417735 -84.706222 
-5.038297 23.099150 7.356280 3.205770 26.943128 1.568421 24.199018 142.891014 -42.439046 -55.118090 -208.984092 -31.370925 
-5.015353 23.679900 7.380533 1.065083 28.532330 1.321995 23.824406 139.460840 -44.139136 -34.090229 -184.663981 -29.116181 
-5.012936 24.213399 7.405387 2.116896 27.014543 0.663627 23.520734 135.944411 -45.811766 -28.956777 2.593485 -100.688298 
-4.980828 24.766338 7.418166 2.758249 28.708060 1.143071 23.105876 132.303577 -47.417593 -28.867305 -181.174748 -73.694903 
-4.939405 25.331910 7.426387 3.663343 29.495362 0.098426 22.711348 128.573478 -48.989600 -24.911298 -179.081661 -77.079063 
-4.883762 25.925148 7.427846 4.156784 30.715180 0.021014 22.282751 124.788616 -50.470057 -21.026417 -63.400550 -124.422132 
-4.820708 26.596230 7.411407 -0.434096 32.236461 -0.305422 21.821665 120.915644 -51.911746 -93.449829 -30.432701 -127.638465 
-4.826526 27.175683 7.395487 3.508258 29.721589 -1.393502 21.314699 116.908457 -53.286080 32.116285 -3.129645 -30.124419 
-4.747784 27.815280 7.359616 2.545171 31.608687 -1.375437 20.710811 112.828014 -54.533019 -28.002591 -208.168698 -65.957169 
-4.696895 28.484294 7.309553 1.936275 31.651446 -2.369608 20.146520 108.591067 -55.763088 -29.292039 -213.325175 -59.305200 
-4.631113 29.110657 7.247492 4.106900 32.965633 -3.179817 19.644603 104.272696 -56.825124 -32.181549 -218.091024 -75.748575 
-4.553941 29.800071 7.174812 2.070895 34.643522 -4.132975 19.054756 99.877989 -57.922808 -65.195951 -217.181550 15.207992 
-4.477706 30.480146 7.082791 2.197673 34.791249 -4.900516 18.437913 95.415098 -58.780318 -10.175644 12.356665 -96.304912 
-4.410335 31.156420 6.970585 4.382115 35.246987 -5.999724 17.750716 90.855176 -59.639783 -5.999163 8.614354 -86.702652 
-4.324051 31.871910 6.832603 3.459394 35.621203 -7.159369 17.028606 86.120036 -60.312993 -12.895431 11.916461 -97.784056 
-4.225504 32.601335 6.683219 3.574789 36.805745 -7.822064 16.305568 81.269527 -60.932847 -34.140671 -18.200178 -108.927137 
-4.161885 33.330859 6.509367 4.159501 35.805631 -8.992473 15.461885 76.381361 -61.337429 -41.079914 -240.454630 -27.753637 
-4.057061 34.089118 6.317257 2.285394 37.570926 -10.466547 14.640090 71.374131 -61.569491 33.531008 -0.144990 -31.153566 
-3.948628 34.820035 6.083879 4.552055 36.967909 -12.471891 13.752868 66.290075 -61.603029 -37.294141 -249.828120 -0.884544 
-3.821902 35.555023 5.821855 7.055833 39.245776 -13.749765 12.741936 61.051648 -61.417209 -8.510599 -227.652487 -39.786153 
-3.706901 36.277346 5.526347 8.524884 37.718675 -15.436236 11.758250 55.805650 -60.984671 -54.897742 -144.912619 -27.910523 
-3.544477 37.075769 5.197412 6.439030 40.295131 -17.572556 10.637051 50.465204 -60.376069 -42.849849 -163.996656 39.315568 
-3.397698 37.824798 4.835177 7.075598 40.185202 -19.188744 9.559034 45.166266 -59.534029 -45.627992 -244.657094 -6.739156 
-3.283218 38.599822 4.428860 6.300105 37.261328 -20.910496 8.406260 39.850383 -58.412195 40.314770 7.544313 -49.609751 
-3.169693 39.318545 3.983081 8.241999 35.844092 -23.383933 7.146795 34.528419 -57.060029 -19.505021 9.797785 -100.208975 
-3.018818 40.023607 3.496050 10.189031 35.560178 -25.246596 5.906402 29.290433 -55.413513 -1.873896 -39.634780 -107.936535 
-2.847236 40.714448 2.970500 10.343472 35.769441 -26.544485 4.600097 24.021985 -53.382732 -8.385677 13.930822 -88.852098 
-2.662467 41.425512 2.415364 9.339486 35.090406 -28.943339 3.255692 18.894715 -51.090028 -65.431166 -249.432497 108.375477 
-2.505620 42.068662 1.810423 10.406596 31.826625 -31.283282 1.894245 13.886049 -48.518456 51.506140 -15.371703 -14.254483 
-2.321015 42.731100 1.172351 8.933682 31.971294 -32.260684 0.491321 9.038472 -45.668022 -88.162167 -237.208075 130.154419 
-2.180089 43.374051 0.512330 6.833811 29.274536 -33.694329 -0.949698 4.364902 -42.564399 -72.359262 -239.572322 143.670633 
-2.024868 43.931362 -0.184298 9.247619 27.305531 -35.658191 -2.268058 -0.046302 -39.334381 -54.690355 -219.775029 28.314169 
-1.867098 44.473168 -0.905892 9.147310 26.434064 -36.026491 -3.720983 -4.107345 -35.814037 -30.450625 -244.749645 7.562190 
-1.724783 44.987650 -1.636288 8.842114 23.467099 -36.958309 -5.090305 -8.057848 -32.149834 -47.258686 -16.543477 -114.628127 
-1.571520 45.467128 -2.394440 9.342647 22.187189 -37.780442 -6.463322 -11.619385 -28.324855 -9.405404 -73.760154 -125.436184 
-1.409806 45.915259 -3.156569 8.671657 21.452828 -38.176314 -7.847177 -14.921569 -24.370268 37.049227 -10.587442 -16.484723 
-1.263724 46.335478 -3.933548 8.091313 19.750441 -38.651130 -9.128751 -18.030207 -20.300499 -24.293015 7.397130 -102.840571 
-1.142729 46.718139 -4.707924 7.606292 17.557503 -38.414977 -10.470030 -20.911968 -16.155357 -82.021193 -195.111844 171.388970 
-1.038834 47.053317 -5.481328 7.779433 14.924062 -38.686414 -11.692666 -23.487017 -12.054975 34.257825 7.996057 -47.712998 
-0.910456 47.379510 -6.254846 6.680776 13.146756 -38.235867 -12.909851 -25.826899 -7.937588 26.362747 -1.623226 -41.665312 
-0.797798 47.643818 -7.014170 7.987314 12.969671 -37.706528 -14.098562 -27.958679 -3.815675 -27.546327 4.622377 -102.072361 
-0.692086 47.910952 -7.766659 6.524309 11.331423 -37.279548 -15.205330 -29.877853 0.248614 -10.527561 -24.420519 126.337657 
-0.573270 48.156620 -8.503924 4.624944 11.977521 -36.923390 -16.335239 -31.536376 4.228782 -6.931541 12.795377 -86.940513 
-0.496950 48.377930 -9.232318 3.864291 9.864545 -35.948644 -17.402968 -32.962483 8.296831 -16.741940 10.530710 -99.444510 
-0.403150 48.560370 -9.935465 4.048810 9.491531 -34.953909 -18.387775 -34.287054 12.255413 47.727969 31.144179 -90.428532 
-0.331092 48.751635 -10.621465 3.116692 8.406776 -34.214112 -19.321956 -35.430860 16.116717 -30.624995 -14.287553 -53.030073 
-0.300512 48.900990 -11.297086 2.649133 5.033709 -32.905708 -20.237464 -36.335438 20.050511 -27.377127 -150.514426 141.667108 
-0.218301 49.012736 -11.947029 3.489136 6.153404 -31.727691 -21.107180 -37.075166 23.738309 -47.760063 -222.269853 -26.252753 
-0.181326 49.127315 -12.572349 3.424975 3.775618 -30.905273 -22.100501 -37.645378 27.405189 -53.403540 -159.334457 115.125931 
-0.085642 49.201892 -13.172953 4.089385 3.886527 -30.423158 -22.917665 -38.212462 30.971845 -27.197154 -226.642465 35.360520 
0.018264 49.293193 -13.763251 4.292783 5.638584 -29.161058 -23.687785 -38.566810 34.589045 -18.736231 9.888750 -100.888937 
0.075088 49.396793 -14.325723 2.623935 6.117412 -28.114976 -24.408209 -38.869147 38.131380 94.208175 64.877041 -119.000515 
0.090858 49.488759 -14.877853 0.722037 4.055573 -27.416951 -25.048899 -39.028857 41.533579 51.160609 37.507556 -85.508823 
0.130143 49.512835 -15.413427 1.812509 4.268580 -26.148764 -25.708956 -39.171859 44.911776 -29.821880 5.390109 -106.247249 
0.156109 49.576762 -15.929416 0.161488 3.582708 -25.201863 -26.358464 -39.024766 48.078077 1.863100 -212.936571 -15.324525 
0.141361 49.603794 -16.417504 1.294838 0.973209 -23.997581 -27.005572 -38.846534 51.191876 -46.564591 -200.741075 55.149208 
0.169530 49.657312 -16.899474 -0.537591 1.493195 -22.944714 -27.626587 -38.464407 54.224857 -26.870739 -52.937283 -108.558679 
0.169321 49.664728 -17.350023 1.494304 0.598416 -22.318675 -28.253870 -38.049626 57.152945 -59.380944 -188.337395 103.661678 
0.223073 49.724837 -17.780454 0.949118 1.956727 -21.131021 -28.727236 -37.627678 60.072674 -19.987204 9.165548 -101.220051 
0.225822 49.767311 -18.207723 0.380784 1.330690 -20.350800 -29.230976 -37.072410 62.940002 -36.984277 -180.208532 -82.085386 
0.388347 49.592245 -18.636445 9.588377 8.902533 -19.564636 -29.702216 -36.442533 65.602995 -38.148340 -116.037030 20.420714 
