# MW x(kpc), MW y(kpc), MW z(kpc), MW vx(km/s), MW vy(km/s), MW vz(km/s) LMC x(kpc), LMC y(kpc), LMC z(kpc), LMC vx(km/s), LMC vy(km/s), LMC vz(km/s) 
-2.772673 1.516892 1.017509 -2.871753 2.297225 1.228736 9.238039 241.787724 128.894263 11.729725 18.599163 -78.084423 
-2.834402 1.540382 1.032399 -2.608718 0.449400 0.755830 9.572187 242.238651 127.284867 15.012920 18.994995 -80.578808 
-2.873430 1.573879 1.058281 -3.080446 0.380620 1.378721 9.756561 242.501273 125.698032 11.163838 18.252554 -79.969347 
-2.891429 1.601745 1.089550 -3.066843 2.775933 1.523593 9.964904 242.853897 124.069303 13.171990 15.892994 -79.788392 
-2.929987 1.616268 1.116819 -1.354791 2.864698 1.422600 10.203185 243.220891 122.454867 10.193943 14.858919 -83.900078 
-3.000842 1.669572 1.144904 -2.555677 1.938098 1.203017 10.389548 243.467043 120.907022 10.775852 14.028506 -78.329670 
-3.067033 1.737839 1.174666 -4.742940 1.343919 1.567271 10.654155 243.732880 119.262561 7.457915 10.223749 -81.554055 
-3.151140 1.737100 1.208169 -1.457727 -0.258946 1.552912 10.796194 243.929957 117.589479 8.767119 9.645277 -83.884112 
-3.188746 1.792980 1.244499 -2.121710 1.404520 1.204262 10.980461 244.101587 115.916375 7.712336 10.029396 -85.126204 
-3.233092 1.838054 1.286562 -0.259723 1.535962 1.433407 11.231034 244.219080 114.195255 14.075339 8.867414 -84.360150 
-3.285479 1.917702 1.316831 -1.508230 1.375449 1.488200 11.436047 244.397922 112.481000 9.211246 4.322605 -84.610141 
-3.353545 1.956597 1.362313 0.850676 0.142292 2.351577 11.667452 244.523959 110.777660 10.520413 6.013382 -84.067418 
-3.325303 2.078904 1.409983 -3.291490 5.412367 2.109801 11.899640 244.631370 109.097862 10.647306 6.872216 -85.956445 
-3.369820 2.174586 1.457419 -4.450250 6.149100 2.544592 12.057710 244.733970 107.343766 11.914665 3.062159 -86.735241 
-3.456176 2.280508 1.507064 -5.162335 3.431617 2.501765 12.274808 244.786264 105.600689 11.152659 3.925538 -86.095060 
-3.511180 2.317480 1.563963 -1.562186 3.134098 2.659113 12.457029 244.796375 103.877257 10.395454 1.125003 -90.443676 
-3.543892 2.420975 1.627690 -3.197959 3.776918 2.731974 12.732314 244.772464 102.177360 9.796374 -0.906778 -88.777197 
-3.591424 2.486225 1.674649 -1.263913 2.749804 2.610613 12.955013 244.765608 100.380490 11.222789 -4.419549 -87.412039 
-3.609211 2.616999 1.724374 -3.224223 4.911340 2.678173 13.141533 244.665435 98.618036 11.490636 -3.757007 -89.239221 
-3.645156 2.682304 1.779818 0.418289 5.760653 3.186836 13.338580 244.511909 96.791571 11.731805 -4.457069 -87.892435 
-3.670920 2.800192 1.839052 -1.130565 6.577774 3.216526 13.585543 244.435484 94.944621 12.326036 -4.446871 -89.060679 
-3.697042 2.915176 1.908115 -1.243166 7.704127 3.140393 13.758954 244.267215 93.152316 11.745804 -8.023234 -91.516621 
-3.752020 3.032621 1.972762 -1.237357 7.315743 3.237332 13.974615 244.148493 91.304711 8.967761 -8.429529 -92.900583 
-3.833188 3.175382 2.041113 -2.238504 5.308204 3.235591 14.185066 243.944772 89.453873 9.018486 -11.654171 -90.005585 
-3.837772 3.274849 2.103539 -1.093126 8.922582 3.754042 14.390649 243.692714 87.697330 12.238692 -13.190786 -93.514165 
-3.896018 3.411415 2.181682 -1.559435 6.969907 3.524059 14.592531 243.453174 85.778329 6.241458 -12.300907 -93.120076 
-3.949111 3.557380 2.251444 -1.491120 6.505755 4.169589 14.811662 243.096597 83.959823 7.563233 -15.372608 -92.357161 
-3.990947 3.703030 2.335807 -2.099686 7.521034 4.225133 14.959183 242.792376 82.009784 9.529167 -18.084453 -94.266721 
-4.016363 3.827053 2.414589 -0.944835 7.797404 4.001478 15.150693 242.412532 80.112396 6.757644 -18.933893 -93.299163 
-4.069926 3.995271 2.486192 -2.033448 6.257904 4.412790 15.318104 242.062420 78.174078 6.737644 -21.009600 -96.561574 
-4.070246 4.157846 2.571006 -1.369642 9.569840 3.870400 15.499973 241.614296 76.273711 11.121164 -19.919713 -93.646093 
-4.143047 4.345300 2.650840 -3.937096 6.327807 3.997244 15.617730 241.187094 74.431896 7.708489 -23.929706 -96.310567 
-4.153699 4.500478 2.731616 -3.187481 9.241722 3.949451 15.765502 240.643517 72.532947 8.629127 -25.739616 -95.979059 
-4.194129 4.666253 2.804542 -2.752562 9.177986 3.719118 15.920669 240.161338 70.599856 6.246473 -29.701045 -97.202381 
-4.268140 4.851772 2.884646 -4.226046 7.456439 4.090786 16.100326 239.597927 68.591159 8.357835 -28.134132 -97.403983 
-4.294487 4.995366 2.963206 -1.531680 10.152352 3.400284 16.334820 239.033400 66.643152 9.044528 -27.693169 -97.995781 
-4.366872 5.154707 3.037411 -0.303044 8.047745 4.073979 16.491066 238.363248 64.677185 8.663260 -34.439494 -99.049632 
-4.399547 5.343965 3.128959 -1.957194 8.231849 4.778185 16.690664 237.753247 62.741424 7.752612 -36.688754 -98.712368 
-4.432999 5.531138 3.217736 -2.069189 8.594798 3.956305 16.762054 237.043763 60.749009 7.479665 -37.725379 -98.929367 
-4.493122 5.706295 3.304640 -0.362634 7.583280 4.807840 16.923282 236.300226 58.737637 6.306885 -36.847149 -98.229736 
-4.507155 5.897249 3.396282 -1.151624 9.997124 4.661658 16.997897 235.517336 56.719130 5.085759 -39.248809 -101.704364 
-4.537480 6.100405 3.489022 -1.925971 10.016702 4.172321 17.184830 234.715680 54.704200 6.012733 -41.472826 -101.421156 
-4.554807 6.309198 3.566878 -1.484949 12.449538 3.885023 17.293380 233.802521 52.674089 6.069925 -42.532325 -100.620287 
-4.620063 6.518717 3.650344 -1.888908 10.911764 4.183543 17.487753 232.924738 50.671051 5.969493 -42.307310 -101.597045 
-4.672426 6.727462 3.743285 -1.391704 10.185987 4.284527 17.564016 232.060015 48.642646 4.063345 -46.242680 -100.268144 
-4.682183 6.953180 3.837013 -1.325973 12.887356 4.635366 17.708221 231.134488 46.681613 7.335585 -46.357191 -101.964812 
-4.730399 7.188750 3.927205 -2.103067 12.735385 4.666702 17.799959 230.231872 44.594560 7.784849 -48.237696 -103.677912 
-4.781322 7.438799 4.010722 -3.224915 12.225243 4.321047 17.933492 229.244102 42.608593 8.141176 -51.568129 -100.998200 
-4.798881 7.653285 4.104140 -1.362683 13.939730 5.066138 18.109309 228.129621 40.483581 6.565638 -55.473450 -103.472085 
-4.850465 7.909755 4.204338 -1.774084 12.071171 5.079478 18.154646 227.010417 38.432683 6.605573 -53.325202 -101.223918 
-4.900599 8.115413 4.309509 1.326762 11.938245 5.241774 18.248489 225.839432 36.305679 7.432589 -57.145063 -105.706995 
-4.927991 8.415505 4.407724 -2.602536 12.330868 4.544788 18.384852 224.711024 34.308472 4.992336 -61.249497 -104.190625 
-4.962953 8.680020 4.494216 -2.452681 12.008566 4.571883 18.516979 223.468208 32.135239 4.806157 -61.972760 -104.537318 
-4.987627 8.942619 4.596368 -1.786929 14.071081 5.372788 18.633001 222.175197 30.089066 4.989690 -63.057089 -105.808966 
-5.034073 9.202664 4.699390 -1.689851 13.631946 4.785452 18.628097 220.893305 27.983570 2.162396 -67.227437 -101.925512 
-5.044992 9.495553 4.795294 -2.522672 14.634383 5.029601 18.719514 219.519377 26.016231 1.981013 -67.357578 -104.624161 
-5.087848 9.801425 4.895447 -4.153474 14.804278 4.866786 18.830803 218.166272 23.875304 4.379882 -71.868559 -103.546053 
-5.127177 10.096630 4.981997 -5.143390 15.162389 4.475835 18.900205 216.741413 21.844488 4.460295 -71.885590 -103.849618 
-5.222719 10.327550 5.077502 -0.304050 11.385621 4.579786 19.015801 215.268038 19.711266 3.372808 -74.844103 -105.210527 
-5.196506 10.629161 5.163157 -0.928116 15.539343 4.205962 19.109891 213.734750 17.594367 2.365267 -78.133734 -106.766445 
-5.254056 11.003616 5.255627 -5.602934 14.268408 4.438339 19.141180 212.140056 15.443806 2.540273 -80.533069 -106.622027 
-5.292622 11.259910 5.348485 -1.348264 15.052254 4.533700 19.175699 210.533988 13.358551 0.521301 -85.060921 -106.223792 
-5.296859 11.582801 5.432684 -1.617282 16.693374 4.830016 19.149356 208.883344 11.275561 -0.355275 -87.638206 -105.211469 
-5.302779 11.909891 5.523035 -1.419844 18.490175 4.504194 19.158874 207.065072 9.254142 0.668808 -85.988670 -104.595941 
-5.342014 12.257786 5.616046 -1.245806 17.284999 4.826771 19.202260 205.376683 7.182931 1.361759 -90.948253 -104.520505 
-5.378431 12.617383 5.707427 -2.034232 16.989654 4.418611 19.291426 203.446888 5.058901 1.457810 -92.920902 -103.598122 
-5.425031 12.974586 5.793680 -2.963089 15.926803 4.182193 19.365775 201.641439 2.901005 -1.746037 -95.310489 -105.109550 
-5.398161 13.333197 5.875957 -2.221082 18.708315 4.127685 19.389144 199.731338 0.850992 -0.809011 -98.855835 -104.552367 
-5.433153 13.709577 5.957346 -2.396161 17.745843 4.385990 19.341061 197.801398 -1.257395 0.993174 -100.298480 -107.469904 
-5.446535 14.047657 6.043518 -0.409730 19.426700 4.289269 19.352054 195.716474 -3.346281 -0.889522 -102.279900 -105.976912 
-5.438297 14.437806 6.115617 -1.494520 21.697856 3.957837 19.257283 193.607450 -5.429359 -0.249393 -105.940107 -103.689521 
-5.468077 14.821275 6.206295 -1.012373 20.103564 4.039897 19.245703 191.492236 -7.522141 -1.255606 -106.180654 -104.551796 
-5.500784 15.200111 6.285522 -0.914279 19.640975 4.060031 19.197796 189.314049 -9.611638 -2.029664 -111.948591 -102.107842 
-5.519900 15.607765 6.367950 -1.889707 19.406639 3.934714 19.298348 187.058112 -11.661650 -0.234207 -114.402243 -103.888245 
-5.538886 15.996815 6.446643 -0.553021 19.213496 4.036850 19.217544 184.784192 -13.737128 -3.158371 -116.551489 -102.093557 
-5.514314 16.409463 6.526393 -1.203904 22.474751 3.969105 19.129875 182.381964 -15.782096 -2.084014 -119.979428 -101.466092 
-5.543800 16.828128 6.606007 -1.904645 20.975342 4.022826 19.082953 179.921163 -17.808701 -0.575317 -124.883662 -99.254820 
-5.552412 17.202440 6.678105 1.869590 22.574154 3.628449 18.960208 177.422068 -19.772447 -3.592290 -128.071012 -101.077305 
-5.564297 17.669886 6.741682 -0.874077 22.015937 3.368133 18.918545 174.864108 -21.853580 -1.957755 -130.115949 -101.586251 
-5.593803 18.134377 6.806718 -2.068617 21.552287 2.980430 18.871171 172.287493 -23.765073 -4.490822 -134.539569 -99.954988 
-5.558826 18.544481 6.868532 0.090465 25.079389 2.688589 18.742219 169.545500 -25.719406 -5.190382 -139.358000 -99.717953 
-5.629588 18.989086 6.924398 2.295845 20.359132 2.938817 18.600041 166.679467 -27.698090 -5.924102 -141.988621 -98.180453 
-5.581788 19.456081 6.989608 2.654886 24.042349 2.706786 18.459594 163.831411 -29.620434 -7.984516 -144.464642 -98.531661 
-5.581208 19.919150 7.038312 2.100774 23.701131 2.484237 18.292742 160.905128 -31.485926 -5.539353 -147.137309 -94.439447 
-5.587028 20.457123 7.090081 -1.467599 23.721547 2.004348 18.158680 157.927924 -33.420893 -8.116464 -150.656952 -93.216651 
-5.583925 20.928687 7.129456 0.398963 24.293535 1.868598 17.961078 154.915586 -35.306541 -9.181166 -155.714188 -93.586548 
-5.554387 21.415661 7.171319 1.033666 26.059634 1.682774 17.814386 151.745886 -37.168369 -9.083289 -159.303602 -92.933271 
-5.563502 21.920308 7.208798 1.284745 26.296075 1.702025 17.593050 148.510071 -39.010238 -10.019257 -162.182888 -92.003711 
-5.551600 22.467689 7.242006 0.093472 27.413713 1.631722 17.366542 145.122337 -40.805698 -13.093456 -167.828799 -87.623348 
-5.567846 22.981201 7.263264 1.047719 26.627258 1.214320 17.163753 141.759028 -42.557958 -12.154348 -172.777241 -86.105950 
-5.565651 23.541492 7.284453 0.373274 26.742589 0.807704 16.990176 138.250417 -44.258647 -12.126251 -175.360081 -83.001997 
-5.513270 24.106634 7.300638 1.139277 30.218578 0.769298 16.672751 134.671401 -45.868397 -14.127581 -183.067545 -80.105564 
-5.517711 24.679037 7.314463 1.238069 29.895273 0.847753 16.416789 131.079195 -47.522795 -17.032480 -186.257277 -81.394428 
-5.526966 25.261772 7.320673 0.359543 29.106751 -0.018006 16.070012 127.285762 -49.113839 -15.378310 -190.364796 -76.927041 
-5.480405 25.827578 7.318219 2.636834 32.332959 -0.447257 15.710490 123.447423 -50.583467 -19.158340 -195.755177 -75.862309 
-5.467878 26.456662 7.308169 2.510025 31.538251 -1.251593 15.400040 119.496070 -52.012807 -19.019837 -202.397075 -70.242422 
-5.419993 27.104579 7.279235 0.935687 33.798122 -1.391107 14.977636 115.444171 -53.422593 -18.107980 -206.122287 -68.935090 
-5.425019 27.757607 7.232913 0.618320 32.359237 -2.112401 14.578904 111.229741 -54.685364 -23.377046 -210.467255 -61.753654 
-5.395355 28.395192 7.185440 2.163729 32.692576 -2.981709 14.083550 107.006276 -55.870219 -24.318731 -215.548567 -58.384989 
-5.365449 29.079995 7.113937 1.238777 32.450607 -3.460911 13.578084 102.593029 -56.987794 -22.901455 -220.055883 -53.320055 
-5.332012 29.740810 7.023452 2.809022 32.561088 -4.538368 13.090265 98.135121 -57.972835 -26.657441 -224.854012 -50.292300 
-5.290389 30.451659 6.926257 1.419083 33.187518 -5.239106 12.605144 93.611857 -58.861653 -25.989481 -230.829921 -42.098918 
-5.204185 31.137641 6.807874 2.182398 35.772127 -6.843087 12.103062 88.880107 -59.668719 -27.609519 -235.538911 -35.936447 
-5.135186 31.869932 6.658167 2.276888 37.261898 -7.600356 11.590461 84.083188 -60.243147 -30.838108 -241.520898 -29.185591 
-5.075632 32.598580 6.495138 3.162809 37.912880 -9.056004 10.939812 79.197767 -60.720900 -32.213338 -245.511326 -19.138947 
-5.031223 33.352394 6.298640 1.723249 37.476105 -10.172210 10.290912 74.157060 -61.163382 -32.313426 -253.773470 -10.000939 
-4.962803 34.102698 6.082973 3.199700 38.342908 -11.511668 9.609491 69.060690 -61.354254 -35.487162 -256.951553 -4.615739 
-4.887802 34.864706 5.832395 2.896923 39.039005 -13.442862 8.856752 63.873568 -61.313092 -38.557056 -263.461481 5.045352 
-4.792876 35.627310 5.548672 3.921007 39.403562 -14.424883 8.107029 58.607086 -61.032936 -41.084484 -266.360206 16.675016 
-4.723409 36.380752 5.241542 6.035350 39.071541 -16.711816 7.255064 53.234478 -60.568942 -44.872880 -269.516100 27.764268 
-4.621061 37.141281 4.878574 6.220322 38.532423 -18.373535 6.393672 47.807327 -59.850745 -43.348073 -269.335747 45.945376 
-4.496641 37.889387 4.487528 6.199140 39.711363 -20.593156 5.478537 42.345240 -58.798549 -45.535801 -269.866617 59.058996 
-4.376704 38.664461 4.055306 5.372481 39.770242 -22.623661 4.537425 37.015809 -57.547247 -50.278789 -269.131864 70.859163 
-4.286090 39.426397 3.586560 5.649389 37.446960 -24.473713 3.602045 31.638359 -55.915559 -50.606565 -267.561107 86.284408 
-4.204379 40.156750 3.071559 5.636655 35.045753 -26.557560 2.540387 26.304620 -54.124532 -50.099966 -268.623697 98.972563 
-4.088595 40.859706 2.521346 6.813303 34.279470 -28.556897 1.477301 21.111696 -51.949775 -53.077291 -260.047908 114.488126 
-3.945440 41.510309 1.927418 8.632272 33.991039 -30.413548 0.315355 15.979436 -49.538935 -53.264882 -250.095156 129.074299 
-3.813553 42.190949 1.300473 7.639182 32.649982 -32.157185 -0.768065 10.915843 -46.810983 -57.012575 -244.871998 142.178980 
-3.648975 42.820463 0.636486 6.699113 33.489399 -33.966989 -1.909198 6.152557 -43.779086 -59.670353 -230.647830 154.807959 
-3.539574 43.448321 -0.055199 6.400964 30.496201 -35.020907 -3.012722 1.607561 -40.566584 -54.893015 -217.773588 167.342072 
-3.450472 44.044446 -0.774925 4.295660 27.519445 -36.577259 -4.143152 -2.732936 -37.056021 -56.175232 -208.845010 176.169952 
-3.368591 44.543187 -1.518203 7.121457 24.473672 -37.244713 -5.307607 -6.803845 -33.486743 -57.119619 -195.937783 185.340351 
-3.249595 45.033380 -2.264301 7.168896 23.027157 -37.904799 -6.387386 -10.583395 -29.753212 -55.566624 -181.560741 192.318440 
-3.127568 45.521901 -3.031390 6.759065 22.022705 -38.260900 -7.500405 -14.090923 -25.780244 -57.548534 -170.958360 200.838690 
-3.018251 45.954795 -3.809455 6.587360 20.677688 -39.027075 -8.546009 -17.348717 -21.823187 -54.534039 -154.796762 200.696454 
-2.915653 46.348569 -4.588311 6.457594 19.217634 -39.082011 -9.664458 -20.296749 -17.693626 -53.401755 -141.140751 208.062955 
-2.812818 46.730718 -5.376657 5.549984 17.867027 -39.195892 -10.714791 -23.003040 -13.528188 -52.213242 -128.213422 207.154861 
-2.751755 47.056352 -6.169686 4.417544 15.532522 -39.113324 -11.687581 -25.509197 -9.408816 -49.733376 -118.853125 206.347716 
-2.665797 47.353674 -6.939289 4.972348 13.284358 -38.557211 -12.617455 -27.741911 -5.290121 -46.204259 -106.195865 204.684728 
-2.593886 47.652795 -7.701951 3.905440 12.301179 -37.681497 -13.582493 -29.818714 -1.256210 -45.360600 -94.335405 205.419981 
-2.535539 47.868763 -8.442224 5.521309 9.488008 -36.997469 -14.456304 -31.690594 2.843594 -43.231687 -84.432715 202.749543 
-2.460876 48.095717 -9.181672 5.110394 10.010141 -36.403165 -15.373491 -33.202584 6.889682 -44.413138 -75.904189 199.856006 
-2.365750 48.307832 -9.902158 3.639003 11.723070 -35.512495 -16.270274 -34.660483 10.848528 -43.228135 -66.772187 194.346999 
-2.342672 48.508155 -10.598068 2.516250 9.448452 -34.382149 -17.018778 -35.941599 14.866603 -41.588037 -58.348249 194.510641 
-2.274108 48.685387 -11.274471 1.994241 9.333606 -33.320338 -17.854072 -37.001814 18.614170 -37.057584 -51.004875 191.853598 
-2.242318 48.820274 -11.935273 2.022058 8.038997 -32.085396 -18.585352 -37.959153 22.435225 -33.569330 -40.572749 186.703801 
-2.219384 48.975370 -12.563613 0.469427 6.932496 -31.200134 -19.278813 -38.724992 26.158189 -34.753516 -31.197598 184.751406 
-2.220852 49.084267 -13.194026 1.610167 3.717939 -30.709678 -20.058979 -39.194392 29.718416 -33.384933 -26.702346 177.047803 
-2.188815 49.169724 -13.787811 1.651966 3.282310 -29.370400 -20.634416 -39.703441 33.315020 -32.437149 -18.099737 176.573076 
-2.131790 49.229851 -14.362179 3.272351 3.706836 -28.230776 -21.347712 -39.969875 36.845737 -32.786670 -12.515725 174.435179 
-2.057762 49.327272 -14.925691 2.360515 4.684131 -27.421083 -21.920622 -40.153768 40.231510 -28.166301 -9.272352 168.598240 
-2.022030 49.422755 -15.462720 0.357714 4.954807 -26.856052 -22.465755 -40.357381 43.655099 -25.871296 -2.098753 163.979675 
-2.001567 49.481765 -15.992407 0.520375 4.308711 -25.807152 -22.994312 -40.386112 46.899256 -26.228805 1.049442 161.690504 
-1.991936 49.566004 -16.491400 -1.089462 5.095223 -24.560052 -23.569778 -40.251941 50.080787 -27.826867 8.507872 155.528494 
-2.000772 49.635295 -16.970602 -2.014439 3.522030 -23.655243 -24.057871 -40.071243 53.067822 -25.190760 12.609787 150.373732 
-2.024141 49.643651 -17.434347 -0.173280 0.928305 -22.111548 -24.538487 -39.802893 56.170175 -24.073128 19.211833 147.275130 
-2.027946 49.655390 -17.871141 0.611239 -0.012574 -21.278237 -25.040534 -39.409863 59.032307 -23.161231 22.434001 144.507468 
-2.030258 49.658679 -18.296470 1.193090 -0.481185 -20.680500 -25.467909 -38.937172 61.943108 -21.968536 28.649136 140.013772 
-1.991295 49.655196 -18.711116 2.642514 2.152868 -19.814559 -25.862233 -38.286108 64.669963 -20.144563 30.209298 132.396392 
-1.978395 49.705168 -19.098571 1.564556 2.040688 -19.068259 -26.253048 -37.645717 67.310090 -18.837233 32.626296 131.407542 
-1.616881 49.192193 -19.466916 29.284040 14.214421 -17.949146 -26.656602 -36.925086 69.912400 -16.633485 38.938607 128.566073 
