# MW x(kpc), MW y(kpc), MW z(kpc), MW vx(km/s), MW vy(km/s), MW vz(km/s) LMC x(kpc), LMC y(kpc), LMC z(kpc), LMC vx(km/s), LMC vy(km/s), LMC vz(km/s) 
-2.772673 1.516892 1.017509 -2.871753 2.297225 1.228736 12.008039 243.787740 129.894255 11.721803 32.181709 -76.444348 
-2.834391 1.540344 1.032384 -2.606073 0.445929 0.754128 12.340731 244.506416 128.316445 12.407778 33.282497 -77.246555 
-2.873350 1.573681 1.058213 -3.071531 0.375621 1.377374 12.533421 245.035990 126.761738 12.347155 33.177457 -76.924184 
-2.891311 1.601396 1.089412 -3.056933 2.761463 1.519362 12.742708 245.659532 125.164959 8.074060 28.577707 -78.215338 
-2.929514 1.615568 1.116514 -1.337001 2.862709 1.418594 12.985776 246.295614 123.582697 13.123958 31.981109 -75.238673 
-3.001456 1.668923 1.144555 -2.554017 1.851100 1.196958 13.177657 246.806452 122.069682 14.209940 34.504399 -79.036374 
-3.066494 1.736594 1.174067 -4.728739 1.332186 1.557608 13.438549 247.350066 120.462977 4.387848 30.418199 -81.116720 
-3.150448 1.735517 1.207353 -1.450274 -0.291472 1.540218 13.590417 247.818165 118.816717 19.869405 9.377451 -81.925042 
-3.191167 1.793349 1.242892 -2.291095 1.119836 1.182494 13.772639 248.262107 117.182453 15.847552 12.675161 -80.885119 
-3.209330 1.852830 1.283704 -1.628105 3.355550 1.410100 14.023894 248.650115 115.495206 12.691896 31.875462 -75.528661 
-3.267003 1.901816 1.317382 -0.477245 2.720076 1.474209 14.229601 249.100185 113.812604 24.781110 18.649296 -76.861126 
-3.349245 1.954940 1.360578 0.649138 0.318125 2.336503 14.463832 249.501807 112.146156 15.047727 34.766045 -82.853654 
-3.331272 2.069760 1.407534 -2.944796 4.743115 2.090475 14.698197 249.884540 110.507068 22.806152 27.718153 -77.253291 
-3.405336 2.131445 1.458091 -1.567282 3.101713 2.485530 14.850992 250.263163 108.789005 14.635321 33.813167 -77.682707 
-3.438428 2.257340 1.503997 -3.902285 4.618996 2.463843 15.072351 250.587076 107.081751 12.974865 34.256959 -72.216675 
-3.509757 2.298431 1.560253 -0.716169 2.935261 2.608278 15.259229 250.875601 105.398058 16.960994 29.386365 -68.986407 
-3.558322 2.386074 1.614589 -1.205657 2.253531 2.737683 15.530899 251.141454 103.735666 -2.073428 19.172278 -70.208097 
-3.568169 2.488520 1.666554 -2.341628 4.162737 2.550746 15.750282 251.393271 101.979098 10.408135 23.225143 -78.489660 
-3.610214 2.567911 1.718718 -0.430096 4.437708 2.681276 15.928817 251.573060 100.256407 16.955909 29.793901 -74.136327 
-3.652158 2.681090 1.773569 -0.623079 4.741481 3.131910 16.141689 251.704181 98.467645 2.907305 27.032051 -83.061587 
-3.666602 2.787509 1.832168 -1.481472 6.403102 3.170161 16.376225 251.905927 96.655466 5.146726 16.231210 -87.454482 
-3.723726 2.874355 1.901407 0.511691 5.093198 3.133376 16.545614 252.025424 94.907912 8.319894 4.161504 -86.740953 
-3.744167 3.036542 1.964687 -3.294989 7.268902 3.198455 16.758259 252.192944 93.105103 9.633057 -0.756143 -88.340968 
-3.808637 3.153565 2.027392 -2.422879 6.573526 3.177724 16.972601 252.266113 91.300384 35.418528 -69.200054 -94.592345 
-3.834200 3.235104 2.091629 -0.144554 8.424109 3.713264 17.182996 252.305214 89.579058 0.934571 28.096801 -63.752624 
-3.882378 3.380203 2.166795 -1.473284 7.197340 3.480956 17.372604 252.358409 87.702041 22.360480 2.533979 -77.960298 
-3.919413 3.549676 2.235082 -3.599067 7.977212 4.077559 17.589213 252.298509 85.927792 -17.089464 -13.744394 -91.199515 
-4.036727 3.659910 2.314066 -1.747012 2.790546 4.231786 17.741927 252.277242 84.027641 25.096912 27.999952 -68.821300 
-4.028810 3.772515 2.394823 0.094009 5.753366 3.942695 17.932102 252.194162 82.176620 17.294889 39.500425 -90.707122 
-4.046980 3.971989 2.463315 -3.886366 7.047777 4.378929 18.097979 252.153479 80.288179 -1.446061 28.142156 -84.329484 
-4.100890 4.112162 2.541959 -1.780782 6.132990 3.917493 18.283122 252.000142 78.441170 14.605852 27.605669 -68.721079 
-4.118313 4.279015 2.625557 -2.956852 7.194335 3.870031 18.401335 251.874335 76.637071 5.643962 18.765593 -32.239572 
-4.114914 4.430336 2.710884 -2.269573 11.245491 3.816755 18.556247 251.643902 74.798284 5.940346 -64.216253 -143.778950 
-4.189825 4.609285 2.781815 -3.326178 8.301970 3.573026 18.707761 251.469995 72.915874 17.578310 26.187631 -61.440934 
-4.234002 4.771028 2.862785 -3.395750 8.850729 3.970279 18.890739 251.222965 70.964535 33.323474 23.813006 -71.352903 
-4.333000 4.920703 2.931394 -1.770563 5.751098 3.307818 19.104557 250.964204 69.048703 4.560871 30.986192 -81.652168 
-4.364436 5.099931 3.008752 -2.442218 6.831721 4.033781 19.266133 250.634484 67.159465 4.982173 24.130566 -58.271851 
-4.361110 5.275591 3.099670 -3.431894 9.851769 4.592916 19.466041 250.322079 65.276374 39.952698 20.408241 -69.857727 
-4.403500 5.465122 3.180537 -4.531544 9.478348 3.908516 19.515270 249.944831 63.333244 10.569501 -35.330590 -48.189536 
-4.508820 5.623485 3.275929 -2.232210 4.865425 4.704780 19.672307 249.550363 61.404020 8.092363 -27.736773 -82.573982 
-4.509398 5.813923 3.365560 -3.533267 8.231790 4.694046 19.756181 249.073722 59.434635 3.967836 31.267335 -81.174314 
-4.496584 5.979327 3.446570 -1.936590 11.590491 4.069556 19.937132 248.614433 57.470546 -5.720952 27.152293 -84.808061 
-4.552520 6.200646 3.523326 -3.414632 10.781406 3.884229 20.045353 248.039184 55.489597 15.805168 25.509176 -64.576247 
-4.603492 6.406648 3.604504 -4.131009 10.436984 4.099372 20.232447 247.468285 53.544845 18.522423 22.117260 -74.960449 
-4.646885 6.595887 3.697192 -3.130635 10.167141 4.169009 20.306455 246.974925 51.558061 -2.032613 27.832172 -85.347965 
-4.686272 6.788289 3.784438 -1.501892 10.729228 4.574442 20.475808 246.403438 49.680896 -11.659906 38.557850 -68.700489 
-4.749831 7.003039 3.878058 -1.494078 8.933559 4.672214 20.564509 245.852826 47.641369 -8.614998 26.224448 -85.830187 
-4.744800 7.240744 3.964158 -2.559727 13.124856 4.043116 20.703174 245.220151 45.694608 -10.501810 17.588946 -91.915651 
-4.793369 7.479418 4.060991 -3.747670 12.365572 4.926901 20.837610 244.457404 43.663157 3.830610 0.599522 -92.316436 
-4.826515 7.704521 4.156137 -2.539965 12.165489 4.928686 20.927008 243.740965 41.670224 -8.914926 15.084687 -91.545913 
-4.887137 7.891885 4.255130 0.765801 10.851845 5.055975 21.009265 242.924792 39.620665 4.948628 7.361760 -90.502690 
-4.901820 8.144393 4.352475 -0.384312 12.500290 4.443607 21.154213 242.159779 37.665728 14.867195 29.687113 -67.211414 
-4.941072 8.395255 4.438193 -0.158236 11.777540 4.492358 21.287697 241.280344 35.552494 37.936056 23.055163 -61.936916 
-4.968955 8.681024 4.539319 -3.043567 13.518226 5.306003 21.425109 240.398817 33.584941 -22.294767 -11.367176 -102.637545 
-5.017684 8.917520 4.645137 -2.202260 13.282066 4.715169 21.409747 239.504716 31.551605 15.000825 29.537177 -66.666916 
-5.037804 9.166326 4.743812 -1.105388 13.200538 4.908185 21.484556 238.530935 29.615468 34.451834 23.823806 -34.900092 
-5.084505 9.459396 4.836393 -3.356648 13.065288 4.729323 21.603554 237.588062 27.561899 32.381029 43.709851 -82.852030 
-5.107200 9.729876 4.932126 -3.561210 14.665208 4.621571 21.682785 236.562274 25.604199 24.834130 -114.813897 -48.687211 
-5.139637 9.969811 5.016049 -0.918881 15.475862 4.537150 21.823089 235.507151 23.542764 6.642335 -9.065667 -61.106766 
-5.205497 10.244955 5.109486 -1.777910 12.465564 4.570617 21.911251 234.414602 21.473820 42.473279 49.635791 -89.858829 
-5.233520 10.542965 5.196966 -2.240700 14.165601 4.485764 21.973194 233.218940 19.380816 -9.445956 -116.605739 -98.626763 
-5.287457 10.821760 5.285909 -1.173981 13.574784 4.397930 21.991482 232.035846 17.372400 -33.144315 -111.763523 17.698056 
-5.311191 11.110684 5.379229 -0.629990 14.162488 4.836941 22.019463 230.852183 15.342598 -5.801352 -111.306072 22.197298 
-5.339495 11.461314 5.472766 -4.578434 14.049627 4.647879 22.027131 229.505274 13.410793 -0.296951 30.323491 -83.118488 
-5.337232 11.754536 5.563855 -1.922020 16.717610 4.723081 22.069635 228.263882 11.377605 -1.485148 29.183723 -85.132704 
-5.344052 12.051529 5.661641 -0.591092 18.736509 4.409024 22.136096 226.871970 9.320246 -28.169619 -90.005245 -135.458677 
-5.407471 12.390242 5.744925 -2.138255 16.420674 4.400298 22.229085 225.479366 7.245633 -14.282161 22.901404 -89.040996 
-5.397893 12.718849 5.829611 -0.951144 18.250964 4.246649 22.277483 224.052573 5.260502 -15.445434 22.729960 -89.156070 
-5.468021 13.053607 5.916739 -1.102311 15.102332 4.348526 22.262012 222.647571 3.189166 -41.256710 -209.470175 22.731156 
-5.435991 13.374962 6.009060 0.098138 19.616425 4.245251 22.302319 221.071395 1.155072 -6.091037 -0.902294 -90.964151 
-5.482677 13.709902 6.086214 1.325126 17.788543 4.285191 22.268569 219.489958 -0.848172 2.841804 -4.023259 -96.085926 
-5.529177 14.124329 6.174294 -3.747471 16.236229 4.550485 22.255028 217.943546 -2.931929 -19.162489 -88.441657 -27.911246 
-5.550916 14.435450 6.269253 -0.919369 16.359721 4.548720 22.256165 216.275927 -4.954651 75.934524 -0.986734 -48.115016 
-5.537567 14.808044 6.350214 -2.094523 18.941770 4.357594 22.313291 214.573977 -6.969257 -5.954700 -25.214445 -21.535207 
-5.553471 15.172861 6.445582 -1.437531 18.738792 4.531731 22.286589 212.878842 -8.977018 -72.889973 -159.064855 -33.181729 
-5.580775 15.524894 6.528636 -0.866252 18.213479 4.616974 22.237350 211.016180 -11.019895 7.492202 -90.862199 -87.094596 
-5.636634 15.867733 6.616366 1.947902 16.270537 4.570785 22.203036 209.207686 -12.951758 -1.269582 -94.168270 -97.483831 
-5.599464 16.229522 6.700478 1.831716 20.460103 4.194529 22.134899 207.302681 -14.937535 33.339906 18.903302 -62.835798 
-5.633217 16.618489 6.784389 1.622658 18.869468 4.299043 22.171283 205.393543 -16.949897 -4.348935 -172.368507 -61.034386 
-5.655334 17.068701 6.863230 -1.885712 19.698914 3.656008 22.113762 203.451331 -18.923899 -3.335494 29.155563 -85.078122 
-5.658817 17.427302 6.935578 0.563134 20.373879 3.509794 22.004347 201.356698 -20.835409 -1.654585 30.140523 -81.946595 
-5.684322 17.859136 7.012074 -1.186224 19.617182 3.746374 21.992566 199.214684 -22.809235 -6.925922 27.391256 -90.879552 
-5.657464 18.227364 7.087650 2.659163 22.825169 3.642886 21.889694 197.115609 -24.764525 -28.717939 9.468885 -101.941963 
-5.671822 18.674677 7.160586 -0.234256 21.945411 3.320694 21.805754 194.903885 -26.650157 -45.857554 -164.183957 -72.236128 
-5.702713 19.073374 7.235096 0.864154 20.724188 3.191820 21.696429 192.651143 -28.626293 23.235852 17.472194 -47.943666 
-5.697141 19.505896 7.293214 0.343172 21.757338 2.937550 21.581633 190.382241 -30.547563 -20.044338 -41.017102 -119.113081 
-5.715905 19.950076 7.350323 0.684139 21.457133 2.843113 21.458867 188.010257 -32.430430 9.245599 -161.514579 -59.731540 
-5.703989 20.382445 7.411277 1.391333 22.912189 3.142499 21.372857 185.562754 -34.356150 -35.251213 -174.742091 -61.131746 
-5.709924 20.895125 7.468032 -3.242891 22.884981 2.724079 21.232282 183.011033 -36.255277 -26.835314 -89.521886 16.881465 
-5.707808 21.293271 7.529719 0.568384 25.275678 3.200605 21.129586 180.572139 -38.115369 -20.454404 -149.995036 -21.970696 
-5.710297 21.759965 7.581434 1.315056 25.108465 2.579067 20.971604 177.953460 -39.938257 24.323031 16.110793 -45.721046 
-5.724493 22.262955 7.630179 0.812068 25.174886 2.687619 20.788557 175.234805 -41.707039 -7.949857 -134.472418 -90.418037 
-5.751142 22.759865 7.677755 -0.182518 24.561835 2.569743 20.651535 172.502970 -43.500230 -42.593398 -180.968361 -98.720914 
-5.765936 23.246410 7.723164 -0.632076 24.715557 2.356798 20.371766 169.749843 -45.266585 -49.619711 -198.157296 51.397132 
-5.767514 23.692568 7.773583 2.888150 25.626659 2.538520 20.198846 166.874104 -47.038215 -46.841552 -135.354894 34.499285 
-5.755905 24.236965 7.814691 1.071084 26.373610 2.215806 19.994693 163.976586 -48.744548 -9.607408 -147.666394 -78.456681 
-5.736427 24.787301 7.847999 -0.183258 27.905422 1.329081 19.687253 161.008996 -50.451722 -12.009063 -135.316609 -48.096133 
-5.723286 25.337403 7.873085 -0.563290 28.781945 1.835400 19.468060 157.912982 -52.076469 -22.981267 18.186964 -95.697892 
-5.742279 25.874282 7.900920 -0.313891 27.570645 1.011410 19.149925 154.762165 -53.649571 20.725245 16.657795 -47.967413 
-5.739828 26.407087 7.914907 1.213931 28.024602 1.247388 18.902307 151.540128 -55.228685 38.684615 40.309696 -95.755570 
-5.753062 27.009165 7.928386 -0.096731 26.179147 0.603908 18.560543 148.275562 -56.751647 -28.150146 -187.799148 -4.093392 
-5.717811 27.547463 7.926814 2.963272 29.032156 0.110526 18.306558 144.901695 -58.261869 -40.218423 -170.457962 21.115467 
-5.699327 28.156508 7.929843 -1.033210 29.453851 -0.261946 17.999738 141.507503 -59.648222 70.048451 7.289679 -61.294156 
-5.675788 28.745296 7.922699 0.377857 29.996785 -0.381268 17.717703 138.025512 -61.091262 -64.652792 -207.078261 92.807236 
-5.673366 29.315979 7.909490 1.717013 29.961291 -0.860556 17.345501 134.398454 -62.383883 -8.523594 22.763908 -86.379629 
-5.628638 29.927524 7.884839 1.283529 32.198959 -1.086571 16.983308 130.666180 -63.694696 -27.446179 -176.283539 -76.011356 
-5.635635 30.573017 7.855975 0.802664 30.476046 -1.351079 16.531277 126.969371 -64.974595 30.192031 11.171182 -27.684003 
-5.596321 31.173507 7.823879 2.138784 32.058323 -1.671118 16.188729 123.098317 -66.074143 -22.597949 -196.498489 -54.685429 
-5.569204 31.828220 7.783392 0.769144 31.880819 -2.459877 15.739779 119.189064 -67.147585 -39.469002 12.203024 -104.952131 
-5.532267 32.481912 7.715751 0.919448 32.797678 -3.060865 15.279307 115.148811 -68.091606 -20.534867 -155.354715 15.649080 
-5.504912 33.092036 7.658515 3.518246 32.774466 -3.755350 14.823748 111.002975 -69.028128 -27.014567 16.555580 -97.986244 
-5.433985 33.772718 7.566260 2.390093 33.485074 -4.879620 14.299592 106.822584 -69.768902 -7.016886 -44.419251 -113.362051 
-5.372421 34.443615 7.467033 1.868046 35.419541 -5.372520 13.778666 102.637719 -70.525289 -42.496091 -161.864981 83.073979 
-5.337731 35.154527 7.357384 -0.505675 35.053565 -6.245337 13.245679 98.259311 -71.139533 -3.545271 -26.733690 -107.544250 
-5.348120 35.811237 7.217296 2.336999 32.794198 -7.427760 12.690555 93.844922 -71.636637 -70.449110 -254.943951 51.332623 
-5.289978 36.499917 7.058138 2.312217 32.962694 -8.260198 12.085601 89.266073 -72.018271 53.223579 93.729782 -175.482196 
-5.231256 37.171546 6.888448 4.013849 33.544623 -8.897014 11.394409 84.794529 -72.207912 -31.954615 -213.449867 -6.859242 
-5.136794 37.861043 6.691166 4.499381 37.127540 -10.247567 10.739704 80.099660 -72.277748 37.485301 41.613144 -86.097066 
-5.059966 38.556499 6.468754 5.804059 35.432617 -11.591079 9.997562 75.383231 -72.222033 -11.502024 27.216021 -88.203108 
-5.004486 39.303656 6.224813 4.498777 35.676304 -12.953463 9.359721 70.574634 -71.974322 -25.288134 20.797719 -100.462233 
-4.943756 40.019987 5.963516 4.452470 35.984449 -14.119179 8.568364 65.721069 -71.573071 -47.224286 -257.530411 15.875503 
-4.865463 40.769113 5.661831 3.629724 36.336909 -15.787237 7.829838 60.687607 -71.064800 -41.830081 14.292875 -100.118274 
-4.817675 41.453624 5.338589 5.975757 34.537922 -16.454302 7.008342 55.798238 -70.292581 -7.097700 -174.092516 -76.822363 
-4.720417 42.159368 4.985202 7.238150 34.365413 -18.655663 6.182678 50.818701 -69.299585 -25.081722 -226.176439 -23.769998 
-4.618734 42.917686 4.595432 6.451699 35.784824 -20.532338 5.327370 45.823275 -68.043068 -50.614935 -76.882527 -140.500523 
-4.492427 43.637097 4.170962 6.887720 37.170118 -21.754842 4.417707 40.847009 -66.568561 -43.830304 -192.572703 -27.131968 
-4.437026 44.375689 3.724601 4.767083 35.504599 -23.646977 3.419687 35.881810 -64.854239 -17.955440 -65.346665 -131.303758 
-4.349682 45.089840 3.240592 4.609812 34.679014 -24.491273 2.495099 30.981931 -62.905980 53.551743 -3.790150 -8.809736 
-4.266486 45.779268 2.737129 4.672733 33.734611 -26.199510 1.463443 25.959009 -60.747899 55.396686 59.584747 -86.337081 
-4.182651 46.426298 2.199108 6.048169 31.411683 -27.518582 0.497766 21.306934 -58.279196 -111.853093 -233.308133 134.713429 
-4.073932 47.056766 1.639394 6.796290 31.652440 -28.789728 -0.510960 16.594679 -55.610717 -12.155149 -190.183116 146.250163 
-3.965961 47.688877 1.038414 7.679456 30.978554 -30.371163 -1.595937 12.067494 -52.687969 -60.058181 -205.990708 70.817319 
-3.881924 48.302968 0.414556 7.616950 29.714080 -31.593342 -2.691611 7.778367 -49.558054 -17.762437 24.000857 -97.127471 
-3.780334 48.909452 -0.242512 5.690345 29.198796 -33.128902 -3.756689 3.507899 -46.210872 -17.175656 -215.251121 -0.896303 
-3.680828 49.474613 -0.915039 4.808533 28.878848 -33.862178 -4.752065 -0.457384 -42.666612 -11.651878 -149.179962 75.871040 
-3.627974 50.012451 -1.615658 3.233099 25.895521 -35.031678 -5.764540 -4.179515 -38.952683 -18.793178 -225.502094 7.456521 
-3.558246 50.494158 -2.332436 3.427687 23.892247 -35.831407 -6.860961 -7.689934 -35.136979 50.502494 11.591829 -62.847707 
-3.509671 50.957419 -3.061526 3.282508 20.688606 -36.382690 -7.831553 -10.896782 -31.174268 -41.625096 -227.440645 77.461760 
-3.395316 51.367121 -3.800895 2.464328 21.305444 -36.782506 -8.921220 -13.835425 -27.037326 -62.839724 -198.729456 -28.217348 
-3.319553 51.731866 -4.549550 5.762678 18.456776 -37.803737 -9.907601 -16.637647 -22.829089 24.670277 22.119053 -48.045630 
-3.230126 52.078960 -5.310888 6.306876 17.155923 -37.827662 -10.870211 -19.120889 -18.572580 -7.802679 -173.497777 -34.066462 
-3.144386 52.390715 -6.070948 6.395338 16.357864 -38.339764 -11.709736 -21.503480 -14.338225 -44.618497 10.278699 -103.292697 
-3.044283 52.754218 -6.820220 3.739035 16.921333 -37.770629 -12.554895 -23.617483 -10.111826 -19.031954 23.208604 -95.316076 
-2.994129 53.052647 -7.575442 2.209106 14.561700 -37.509594 -13.501653 -25.526256 -5.936916 -8.771177 -44.218360 -116.604728 
-2.954103 53.335570 -8.328710 1.234115 12.807978 -37.263364 -14.297891 -27.112505 -1.704970 49.116737 -9.337624 117.586759 
-2.952295 53.574985 -9.059590 0.852441 8.944355 -36.437878 -15.153239 -28.553991 2.555557 99.424863 36.774863 79.873270 
-2.922600 53.760639 -9.778195 2.253644 6.695904 -35.747881 -15.988577 -29.738210 6.678405 -46.533944 -39.285935 156.012953 
-2.831316 53.946867 -10.487542 2.716467 7.082252 -35.503255 -16.732346 -30.769001 10.781262 -21.357035 -221.766004 -4.528929 
-2.781390 54.076452 -11.178757 3.780723 7.688247 -34.111428 -17.460752 -31.775801 14.892482 -38.721768 -165.636987 1.157393 
-2.697469 54.198700 -11.845832 5.519868 9.212870 -33.188304 -18.174594 -32.459527 18.809512 -17.579200 26.046236 -89.921644 
-2.173605 53.557288 -12.511285 43.870304 26.049943 -32.018678 -18.853418 -33.076068 22.824971 -128.860239 -57.868894 -162.820019 
