# MW x(kpc), MW y(kpc), MW z(kpc), MW vx(km/s), MW vy(km/s), MW vz(km/s) LMC x(kpc), LMC y(kpc), LMC z(kpc), LMC vx(km/s), LMC vy(km/s), LMC vz(km/s) 
1.930710 3.539903 -1.926767 1.004423 2.778314 -1.041654 12.308877 237.842848 129.914276 12.358271 12.739966 -77.119934 
1.950767 3.595090 -1.946106 1.019920 2.979779 -0.897570 12.512109 238.064233 128.376684 12.296070 11.497654 -77.822163 
1.971675 3.659899 -1.963655 0.951728 3.268663 -0.856206 12.775446 238.263139 126.775790 12.222750 10.228435 -78.541251 
1.992198 3.730609 -1.979761 0.820151 3.540687 -0.783261 13.016566 238.485079 125.145716 12.149104 8.966622 -79.234261 
2.009297 3.801124 -1.994650 0.770993 3.678501 -0.675764 13.267142 238.588908 123.596131 12.074104 7.694232 -79.907537 
2.025139 3.876885 -2.007322 0.779101 3.739693 -0.593367 13.518718 238.762434 122.040147 11.992133 6.430056 -80.589899 
2.043738 3.953190 -2.018368 0.783796 3.970385 -0.499818 13.676079 238.843293 120.391074 11.888456 5.143286 -81.251720 
2.055441 4.035820 -2.028348 0.711381 4.051775 -0.471375 13.950791 238.992334 118.782857 11.803989 3.832058 -81.918196 
2.073461 4.117824 -2.036598 0.801395 4.249342 -0.382264 14.201701 239.018703 117.142313 11.710291 2.534159 -82.575103 
2.088925 4.205159 -2.043418 0.699925 4.343582 -0.297349 14.376802 239.077430 115.498861 11.615267 1.219402 -83.234326 
2.105585 4.295318 -2.048846 0.837713 4.376439 -0.218613 14.617469 239.063522 113.808793 11.510264 -0.114372 -83.897880 
2.130166 4.386114 -2.052728 0.954220 4.663626 -0.208018 14.846379 239.083404 112.120715 11.444673 -1.460891 -84.562229 
2.146735 4.480114 -2.057032 0.891484 4.846359 -0.163870 15.124636 238.955706 110.403935 11.361638 -2.836890 -85.217623 
2.167116 4.579314 -2.060103 0.864667 5.000495 -0.158078 15.340955 238.946279 108.708161 11.278446 -4.230489 -85.868210 
2.184886 4.683116 -2.062988 0.884495 5.277222 -0.144797 15.526131 238.796565 106.980465 11.198453 -5.603824 -86.513486 
2.202630 4.791115 -2.065224 0.873189 5.454800 -0.068940 15.739506 238.738518 105.339409 11.110043 -7.014730 -87.160924 
2.228833 4.902562 -2.065703 0.983593 5.750382 0.022176 16.019127 238.558464 103.533702 11.018851 -8.447416 -87.816879 
2.246352 5.021558 -2.064648 1.003795 5.973166 0.068745 16.219168 238.384445 101.739335 10.924848 -9.908537 -88.465310 
2.270167 5.141719 -2.062451 1.088486 6.279285 0.130484 16.466540 238.172142 99.954821 10.839031 -11.358909 -89.098357 
2.294899 5.273413 -2.060112 1.100760 6.525885 0.125822 16.651142 237.924417 98.153354 10.735399 -12.820640 -89.714922 
2.318771 5.404492 -2.057679 1.076567 6.699170 0.117885 16.911900 237.628519 96.325388 10.625347 -14.303967 -90.353361 
2.339585 5.539422 -2.055452 1.188942 6.793204 0.118918 17.065193 237.363349 94.599448 10.507184 -15.806263 -90.981387 
2.369574 5.681456 -2.053417 1.242982 7.185280 0.068738 17.321764 237.062726 92.793090 10.390849 -17.308590 -91.587164 
2.393160 5.826119 -2.051759 1.098079 7.491901 0.089445 17.489310 236.686511 90.941685 10.286730 -18.837109 -92.173074 
2.416415 5.976897 -2.049632 1.198170 7.684838 0.142527 17.659525 236.273624 88.997879 10.180934 -20.380081 -92.758362 
2.443204 6.134260 -2.045959 1.069986 7.988605 0.209311 17.896750 235.864425 87.134635 10.067228 -21.927196 -93.354340 
2.461005 6.293495 -2.040288 1.044738 7.955006 0.357376 18.104362 235.402215 85.269011 9.942982 -23.494522 -93.931598 
2.485546 6.458690 -2.033372 1.157521 8.226666 0.335461 18.298857 234.930077 83.402514 9.833768 -25.090927 -94.525717 
2.514215 6.628337 -2.026195 1.153027 8.558497 0.407494 18.536246 234.426597 81.540932 9.709090 -26.722077 -95.112893 
2.539069 6.799644 -2.017387 1.183920 8.699639 0.481561 18.711861 233.880989 79.595255 9.583025 -28.371000 -95.675179 
2.563646 6.974599 -2.005969 1.221585 8.844286 0.656026 18.846444 233.225569 77.684761 9.465016 -30.066224 -96.232375 
2.589428 7.152818 -1.991512 1.228548 8.961666 0.760740 19.019189 232.627440 75.774032 9.350363 -31.743821 -96.806979 
2.617918 7.336834 -1.975438 1.339906 9.235412 0.906831 19.230453 231.995360 73.836059 9.214331 -33.462777 -97.361451 
2.646652 7.523524 -1.955627 1.278180 9.564919 1.060811 19.440438 231.343316 71.867252 9.088058 -35.188580 -97.904434 
2.675140 7.718581 -1.933503 1.361178 9.871196 1.156510 19.654915 230.572671 69.904435 8.950871 -36.956515 -98.432223 
2.703774 7.915436 -1.908981 1.429129 10.065164 1.297714 19.764334 229.831277 67.930903 8.815385 -38.737580 -98.931064 
2.734604 8.120361 -1.881825 1.512250 10.372185 1.396771 19.893178 229.028378 65.945861 8.651176 -40.576890 -99.418285 
2.766554 8.329637 -1.852615 1.528057 10.616271 1.506648 20.135799 228.212785 63.933702 8.496549 -42.388866 -99.889369 
2.797979 8.544554 -1.822056 1.497289 10.826527 1.565783 20.311753 227.368995 61.948706 8.332122 -44.251622 -100.355405 
2.827950 8.764525 -1.789968 1.483367 11.114842 1.628141 20.514243 226.483635 59.968557 8.164550 -46.134055 -100.818729 
2.859381 8.985756 -1.757142 1.547909 11.358671 1.672513 20.691248 225.543959 57.929644 8.016148 -48.055510 -101.276851 
2.892211 9.217332 -1.723144 1.624972 11.534141 1.712428 20.826229 224.541745 55.935798 7.839869 -49.989738 -101.748337 
2.927280 9.455317 -1.688436 1.624607 11.957175 1.778385 20.957554 223.486537 53.866836 7.662819 -51.974918 -102.195791 
2.960531 9.695679 -1.651474 1.727544 12.239668 1.925003 21.093793 222.405492 51.804699 7.490111 -53.972982 -102.664578 
2.994758 9.943802 -1.611586 1.744500 12.493686 2.071826 21.249631 221.308955 49.771320 7.331844 -56.011743 -103.110478 
3.032774 10.196515 -1.569305 1.652914 12.774169 2.098943 21.422482 220.210511 47.689206 7.145008 -58.077624 -103.572099 
3.066395 10.454849 -1.528155 1.623531 13.061515 2.017929 21.568767 219.044743 45.636794 6.971523 -60.182941 -104.013956 
3.100981 10.716407 -1.487587 1.565204 13.242654 2.049619 21.726500 217.767302 43.512303 6.770386 -62.310694 -104.436112 
3.133768 10.983165 -1.446546 1.572991 13.499862 2.067807 21.846188 216.500481 41.450659 6.567111 -64.493253 -104.838106 
3.164906 11.257603 -1.405674 1.560069 13.840202 2.023251 21.998194 215.204156 39.332011 6.373784 -66.694530 -105.241045 
3.198673 11.536482 -1.364802 1.631629 14.155117 2.076660 22.090667 213.825631 37.263303 6.171112 -68.926480 -105.623977 
3.231419 11.819884 -1.322479 1.743021 14.539826 2.130125 22.176145 212.482999 35.096612 5.938139 -71.216226 -105.996165 
3.265756 12.115941 -1.280019 1.624855 14.889675 2.080279 22.285331 211.058054 33.022596 5.708908 -73.531694 -106.377667 
3.299360 12.415319 -1.239266 1.653613 15.170631 2.031240 22.411416 209.467836 30.898138 5.459892 -75.902674 -106.723083 
3.332805 12.721027 -1.199521 1.784845 15.593721 1.944335 22.482238 207.954302 28.762091 5.223882 -78.291885 -107.082910 
3.367985 13.032686 -1.160501 1.922676 15.918541 1.966605 22.621124 206.344171 26.586112 4.965400 -80.781135 -107.393088 
3.405586 13.353621 -1.120942 1.912208 16.239542 2.008584 22.698470 204.737131 24.438293 4.697836 -83.295020 -107.699616 
3.444727 13.680472 -1.080216 2.039852 16.540298 2.037504 22.822226 203.067394 22.340691 4.448580 -85.871590 -107.992797 
3.484837 14.018882 -1.040202 2.150474 16.917388 1.971895 22.912109 201.380397 20.101603 4.158412 -88.498089 -108.258493 
3.528098 14.359255 -1.001254 2.129014 17.339552 1.902790 22.939414 199.509263 17.952359 3.863258 -91.164807 -108.500402 
3.566781 14.707240 -0.964782 2.112247 17.597810 1.777444 23.026408 197.670185 15.819699 3.561643 -93.903396 -108.709696 
3.609959 15.058917 -0.929582 2.169536 17.855111 1.735047 23.130587 195.742509 13.633276 3.260425 -96.680617 -108.882845 
3.650736 15.417747 -0.894706 2.285069 18.125721 1.731052 23.184541 193.784744 11.449098 2.937684 -99.547541 -109.018410 
3.695862 15.782960 -0.860897 2.392953 18.542596 1.658232 23.261015 191.784497 9.257056 2.600423 -102.482176 -109.135489 
3.741146 16.156262 -0.828382 2.398201 18.852324 1.594893 23.293214 189.696284 7.072296 2.251588 -105.480570 -109.227260 
3.786729 16.534249 -0.796000 2.505164 19.200084 1.625820 23.291896 187.570528 4.863476 1.868300 -108.546247 -109.264479 
3.834029 16.923975 -0.764258 2.553517 19.633670 1.595435 23.322116 185.319628 2.690477 1.492290 -111.691345 -109.261607 
3.885204 17.319942 -0.732824 2.642842 20.062041 1.531635 23.351997 183.056376 0.481501 1.105289 -114.905834 -109.217396 
3.933983 17.727171 -0.703705 2.779039 20.569032 1.373573 23.432971 180.746177 -1.671134 0.720105 -118.222223 -109.134811 
3.985152 18.144181 -0.677558 2.708433 21.167235 1.224577 23.435481 178.363654 -3.909040 0.308727 -121.627067 -108.993531 
4.032754 18.571727 -0.655982 2.580829 21.542541 0.942729 23.445097 175.840941 -5.967229 -0.135486 -125.121140 -108.801926 
4.084076 19.007570 -0.639541 2.673084 21.939112 0.736057 23.433268 173.376270 -8.222153 -0.595890 -128.704625 -108.541660 
4.135105 19.453640 -0.625442 2.809508 22.442328 0.613871 23.426375 170.734766 -10.348509 -1.087342 -132.393585 -108.226665 
4.189196 19.910244 -0.615000 2.867116 22.954206 0.425030 23.361621 168.101388 -12.533591 -1.608744 -136.218842 -107.829701 
4.247416 20.375478 -0.608531 2.963123 23.427262 0.246163 23.331346 165.285120 -14.650399 -2.142299 -140.142458 -107.350099 
4.305095 20.851841 -0.605109 3.113243 24.007610 0.081767 23.259462 162.466923 -16.852441 -2.708538 -144.194820 -106.786821 
4.367268 21.337832 -0.604663 3.179964 24.574766 -0.036538 23.214201 159.525819 -18.952174 -3.317318 -148.377150 -106.110288 
4.426078 21.837004 -0.606207 3.224239 25.077482 -0.124643 23.127683 156.490245 -21.038269 -3.925857 -152.673039 -105.350644 
4.489876 22.346366 -0.610890 3.302066 25.552922 -0.362934 23.077248 153.460394 -23.127479 -4.573488 -157.137524 -104.479786 
4.558364 22.864612 -0.619742 3.403560 26.146255 -0.524254 22.978999 150.226886 -25.222423 -5.240228 -161.760660 -103.460008 
4.625506 23.398079 -0.632989 3.598179 26.776596 -0.799983 22.851247 146.933744 -27.260322 -5.965771 -166.547592 -102.278320 
4.696536 23.943555 -0.649831 3.654210 27.463485 -0.928792 22.714538 143.572852 -29.301032 -6.731048 -171.496996 -100.948104 
4.772096 24.502165 -0.670320 3.713919 28.145535 -1.099196 22.558638 140.036835 -31.264572 -7.543590 -176.631702 -99.429378 
4.846302 25.072379 -0.695071 3.883293 28.737608 -1.428594 22.435962 136.535293 -33.289274 -8.396060 -181.966785 -97.727385 
4.930413 25.661173 -0.727601 3.852454 29.550017 -1.832937 22.293999 132.842617 -35.192232 -9.301332 -187.498345 -95.798458 
5.008687 26.259224 -0.768919 4.016614 30.245947 -2.294974 22.127623 129.056546 -37.144885 -10.274521 -193.248584 -93.614201 
5.092563 26.873473 -0.819926 4.083577 31.199166 -2.812109 21.835469 125.057478 -38.962651 -11.291359 -199.220596 -91.112136 
5.171814 27.506535 -0.881161 3.948902 31.980222 -3.293108 21.581920 121.068474 -40.736812 -12.400055 -205.415295 -88.286526 
5.250043 28.156204 -0.952658 4.064365 32.705923 -3.886114 21.272809 116.904020 -42.534654 -13.600452 -211.829856 -85.116209 
5.336134 28.819626 -1.037103 4.385510 33.711544 -4.590557 21.068234 112.651580 -44.164767 -14.859623 -218.503075 -81.502865 
5.428996 29.504523 -1.137501 4.680789 34.699449 -5.446180 20.759314 108.202205 -45.744786 -16.213050 -225.425849 -77.383836 
5.528370 30.209718 -1.255185 4.996176 35.629709 -6.345465 20.460428 103.635802 -47.271694 -17.683388 -232.574100 -72.693247 
5.629418 30.933453 -1.392479 5.237377 36.526140 -7.382385 20.071926 98.826156 -48.598777 -19.263473 -239.943175 -67.336359 
5.737983 31.673294 -1.550747 5.408272 37.409699 -8.460000 19.645681 93.932804 -49.862163 -20.926960 -247.476492 -61.246715 
5.849457 32.432481 -1.730670 5.620024 38.294548 -9.566641 19.130653 88.920641 -50.978826 -22.731706 -255.198581 -54.293217 
5.969496 33.206153 -1.934567 5.966012 39.180485 -10.799011 18.697589 83.816467 -52.045119 -24.711398 -262.982014 -46.355056 
6.090969 33.998894 -2.164729 6.297050 40.100740 -12.286655 18.173858 78.425010 -52.863540 -26.845233 -270.761693 -37.246928 
6.220402 34.811181 -2.425825 6.498925 41.015674 -13.896744 17.599777 72.913911 -53.471732 -29.117870 -278.403134 -26.843633 
6.353868 35.639916 -2.723149 6.827025 41.847687 -15.877698 17.015211 67.265736 -53.856150 -31.563512 -285.661166 -14.979564 
6.494682 36.483574 -3.063125 7.232726 42.525495 -18.189011 16.350196 61.456313 -54.003200 -34.157616 -292.242343 -1.512162 
6.643871 37.343737 -3.452985 7.610336 43.043379 -20.798641 15.608098 55.556388 -53.848634 -36.827044 -297.812546 13.636490 
6.802123 38.207830 -3.896684 8.117561 43.291576 -23.630481 14.824333 49.499988 -53.379604 -39.551907 -301.869426 30.552409 
6.968519 39.077650 -4.399168 8.427664 43.351689 -26.638015 14.033056 43.476663 -52.574852 -42.294839 -303.933476 48.968647 
7.140766 39.938007 -4.962778 8.634079 42.772375 -29.752849 13.191360 37.354493 -51.287151 -44.885036 -303.407661 68.721560 
7.316905 40.783989 -5.591546 8.928887 41.559454 -33.151566 12.233936 31.392710 -49.677781 -47.195470 -299.886765 89.079675 
7.501214 41.601676 -6.287284 9.311304 40.123322 -36.335580 11.265635 25.488590 -47.601418 -49.083284 -292.991515 109.392077 
7.692855 42.386272 -7.042222 9.560875 38.310259 -39.142722 10.334096 19.752466 -45.068516 -50.514922 -282.857692 128.697516 
7.886185 43.128409 -7.851420 9.741362 36.219541 -41.689755 9.249048 14.178475 -42.286618 -51.286389 -269.803797 145.938732 
8.084092 43.827537 -8.705374 9.647091 33.810995 -43.621370 8.239871 9.010445 -39.090395 -51.516127 -254.563365 160.711196 
8.277671 44.477728 -9.593046 9.643407 31.241559 -45.117400 7.162244 4.065095 -35.612535 -51.173658 -237.881100 172.563224 
8.467121 45.073927 -10.507275 9.511556 28.622888 -46.213649 6.137383 -0.498858 -31.958135 -50.400011 -220.706042 181.704060 
8.657424 45.619101 -11.437737 9.367769 26.053678 -46.753805 5.091866 -4.535520 -28.129522 -49.298896 -203.455607 188.590638 
8.840895 46.112623 -12.372486 9.292130 23.638661 -46.690091 4.140045 -8.414984 -24.228594 -47.989935 -186.706878 193.209694 
9.024499 46.561917 -13.303137 9.033250 21.411734 -46.334302 3.182829 -11.876102 -20.235401 -46.526655 -170.503806 196.158873 
9.200025 46.962861 -14.223150 8.635490 19.279496 -45.623314 2.308953 -15.045421 -16.202486 -44.867156 -155.102328 197.568418 
9.368622 47.328045 -15.127180 8.248983 17.383783 -44.734998 1.429800 -17.853084 -12.258012 -43.193742 -140.504689 197.780271 
9.527596 47.657603 -16.009295 7.821244 15.678033 -43.486067 0.584887 -20.486234 -8.319061 -41.488875 -126.854189 196.898301 
9.676788 47.952068 -16.865242 7.491585 14.110401 -42.078263 -0.255741 -22.796883 -4.351315 -39.780072 -114.002664 195.093681 
9.821942 48.219927 -17.692831 7.130259 12.784881 -40.689769 -0.942877 -24.902799 -0.507858 -37.976643 -102.004906 192.614521 
9.954058 48.458475 -18.492342 6.736276 11.491829 -39.255601 -1.707597 -26.804046 3.332411 -36.259022 -90.852658 189.548797 
10.078496 48.678762 -19.261342 6.326582 10.339378 -37.647097 -2.377443 -28.466965 7.084846 -34.557830 -80.391254 186.038905 
10.200266 48.879124 -20.001168 5.912564 9.355122 -36.332646 -3.010106 -29.902076 10.716879 -32.860714 -70.601447 182.131027 
10.308950 49.052133 -20.713792 5.525943 8.387886 -34.921592 -3.711685 -31.278860 14.222870 -31.276628 -61.570047 178.091137 
10.409608 49.211071 -21.397865 5.143628 7.438600 -33.466960 -4.339363 -32.306013 17.676339 -29.701998 -52.975312 173.726728 
10.504345 49.352877 -22.052922 4.835882 6.735346 -32.063411 -4.990713 -33.257171 20.966271 -28.196729 -44.962892 169.220105 
10.594032 49.480845 -22.681455 4.557053 6.101678 -30.802686 -5.456909 -34.078109 24.279564 -26.685656 -37.501141 164.660954 
10.679802 49.597698 -23.284692 4.404202 5.452708 -29.546294 -5.997965 -34.764219 27.496214 -25.227601 -30.508007 160.027035 
10.760711 49.704605 -23.864119 4.294607 4.950378 -28.386249 -6.367381 -35.357452 30.599045 -23.802514 -23.906916 155.352555 
10.839950 49.799332 -24.419907 4.119447 4.548527 -27.246143 -6.877856 -35.813068 33.574097 -22.463584 -17.673880 150.653392 
10.914634 49.887813 -24.954268 3.916295 3.983314 -26.187362 -7.308336 -36.084625 36.414773 -21.153102 -11.769813 145.947792 
10.986726 49.967750 -25.467874 3.927149 3.552455 -25.162808 -7.699798 -36.268850 39.247339 -19.861474 -6.217881 141.306334 
11.062249 50.040624 -25.961985 3.779969 3.308472 -24.253984 -8.140697 -36.322590 42.002734 -18.613226 -0.958921 136.679912 
11.131823 50.105145 -26.437734 3.645939 3.032735 -23.336328 -8.416665 -36.297671 44.616954 -17.384383 4.062207 132.067022 
11.196696 50.167898 -26.895160 3.395671 2.721146 -22.416616 -8.812117 -36.268245 47.183365 -16.214131 8.808599 127.511259 
11.258753 50.221460 -27.335511 3.242223 2.391634 -21.624835 -9.052346 -35.943634 49.628157 -15.051775 13.368434 122.940565 
11.319359 50.269262 -27.758840 3.020380 1.982881 -20.681321 -9.384079 -35.765139 51.972891 -13.926458 17.698214 118.445185 
11.375171 50.308127 -28.162026 3.004176 1.683474 -19.635429 -9.591069 -35.426374 54.223680 -12.823124 21.845886 113.975119 
11.426465 50.346586 -28.544542 2.767433 1.541516 -18.621090 -9.850260 -34.952207 56.406345 -11.756618 25.830416 109.524782 
11.476498 50.377344 -28.908238 2.548979 1.300885 -17.751121 -10.056137 -34.348280 58.536224 -10.719201 29.667177 105.127276 
11.519151 50.405253 -29.255253 2.409396 1.067427 -16.964014 -10.255694 -33.747296 60.551795 -9.685322 33.339240 100.755202 
11.559140 50.429080 -29.586012 2.236997 0.892504 -16.124578 -10.457616 -33.033951 62.392202 -8.683969 36.891996 96.395612 
11.600246 50.449066 -29.900895 2.131242 0.752981 -15.329122 -10.647891 -32.251723 64.169228 -7.696490 40.312155 92.074886 
11.636728 50.469757 -30.199067 2.062225 0.706317 -14.506658 -10.714511 -31.475071 66.007739 -6.735413 43.598346 87.777954 
11.670207 50.488308 -30.481035 1.926337 0.646770 -13.682653 -10.875519 -30.691303 67.682144 -5.765387 46.773739 83.484413 
11.707605 50.510268 -30.746712 1.843171 0.677050 -12.895225 -11.003342 -29.768973 69.368001 -4.817560 49.846467 79.235771 
11.740098 50.530776 -30.998346 1.752592 0.822504 -12.263673 -11.014186 -28.746758 70.881703 -3.899462 52.825825 74.999608 
11.771816 50.549855 -31.237849 1.700004 0.884812 -11.693377 -11.176542 -27.648843 72.314165 -2.990702 55.696018 70.780251 
11.801981 50.575022 -31.466796 1.688213 0.854800 -11.207491 -11.222100 -26.503518 73.576605 -2.098895 58.505639 66.582672 
11.838437 50.598497 -31.687017 1.798417 1.085754 -10.801804 -11.233384 -25.347453 74.794145 -1.216500 61.224094 62.397011 
11.871048 50.626012 -31.898460 1.700500 1.260111 -10.317265 -11.203675 -24.073270 76.001898 -0.345898 63.852526 58.242361 
11.901908 50.652707 -32.100891 1.621574 1.237752 -9.961281 -11.216852 -22.857015 77.054912 0.509770 66.425361 54.065177 
