# MW x(kpc), MW y(kpc), MW z(kpc), MW vx(km/s), MW vy(km/s), MW vz(km/s) LMC x(kpc), LMC y(kpc), LMC z(kpc), LMC vx(km/s), LMC vy(km/s), LMC vz(km/s) 
-4.394495 2.050076 1.557547 -1.393459 3.003086 1.571048 11.574284 47.790685 129.908894 11.988734 11.209400 -77.288598 
-4.497437 2.141497 1.597663 -4.829993 0.074483 2.424680 11.645064 47.840479 128.286148 11.787187 10.243948 -77.402036 
-4.526391 2.173279 1.652921 -3.072234 2.908163 3.348229 12.107601 48.099356 126.738925 2.280965 2.412593 -96.801932 
-4.546389 2.236919 1.734644 -2.283459 5.665910 4.197853 12.199855 48.189502 124.806607 11.492310 9.932776 -77.154058 
-4.623758 2.302276 1.832925 -2.202264 5.069125 5.087510 12.454637 48.393476 122.995159 11.093562 7.752091 -78.527576 
-4.712215 2.382927 1.940993 -2.125072 2.556136 5.636339 12.665443 48.586531 121.022807 18.716753 -17.245991 -107.073394 
-4.755742 2.490943 2.062626 -4.310646 4.559044 6.418690 12.845806 48.554131 118.978481 -39.565876 -9.708511 -142.902849 
-4.824902 2.529821 2.197529 -1.030193 3.308922 6.931589 13.004795 48.539483 116.780067 53.476615 -10.433983 -128.101912 
-4.871165 2.654630 2.359342 -3.234938 4.942363 7.786234 13.054833 48.446225 114.546277 13.843244 -39.118858 -73.640635 
-4.919683 2.733604 2.522175 -1.131358 5.147653 9.198382 13.168665 48.342735 112.200473 1.458223 -9.339703 -109.795455 
-4.942089 2.855563 2.712332 -1.576671 6.209452 9.778671 13.269424 48.154097 109.674312 12.820024 10.445780 -75.434208 
-5.006026 3.038917 2.931478 -6.443718 4.040888 10.863837 13.396349 47.929964 107.103452 14.209033 9.499910 -72.134762 
-5.029122 3.103787 3.150651 -1.421481 5.573023 11.885675 13.443105 47.701109 104.407991 13.034338 9.679143 -74.744883 
-5.024991 3.219980 3.402764 1.056813 8.721141 13.056445 13.389172 47.433562 101.543983 -28.128187 0.585040 -10.467721 
-5.054279 3.405634 3.675682 -0.907657 9.247219 13.950953 13.446161 47.061688 98.559550 10.088123 10.645979 -78.819980 
-5.116695 3.610517 3.963113 -3.504886 7.775231 15.378898 13.362681 46.621472 95.486175 9.848492 7.565903 -80.573998 
-5.116695 3.753032 4.278378 -0.701809 9.682901 16.070269 13.358701 46.166373 92.266776 8.425906 9.454605 -78.189485 
-5.143275 3.971138 4.615088 -1.638006 7.783933 17.050905 13.287183 45.571840 88.872788 4.343111 8.704383 -82.106712 
-5.108631 4.163216 4.962423 0.108562 11.333318 17.778516 13.215300 44.917772 85.368654 9.055585 10.241897 -78.263477 
-5.089669 4.389133 5.339794 -0.328934 13.141400 19.350048 13.009862 44.206387 81.733157 5.139428 9.625877 -80.038058 
-5.081363 4.610803 5.733696 2.085034 12.383451 19.988288 12.809956 43.388993 77.901031 -20.499306 -69.073333 -141.127296 
-5.053283 4.831172 6.164329 4.826989 13.837143 21.933918 12.539246 42.535479 73.881671 9.117473 10.296499 -79.468791 
-5.025250 5.103503 6.612259 5.495798 14.601361 23.321631 12.240623 41.516477 69.749905 15.329893 9.184143 -69.176585 
-4.968855 5.480515 7.090340 1.230759 15.920940 25.057896 11.871637 40.431893 65.280320 10.304389 1.267544 -81.635872 
-4.922635 5.784285 7.608128 4.861010 16.593667 26.902961 11.479720 39.120025 60.768870 -93.278785 -98.138517 -75.213544 
-4.836747 6.183143 8.153580 2.268015 19.915703 27.709700 11.081241 37.662400 55.859089 3.240690 7.957495 -80.187111 
-4.732829 6.590437 8.734733 3.699175 22.112816 29.422224 10.401930 36.121609 50.710625 7.053988 -105.953496 -270.574114 
-4.639633 7.007537 9.348211 6.736669 22.385302 31.193843 9.718082 34.332039 45.349845 3.844460 9.393411 -82.398486 
-4.480701 7.501300 10.000497 8.263381 26.372965 33.933567 8.876162 32.180654 39.607601 16.224081 8.581180 -67.119754 
-4.280561 8.027220 10.699797 13.473103 30.807645 36.037445 7.822975 29.749256 33.507293 7.960184 9.843228 -80.233636 
-4.028958 8.741290 11.439694 13.198672 37.614334 38.345951 6.542114 26.882215 27.013585 9.437107 10.375837 -77.456422 
-3.742454 9.517538 12.231876 18.778383 43.390892 40.349208 4.850173 23.244087 19.953209 16.969181 9.507631 -76.551840 
-3.300045 10.522430 13.028562 25.809617 55.353434 37.378760 2.449446 18.576061 12.445679 -24.725483 -122.507144 -87.813403 
-2.625863 11.730935 13.632087 38.576317 66.139545 19.504566 -1.429342 12.012633 5.599519 -97.890219 0.654282 -222.664871 
-1.890361 13.079024 13.836323 35.671021 61.700378 2.678329 -5.761086 4.994840 1.121728 14.047787 9.113493 -70.530838 
-1.250488 14.193739 13.819950 30.951946 49.081836 -4.159644 -9.647669 -1.038234 -2.011460 -118.566650 -109.996200 -216.832198 
-0.699525 15.056123 13.715926 24.560059 38.359560 -7.296148 -12.815780 -6.091932 -4.587202 15.240328 3.439891 -69.894595 
-0.303008 15.669126 13.563268 19.956163 28.479908 -8.448786 -15.467068 -10.030084 -6.813051 -98.713306 -154.992538 -383.330692 
-0.075394 16.151564 13.402011 13.345017 16.132124 -8.141451 -17.600814 -13.355294 -8.739554 -47.701416 -67.282022 -134.156268 
0.130181 16.499724 13.243269 8.762713 13.067072 -7.567627 -19.432403 -16.143140 -10.467129 20.194320 2.492495 -72.518507 
0.229095 16.808953 13.096602 2.300061 9.923299 -6.803069 -21.097379 -18.503217 -11.901467 16.669240 19.786650 -85.734510 
0.297985 17.014781 12.968696 0.733806 9.992990 -5.934216 -22.405410 -20.416952 -13.058808 27.818990 16.212514 -82.342490 
0.287219 17.219042 12.851079 -1.864102 7.573305 -5.572090 -23.470864 -21.944903 -13.960438 -75.960455 -85.439868 -134.305211 
0.270163 17.367267 12.728930 -2.629095 9.013979 -5.632944 -24.366078 -23.149109 -14.643748 24.014454 -4.897427 -57.169221 
0.202332 17.507527 12.609228 -3.410163 6.753690 -6.136707 -25.027074 -24.166219 -15.157482 -61.154282 -130.092406 -211.104012 
0.139973 17.659461 12.476259 -6.875231 5.566262 -6.418078 -25.501602 -24.800301 -15.361031 -82.388364 -71.926353 -234.691924 
0.070544 17.714828 12.325990 -3.977820 5.282695 -8.558808 -25.705997 -25.109406 -15.353189 -48.803685 -116.040281 -145.571642 
-0.046104 17.787256 12.155416 -4.998077 0.331315 -9.228398 -25.851129 -25.072039 -15.216861 -102.116471 -166.812891 -243.044185 
-0.102911 17.839641 11.948280 -6.293533 1.469176 -10.104220 -25.700659 -24.802533 -14.956054 29.778731 -21.215831 -72.617081 
-0.193029 17.884361 11.725107 -9.483433 1.177102 -10.692867 -25.413578 -24.188756 -14.440490 16.244376 4.112867 -59.460569 
-0.394055 17.846124 11.492307 -8.871019 -6.339715 -11.890739 -25.008674 -23.269118 -13.732111 -7.361443 -12.154674 -88.220541 
-0.485619 17.724008 11.226263 -5.017284 -5.249225 -12.895813 -24.358437 -21.981860 -12.824626 5.054393 -2.855061 -8.509461 
-0.572251 17.625653 10.967690 -3.742250 -2.997635 -13.430186 -23.555567 -20.460282 -11.735630 -72.614904 74.251633 -46.212724 
-0.689545 17.600012 10.683955 -7.665812 -1.590535 -13.138181 -22.486765 -18.516650 -10.448534 18.283256 8.621642 -67.619528 
-0.853942 17.508081 10.418584 -7.458133 -4.866127 -12.821304 -21.295143 -16.248110 -8.945899 -30.717270 -82.967012 -104.163852 
-0.974071 17.424321 10.162514 -9.257641 -2.606095 -12.140981 -19.859494 -13.525920 -7.253523 -5.744458 7.599162 -86.362481 
-1.169908 17.341944 9.922719 -10.777836 -4.305882 -10.884420 -18.099738 -10.500487 -5.247677 -70.903639 -11.380562 -140.000410 
-1.373586 17.193047 9.713162 -8.243073 -6.915328 -9.398622 -16.022041 -6.924201 -3.194503 -98.435238 28.049273 -66.231260 
-1.545693 17.077756 9.513302 -8.863023 -6.478047 -8.843769 -13.592127 -2.657309 -0.705508 2.923895 -23.733502 -97.019994 
-1.693123 16.924924 9.349681 -6.464133 -5.668117 -8.101635 -10.615393 2.209737 2.033215 26.102851 23.750988 -81.431081 
-1.895953 16.806789 9.196690 -7.770771 -8.070602 -7.552383 -7.161832 8.082386 5.395271 17.030097 0.515310 -64.318845 
-2.067580 16.643065 9.044235 -8.200322 -10.924864 -6.309047 -1.302036 17.904082 10.199338 45.711811 -23.052424 -78.399648 
-2.203262 16.508435 8.982983 -7.162531 -5.087684 -0.901544 1.074142 22.188823 11.404495 -66.798169 73.326756 -101.798646 
-2.334927 16.434302 8.919150 -3.585159 -0.717999 -3.541623 5.850357 31.597033 10.887914 -47.977207 -64.216387 -92.418154 
-2.482525 16.488807 8.868601 -5.404441 -0.336612 -2.547894 8.730447 36.896076 9.905038 3.793121 8.089286 -83.126007 
-2.505953 16.557508 8.792807 -6.553832 5.154507 -2.700599 11.342582 41.183495 7.856127 43.247269 -3.002457 -50.689709 
-2.599034 16.663545 8.733839 -8.112859 5.440119 -1.949591 13.208270 45.662275 6.432918 -61.898510 -70.114090 -46.700194 
-2.701026 16.706844 8.675804 -5.232486 4.794922 -3.359601 15.667778 49.238420 6.066357 16.480123 19.990416 -92.963923 
-2.748762 16.730139 8.601129 -1.339422 6.266295 -4.297777 17.829102 51.884636 3.577156 -11.851643 5.065296 -85.730187 
-2.811644 16.848744 8.524636 -0.755137 4.955295 -5.205029 3.316372 27.764866 12.383214 -18.162759 69.520500 -85.501406 
-2.885761 16.921807 8.433090 1.106885 3.168614 -6.382643 -3.354223 16.407348 7.225622 25.490251 -1.891068 -44.587373 
-2.882600 17.038562 8.321459 0.685818 5.574879 -6.495629 -3.773543 16.066015 6.783900 46.719322 37.232185 -96.372307 
-2.891602 17.170876 8.194144 0.027885 7.565455 -7.289436 -3.579573 16.242939 6.707484 -8.820408 -8.397318 -53.083777 
-2.916987 17.331695 8.058254 -1.699644 7.719535 -6.829345 -3.547109 16.612946 6.905456 -49.698190 68.923753 -80.631783 
-2.979954 17.487384 7.943089 -2.458564 6.931616 -7.054349 -3.880913 16.264413 6.337459 17.273033 4.196558 -65.557295 
-3.093476 17.635832 7.832282 -3.566171 3.293934 -6.650768 -3.747356 16.643926 6.430760 -40.064757 -20.475788 -81.182349 
-3.059476 17.760268 7.678287 -4.308924 7.171083 -6.774137 -3.711949 16.973710 6.743298 -21.211629 -3.492647 -104.994693 
-3.140318 17.848965 7.538577 -0.826198 5.976699 -8.820190 -3.488697 17.513957 6.763986 -34.712293 -48.170154 -19.894304 
-3.150972 18.023047 7.374453 -2.936147 6.740121 -8.233427 -3.259131 18.009330 6.663726 -4.220383 -46.542349 -52.822927 
-3.174692 18.130103 7.192260 0.037777 6.168539 -10.135085 -3.041522 18.843376 6.289136 -15.499582 0.349706 -84.947390 
-3.171285 18.289370 6.988184 -1.170447 7.428452 -11.336321 -3.457651 18.139952 5.987214 13.198904 12.470820 -80.626215 
-3.157834 18.428953 6.775152 -0.452519 7.641563 -11.028560 -3.647262 17.848722 5.703751 -47.945724 -50.029080 12.350575 
-3.191440 18.577447 6.563517 -1.689159 7.296071 -10.492133 -3.467980 17.700660 6.490704 -16.156588 -20.744425 -68.953947 
-3.232623 18.722549 6.367486 -3.671783 7.099814 -9.503412 -3.654350 17.724998 6.437723 1.483613 8.743973 -79.460535 
-3.345921 18.846633 6.202486 -4.019743 3.875770 -8.352843 -3.522896 18.480717 5.805681 -33.070898 49.508493 -35.921716 
-3.418435 18.947804 6.031893 -6.011962 5.382880 -7.603127 -3.505687 19.081214 5.440370 22.386102 19.376412 -51.906664 
-3.512178 19.014206 5.872194 -3.617787 4.150434 -8.088164 -3.269394 19.511023 5.085384 47.641260 133.797285 -65.941982 
-3.591293 19.083864 5.715701 -2.255570 3.975440 -8.649363 -3.116082 19.876101 4.922825 -17.228850 -28.909701 -88.953941 
-3.670038 19.135749 5.559644 -1.109888 1.805360 -8.688025 -2.912585 20.498186 4.859885 -26.533635 -5.127484 -90.798380 
-3.671237 19.262381 5.373461 -1.400885 3.888791 -8.021084 -3.414379 19.689441 4.671542 -0.267142 -39.612002 -11.068918 
-3.646357 19.348500 5.192046 -1.628222 7.669566 -8.030203 -3.452529 20.161130 4.453458 -36.201555 20.645957 -16.954395 
-3.683562 19.509761 5.019192 -3.854425 6.961676 -7.357502 -3.465416 20.252233 4.227036 -20.073729 3.170592 -88.608363 
-3.703775 19.650837 4.837196 -3.265258 6.817010 -7.766291 -3.474602 20.023955 3.986237 -5.412501 -25.589690 -65.943451 
-3.772442 19.754713 4.670564 -2.756331 5.255659 -8.604025 -3.788418 20.049279 3.869722 24.167700 20.909172 15.643020 
-3.830764 19.846939 4.483556 -1.677767 4.320187 -9.270819 -3.877458 20.140491 3.790195 -24.777444 -33.335978 -98.210050 
-3.859917 19.956965 4.290678 -2.932819 5.305335 -9.122962 -4.089259 19.913644 3.662249 2.359545 -31.739608 -7.092756 
-3.895557 20.023794 4.094225 -2.992006 5.085830 -9.787494 -3.969840 20.253954 3.420511 -56.859980 -61.758413 -127.554631 
-3.962057 20.074445 3.889796 -2.123205 3.350069 -10.581638 -4.264465 19.991427 3.149172 -26.327012 -25.901754 -7.699811 
-4.014086 20.135524 3.680659 -2.575132 3.101208 -10.934517 -3.957419 20.547068 2.912193 16.101770 7.787043 -63.373481 
-4.088858 20.156249 3.473884 -2.262348 2.575724 -10.962298 -4.116791 20.532053 2.925930 -2.423319 -48.339607 -111.574964 
-4.172888 20.200200 3.277492 -3.561039 0.274051 -10.170956 -3.950722 20.784722 2.595093 -21.818014 -51.812499 16.179625 
-4.218568 20.223349 3.053325 -1.493854 2.583340 -11.227810 -4.416702 20.585020 2.644497 -32.501703 -7.480825 -93.208344 
-4.289294 20.336259 2.845084 -3.219995 4.195034 -10.739661 -4.606560 21.134048 2.618976 -28.274543 -37.164163 -100.396573 
-4.359249 20.430702 2.626868 -2.789309 5.081094 -10.776902 -4.782690 20.224883 2.341707 -7.902933 7.566861 -83.663818 
-4.423376 20.528721 2.411381 -3.053568 6.131927 -11.037484 -4.735852 20.314369 2.093382 3.479002 9.152899 -78.828386 
-4.514320 20.588432 2.204652 -1.250348 4.080766 -11.493383 -4.714934 20.252006 1.782685 19.059697 21.346556 20.274212 
-4.545708 20.688292 1.973086 -3.180379 5.626634 -10.357223 -4.882338 20.829363 1.462553 24.596276 4.895132 -57.174605 
-4.625680 20.797426 1.780785 -5.199728 3.590204 -9.902380 -4.792668 20.435167 1.198108 -10.474310 -1.940626 -83.265446 
-4.699436 20.855779 1.569940 -5.131015 3.396330 -9.420212 -5.079917 20.347908 0.932218 -6.624126 1.428785 -34.256750 
-4.771309 20.926980 1.367426 -6.111137 3.222426 -9.941876 -5.260263 20.458509 1.107010 -2.368126 -5.171683 12.722046 
-4.897649 20.974772 1.170734 -5.783139 2.226176 -9.690927 -5.164858 20.723302 1.009269 -12.629288 -17.949898 81.941405 
-5.001576 21.014840 0.964784 -5.231833 2.610329 -10.027260 -5.228539 20.228608 0.698431 16.725859 7.287839 -60.324226 
-5.094613 21.055447 0.759224 -5.408622 3.636295 -9.995057 -5.286094 20.417270 0.624828 -7.089681 4.313889 51.621059 
-5.169337 21.065507 0.555491 -3.693245 3.728686 -9.417408 -5.238081 21.421548 0.659886 -33.342916 -34.353513 37.021393 
-5.277713 21.175124 0.372535 -5.985847 2.193341 -9.026233 -5.456731 21.048804 0.357274 -8.803382 -12.670533 -84.403531 
-5.358715 21.210886 0.181367 -5.307733 1.374107 -8.828637 -6.025257 20.113022 0.041411 -1.109868 -24.578458 -41.597209 
-5.441645 21.249732 -0.004633 -4.679786 -0.339651 -9.443641 -5.758604 20.543413 -0.282368 45.800589 16.752651 -100.482355 
-5.495112 21.262858 -0.201290 -0.823706 1.123501 -10.696178 -5.851325 20.186861 -0.327386 40.123822 -12.803473 -67.762297 
-5.526210 21.352619 -0.412872 -2.574119 3.757842 -10.185005 -5.810671 20.470204 -0.815398 35.698619 15.884476 -80.438733 
-5.613499 21.441322 -0.608304 -5.390666 4.722787 -9.496646 -5.967312 20.743154 -1.015763 -20.792297 -11.080334 61.572683 
-5.741363 21.518890 -0.790391 -7.498437 2.670743 -8.552028 -5.814183 21.978516 -0.915875 -14.938770 -11.223105 -6.683809 
-5.855884 21.588914 -0.970145 -10.310170 3.073177 -7.404545 -6.360172 21.705785 -1.051386 -9.611162 -19.930828 -2.995227 
-6.076007 21.638043 -1.107735 -10.249681 -0.947556 -7.047537 -6.151481 21.822076 -1.315808 -31.170068 -1.804517 4.623754 
-6.221665 21.660017 -1.267719 -8.617686 -1.961086 -7.955441 -6.183553 21.141370 -1.417871 9.235523 70.516186 -46.839970 
-6.347296 21.669694 -1.434600 -5.466509 -2.855462 -8.710486 -6.126537 21.193154 -1.458471 27.393521 -4.447174 -29.312234 
-6.437920 21.662628 -1.614532 -3.297827 -1.457984 -9.438694 -5.915783 21.406181 -1.779478 17.298096 2.985251 -59.692794 
-6.470952 21.666568 -1.794830 -1.099175 2.467119 -9.938462 -5.978135 21.669377 -2.192617 -7.087723 7.739110 -13.000522 
-6.495752 21.729026 -1.976604 -3.062890 5.038445 -9.460077 -6.020511 22.466559 -2.775921 -5.499894 3.681838 -89.382752 
-6.592716 21.818258 -2.149945 -4.666514 3.624099 -8.775315 -6.398069 22.794487 -3.025270 -14.609466 -1.219721 32.979364 
-6.705244 21.896646 -2.314528 -5.978179 2.166992 -8.460848 -6.927978 22.539330 -2.808488 -12.005440 -14.475447 -86.204293 
-6.835166 21.993527 -2.468868 -7.881224 0.656757 -7.796150 -6.920266 22.106492 -2.591482 32.650423 38.134874 -3.596456 
-6.957372 22.014407 -2.624518 -4.534771 1.759969 -8.273128 -7.335667 21.364700 -2.577979 -21.701779 -22.180269 -5.623395 
-7.051185 22.072797 -2.770942 -3.404211 3.933740 -8.072073 -7.314939 22.029424 -2.743566 -27.490888 -28.042790 -22.800348 
-7.165306 22.172294 -2.902186 -3.169779 3.789200 -7.487378 -6.646268 22.262258 -3.016226 15.230547 33.825865 -70.216342 
-7.267302 22.273466 -3.032492 -3.150947 4.427791 -7.525516 -6.653558 22.729818 -2.711103 39.932573 -34.613664 -9.896079 
-7.335682 22.373566 -3.167566 -3.735755 5.697601 -7.536913 -7.118840 23.187068 -3.096339 25.110715 -10.820841 -29.270295 
-7.428977 22.496373 -3.308444 -5.609432 6.140469 -7.588083 -7.438041 23.116677 -3.993696 18.973510 -6.767973 -80.242069 
-7.556953 22.580035 -3.443947 -5.158458 4.276747 -7.778789 -7.630266 22.738958 -3.736316 -44.407350 -34.383536 3.576260 
-7.684034 22.651016 -3.584475 -5.477872 2.018039 -8.075507 -7.745592 22.745890 -3.963398 -6.654557 -17.350272 -27.050398 
-7.783092 22.706730 -3.733565 -3.694893 1.901932 -8.093726 -7.818644 22.085853 -3.652401 -10.895074 6.209364 -81.741025 
-7.844898 22.737572 -3.882179 -2.541880 3.464987 -8.623299 -7.708131 22.185526 -4.044684 -4.441200 3.528946 -54.075859 
-7.906875 22.819192 -4.036579 -2.497819 5.004713 -8.569214 -7.609206 23.064021 -4.180284 46.904006 -9.085321 -46.898864 
-7.956876 22.902528 -4.187306 -1.257153 5.719268 -8.797103 -7.725235 23.422911 -4.266715 -19.555036 9.919880 13.182393 
-7.993687 23.006539 -4.340863 -1.511385 6.501989 -8.706832 -8.012529 23.100505 -4.087453 45.716553 -21.236264 -61.905585 
-8.028101 23.121531 -4.494971 -1.075506 8.592976 -8.790479 -8.013836 23.338615 -4.667268 47.688974 -9.391197 -46.274929 
-8.097035 23.273204 -4.642238 -2.737141 6.902879 -8.545274 -8.399761 23.353450 -4.642952 -6.099786 -30.239660 83.452846 
-8.159277 23.426836 -4.798215 -3.533878 7.754755 -8.860908 -8.430301 23.341394 -4.896378 -6.116285 -16.988862 -93.855702 
-8.257805 23.582414 -4.936039 -5.535116 7.968913 -7.891091 -8.564701 23.252995 -4.842930 -61.165905 3.181216 2.473851 
-8.386467 23.711449 -5.068725 -5.219940 5.316374 -7.917786 -8.841159 23.608895 -5.027723 -33.201810 -34.740471 6.854677 
-8.478577 23.798014 -5.206337 -4.921803 4.589194 -8.553259 -8.549890 23.793427 -5.179687 17.514406 68.049795 -35.015600 
-8.826338 23.625267 -5.259906 9.777200 -6.680623 -13.389039 -8.461398 24.049964 -5.488152 6.010375 -21.313382 -105.674349 
