# MW x(kpc), MW y(kpc), MW z(kpc), MW vx(km/s), MW vy(km/s), MW vz(km/s) LMC x(kpc), LMC y(kpc), LMC z(kpc), LMC vx(km/s), LMC vy(km/s), LMC vz(km/s) 
-4.394495 2.050076 1.557547 -1.393459 3.003086 1.571048 11.574112 247.791078 129.909277 12.230505 11.384144 -75.649129 
-4.498287 2.140808 1.591049 -4.922830 0.013602 1.761396 11.649011 247.843425 128.326792 12.167607 11.015012 -77.071624 
-4.530152 2.170199 1.626625 -3.245715 2.777755 2.032396 12.124182 248.111580 126.888610 12.709413 10.612099 -76.967584 
-4.556643 2.231185 1.675123 -2.666568 5.335619 2.236885 12.244909 248.224868 125.159058 3.950088 4.259732 -79.107986 
-4.640322 2.290806 1.727389 -2.676116 4.713792 2.467974 12.539299 248.461403 123.628192 16.576076 8.662430 -87.802990 
-4.747699 2.397598 1.777244 -5.300379 1.452787 2.301164 12.787309 248.698315 122.024365 10.645578 9.822446 -76.252200 
-4.791837 2.464011 1.825787 -5.186672 4.199764 2.493698 13.050875 248.703174 120.449353 10.170913 13.637436 -71.724861 
-4.877817 2.491076 1.874816 -2.134899 2.688677 2.337010 13.275487 248.752307 118.776669 13.440950 10.198205 -73.908164 
-4.942117 2.598283 1.938504 -4.369740 4.128416 2.515633 13.435983 248.774334 117.190522 13.581839 9.984313 -73.452496 
-5.012987 2.654714 1.986311 -2.165300 4.102092 3.189269 13.636886 248.741085 115.560295 5.118426 6.152994 -63.041437 
-5.068115 2.745818 2.051466 -2.171200 4.326552 2.967466 13.864040 248.714166 113.837100 13.915100 9.576166 -72.521386 
-5.120980 2.866049 2.112887 -4.671812 4.719065 3.326160 14.135741 248.600560 112.191653 -18.973867 -45.602941 -95.695278 
-5.174347 2.952082 2.183578 -4.234035 6.179878 3.313531 14.342177 248.533353 110.506858 -5.905681 3.489632 -53.001582 
-5.276692 3.108023 2.245942 -8.164613 3.765027 3.489966 14.491096 248.484029 108.763929 10.693383 -3.375837 -93.374114 
-5.296758 3.188117 2.322382 -5.919680 7.654449 3.474128 14.666289 248.353802 107.069008 12.010149 8.410244 -76.070104 
-5.383273 3.260600 2.389982 -3.116698 7.416898 3.872389 14.861637 248.183761 105.317224 35.592811 -13.998559 -129.521545 
-5.514226 3.377677 2.463092 -3.227384 3.063221 3.569989 15.140479 247.990370 103.579525 10.629595 -32.987082 -126.220440 
-5.533943 3.493934 2.539786 -2.245055 5.683084 3.647204 15.298459 247.750498 101.842295 62.878495 -31.422164 -62.619329 
-5.578022 3.621479 2.612856 -2.150906 8.036029 3.456123 15.593802 247.484599 100.102921 22.773079 5.193675 -74.371670 
-5.683728 3.788120 2.688737 -5.310864 5.623050 4.049958 15.735915 247.221418 98.353754 49.338425 -42.870881 -89.246696 
-5.741823 3.894436 2.766928 -2.345390 5.595748 3.634662 15.905109 246.899253 96.585251 8.431191 -8.797282 -90.746887 
-5.801034 4.037178 2.852376 -3.285253 6.994656 4.345144 16.069441 246.570370 94.744237 34.800623 -49.449434 -61.197827 
-5.877658 4.208971 2.933621 -5.501472 6.875965 4.259127 16.243073 246.290152 92.947317 7.139896 6.786084 -78.868229 
-5.936195 4.318610 3.013658 -1.413627 7.173062 4.517735 16.417163 245.838853 91.153160 -42.965525 -40.892143 -94.256088 
-6.015066 4.533762 3.110697 -4.771457 6.828508 5.065154 16.652898 245.400458 89.381944 -30.498819 -9.696247 -75.457044 
-6.087800 4.711177 3.200350 -6.454303 7.473192 4.549643 16.819446 245.026889 87.549103 8.178755 9.716008 -78.718551 
-6.095612 4.863324 3.295634 -4.434217 11.678066 4.621607 16.975222 244.570029 85.659990 9.628213 10.851923 -78.908998 
-6.205926 5.021697 3.393662 -3.168820 8.128057 4.613219 17.196410 244.014388 83.851484 3.975905 9.387358 -82.415057 
-6.253527 5.179949 3.497562 -1.774833 9.699264 5.347849 17.361563 243.488800 81.914674 8.765280 10.198284 -77.948304 
-6.279721 5.388726 3.600521 -3.382612 12.311148 5.169453 17.629590 242.876603 80.087659 7.362066 9.862259 -79.187071 
-6.372276 5.631048 3.703414 -5.817299 10.749163 5.155641 17.714954 242.273052 78.176768 -1.096252 3.775715 -87.934947 
-6.443492 5.820023 3.809049 -4.558468 10.979034 5.578108 17.882674 241.565307 76.361420 -13.506300 -57.174152 -50.054096 
-6.502402 6.032252 3.918119 -4.229476 11.794067 4.857829 18.070214 240.891347 74.394980 2.259561 9.087628 -83.026387 
-6.564366 6.230663 4.026024 -2.820579 10.759317 5.690473 18.170984 240.171120 72.535642 -8.407845 -104.066871 -64.728146 
-6.619554 6.452738 4.124616 -2.598773 11.839506 5.630804 18.312232 239.377516 70.629752 51.796123 -90.663097 -45.337693 
-6.697688 6.679016 4.245867 -2.074362 11.501587 5.529241 18.531168 238.631247 68.687172 0.577290 -4.286609 -81.736957 
-6.743288 6.937378 4.357990 -3.452609 12.812896 5.488489 18.711935 237.874396 66.760427 14.214872 16.765695 -85.430902 
-6.825991 7.187574 4.459704 -3.529772 10.987288 5.546236 18.834011 237.002384 64.785889 14.849705 18.087106 -84.925175 
-6.894243 7.412284 4.572651 -1.863875 10.517683 5.520972 18.950701 236.060843 62.823926 15.366222 4.002414 -69.074616 
-6.911336 7.645723 4.683671 -0.911916 13.574489 5.701915 19.001437 235.154762 60.909503 -5.293489 5.384492 -74.022355 
-6.948944 7.946188 4.805756 -3.346081 15.585135 5.629177 19.052816 234.120801 58.927350 31.698713 -13.202046 -6.960406 
-7.029930 8.211723 4.921828 -3.695313 14.054964 6.167639 19.193837 233.108380 56.988554 15.436864 14.406821 -86.441598 
-7.103490 8.484958 5.044075 -3.414054 13.599321 5.782477 19.404737 232.053138 54.958194 -2.165627 -124.940330 -64.934821 
-7.150885 8.732871 5.160959 -1.543051 15.160978 6.205718 19.612400 231.022719 52.942117 -5.455006 -94.689839 -52.936656 
-7.215655 9.016054 5.285427 -1.630390 15.014259 5.930967 19.687421 229.995237 50.938797 73.568442 -100.418228 -41.360524 
-7.283238 9.300850 5.399501 -0.586982 14.177518 6.051475 19.758543 228.845010 48.860430 21.624920 13.713512 -81.492355 
-7.336589 9.631507 5.524397 -2.664837 14.850374 6.201823 19.844661 227.660560 46.891569 -8.312591 3.363793 -86.236931 
-7.375623 9.962425 5.638498 -4.032359 16.049358 6.014544 19.798310 226.412739 44.812088 -9.661660 3.801322 -91.777999 
-7.394689 10.260069 5.773227 -2.050705 18.808147 6.316374 19.938626 225.098362 42.742603 -49.624804 -177.871830 -12.410042 
-7.444757 10.619850 5.905939 -4.998278 18.999092 6.708934 20.056307 223.764644 40.714494 3.714017 -70.633745 -104.717083 
-7.553934 10.930102 6.038887 -1.524005 15.279451 6.632494 20.158423 222.380577 38.747027 -47.760770 -142.423646 -136.260270 
-7.580643 11.278131 6.170662 -3.753378 17.131797 6.727147 20.255868 220.975675 36.699826 -1.007096 7.024356 -88.056211 
-7.656337 11.557405 6.309344 0.645994 15.238426 6.674706 20.319815 219.489341 34.666086 -6.385441 3.888160 -83.027230 
-7.678584 11.945491 6.435766 -1.333774 18.382577 6.755682 20.359748 218.003270 32.635208 18.717825 -121.614910 6.145080 
-7.730804 12.336039 6.571891 -3.803684 17.745820 6.298372 20.328214 216.446410 30.489667 -112.885705 -14.655814 -89.314954 
-7.772383 12.750319 6.703510 -6.321064 18.345865 6.327669 20.356078 214.840982 28.474945 16.917087 0.544610 -65.450024 
-7.819477 13.078365 6.828807 -2.224011 19.256114 6.769338 20.411173 213.178193 26.366729 -93.173840 -158.400683 -44.614929 
-7.881994 13.461543 6.960427 -1.104864 18.845397 6.773863 20.476823 211.492385 24.292834 -73.396150 -88.961983 -151.852097 
-7.917393 13.867599 7.095243 -0.592186 20.135101 6.407126 20.477222 209.748047 22.208403 -31.755309 -168.359002 -24.379281 
-7.942577 14.301673 7.223228 -2.978187 22.474932 6.538478 20.555130 207.928876 20.135977 -8.404293 6.325475 -85.411584 
-8.008150 14.719817 7.355080 -2.720927 21.016100 6.793534 20.518906 206.130068 17.961289 -14.768531 1.048720 -97.035807 
-8.062433 15.102502 7.493290 -0.226947 20.386837 6.305913 20.485238 204.218279 15.941846 -81.229756 -209.561729 -89.063118 
-8.093479 15.554377 7.617882 -2.206721 20.878056 6.462143 20.507947 202.298814 13.865548 1.795598 -26.509348 -97.657923 
-8.131302 15.966765 7.738577 -0.439115 21.983394 6.056184 20.522890 200.256574 11.855245 25.778418 6.764473 -64.256339 
-8.174934 16.412975 7.864997 0.515249 22.740749 6.077378 20.505962 198.182106 9.781814 43.299910 -156.770842 -114.868540 
-8.191412 16.882709 7.986830 -0.010994 23.963020 6.265450 20.444675 196.094320 7.720863 5.848970 11.753716 -53.439455 
-8.232984 17.409279 8.112276 -3.783543 22.465738 5.896503 20.370475 193.915429 5.567328 24.606458 13.839967 -78.692783 
-8.244454 17.869327 8.232002 -2.223193 25.410453 6.527496 20.290598 191.673755 3.506237 -13.646762 -20.174891 -91.563212 
-8.270476 18.326314 8.353196 -1.298591 25.140979 5.621448 20.177245 189.404543 1.461092 13.515848 -60.867373 65.406764 
-8.316618 18.811108 8.467148 0.501463 24.948912 5.716687 20.083628 187.029661 -0.650372 -18.648012 -205.055988 20.497210 
-8.333124 19.354549 8.581479 -2.283325 25.347066 5.110330 19.967529 184.602839 -2.677212 -38.090979 -247.978188 -24.566698 
-8.355503 19.845949 8.689164 -0.577290 25.763396 5.496256 19.883049 182.087944 -4.757499 59.879708 -24.426185 -22.654532 
-8.371425 20.363512 8.798675 0.032236 26.905300 5.566276 19.755532 179.474605 -6.862749 20.479034 6.971544 -63.154806 
-8.370826 20.913204 8.902436 -0.330554 28.023056 5.092991 19.619097 176.825394 -8.832617 -65.074491 -112.286975 -12.220404 
-8.402789 21.470417 9.007737 -1.231084 28.204992 5.302933 19.471693 174.107841 -10.887845 -1.419811 -5.114014 -87.209781 
-8.411293 22.030283 9.106265 -0.312903 28.188783 5.066209 19.292475 171.311226 -12.870932 -0.315930 4.206200 -80.920829 
-8.407441 22.607693 9.210105 -1.066914 29.385667 5.219361 19.097927 168.364304 -14.842381 -59.899735 -250.670101 -10.822305 
-8.429764 23.184785 9.304062 -0.392319 29.293371 5.113736 18.925637 165.411372 -16.855020 -43.111687 -168.048717 22.772642 
-8.414764 23.775059 9.399762 0.877117 31.339100 4.964272 18.761253 162.467499 -18.843214 19.207700 27.472028 -92.893740 
-8.462380 24.388962 9.491020 0.281925 29.601038 4.313042 18.545626 159.283725 -20.814406 -1.224590 8.300039 -81.059282 
-8.456247 25.002202 9.577251 1.196558 31.676250 4.214153 18.270413 156.151025 -22.677936 16.426515 4.731103 -65.470953 
-8.461274 25.675739 9.657467 -0.229657 32.313915 4.501806 18.061084 152.783054 -24.524012 -1.434023 -38.133071 -103.745879 
-8.461055 26.354117 9.737142 -0.715989 33.336998 3.653254 17.694267 149.472854 -26.359181 -14.957054 -25.491882 -87.977178 
-8.493524 27.037513 9.804821 -1.555233 32.735917 3.617448 17.376522 145.940583 -28.155730 -33.840479 -165.747478 -43.474829 
-8.456256 27.709243 9.862624 -0.222134 34.882018 2.872605 17.071115 142.318413 -30.051391 -18.499857 -40.222363 64.594727 
-8.451828 28.385136 9.913897 2.188669 35.150199 2.756695 16.684447 138.635800 -31.760550 -48.686677 -145.262721 -60.032573 
-8.405944 29.119080 9.955828 1.975932 37.764838 2.158358 16.332182 134.822015 -33.430598 -28.634123 -245.732864 -83.789826 
-8.393245 29.857737 9.982629 2.561530 36.810148 1.658671 15.945368 130.913396 -35.143159 -69.553800 -31.484084 -57.695215 
-8.395744 30.627871 10.001190 2.440998 36.306424 0.829197 15.450355 126.911277 -36.657483 1.411785 7.020529 -84.547790 
-8.329734 31.432977 10.002250 -0.821433 39.970446 -0.210735 14.997184 122.806306 -38.168345 -24.754255 -208.915587 -73.703002 
-8.309018 32.197035 9.987186 1.441360 39.572961 -1.259320 14.516150 118.526672 -39.676641 -19.811932 2.850630 -87.995884 
-8.271100 32.988922 9.960425 1.813672 41.334208 -1.848294 13.963717 114.238606 -40.980314 -30.383097 -2.614594 -105.393522 
-8.236784 33.755408 9.914017 5.139300 40.547040 -3.124315 13.358140 109.687074 -42.255396 -32.706796 -220.642725 -67.160200 
-8.185331 34.621903 9.835429 3.325423 41.600916 -4.527556 12.775516 104.978639 -43.467841 -49.831180 -166.167680 13.254736 
-8.112949 35.483771 9.734997 2.624806 42.679224 -5.917109 12.135641 100.195328 -44.542651 -77.175883 -216.639709 9.419417 
-8.028200 36.356094 9.610275 3.916629 44.643929 -7.144228 11.362441 95.250905 -45.454393 -15.775278 -163.436758 -62.416940 
-7.963357 37.249015 9.455973 4.255683 44.715822 -8.771168 10.551811 90.152431 -46.128290 -54.839653 -12.014853 -48.285422 
-7.875062 38.152372 9.272332 4.242141 44.319732 -10.457359 9.767326 85.025776 -46.743596 -40.417303 -242.911735 102.692100 
-7.801854 39.084722 9.047760 4.262755 45.198993 -12.237220 8.921584 79.649658 -47.218263 -18.163545 4.709788 -94.117505 
-7.696892 40.011945 8.798156 5.220876 45.938143 -13.742617 7.914936 74.198949 -47.307719 16.830721 7.565885 -62.181652 
-7.575394 40.948167 8.508253 6.121472 46.701084 -15.798141 6.980595 68.557101 -47.265101 -32.208454 -8.145184 -114.256120 
-7.442966 41.932793 8.163770 5.261683 48.361778 -18.617090 5.864384 62.812791 -46.922085 -58.944096 -270.407104 -12.767917 
-7.313341 42.871513 7.774031 7.028939 48.641092 -21.131988 4.752047 56.974806 -46.229469 32.404260 -20.708833 -27.363966 
-7.176156 43.856424 7.317674 7.702691 47.465576 -24.377055 3.577145 51.068128 -45.193247 -31.376921 -174.882699 40.995465 
-7.023710 44.832485 6.804501 7.447486 48.141978 -27.508319 2.249762 45.156937 -43.853493 33.839597 28.135763 -120.271123 
-6.855173 45.779956 6.220450 8.413816 47.100738 -30.908640 0.924911 39.301845 -42.057278 22.045012 -6.554861 -41.486432 
-6.700508 46.690140 5.573802 10.351752 45.933144 -34.096924 -0.495383 33.452008 -39.826809 -64.664809 -276.307680 138.725020 
-6.505758 47.598811 4.850720 8.641011 44.367853 -37.506607 -1.987412 27.699669 -37.222714 -6.844939 -14.288923 -95.671284 
-6.339990 48.470942 4.081878 7.832742 40.497677 -39.770074 -3.484530 22.303519 -34.113273 -9.360012 3.410897 -100.660993 
-6.151271 49.256192 3.246734 8.385731 39.214374 -42.692097 -5.063976 17.114812 -30.734745 -36.953119 -8.319085 -96.983841 
-5.969718 49.997675 2.380191 8.421940 36.293167 -43.695573 -6.609212 12.242012 -27.002051 -70.616463 -290.161965 88.916010 
-5.817154 50.675082 1.480967 7.884397 32.041605 -45.186683 -8.180274 7.733045 -22.954821 -30.963057 -41.528341 -101.517417 
-5.655909 51.290561 0.572874 8.577591 28.913178 -45.531589 -9.745122 3.659820 -18.675351 -37.909110 -21.828501 -119.394520 
-5.459987 51.843960 -0.351369 9.005735 27.538536 -45.610330 -11.202881 -0.111139 -14.233447 1.411417 8.851047 -79.412302 
-5.308395 52.394258 -1.279085 6.533568 25.451991 -45.991573 -12.604844 -3.442602 -9.742488 -5.800828 0.763701 -82.870682 
-5.172828 52.874312 -2.202182 4.900564 22.229375 -45.565795 -14.028208 -6.448214 -5.134383 -18.836918 -207.837173 -14.777995 
-5.031289 53.281265 -3.110842 7.028600 20.544982 -45.104524 -15.263183 -8.953732 -0.673299 -60.931249 -249.069845 147.118012 
-4.944088 53.657643 -3.994937 4.958715 16.800988 -43.646133 -16.646111 -11.217143 3.801210 9.336874 9.669903 -73.545587 
-4.843444 53.975053 -4.859598 5.703235 15.199856 -42.295386 -17.845605 -13.268855 8.206607 -43.840799 -215.899467 15.776854 
-4.729538 54.296518 -5.692581 4.279571 15.031209 -40.716724 -19.044409 -15.107442 12.634280 -24.342384 -183.433872 22.822778 
-4.632191 54.558697 -6.488060 4.302770 13.063438 -39.616742 -20.166151 -16.540502 16.860607 -80.567388 -279.600442 86.880029 
-4.562794 54.810028 -7.254697 2.885537 11.952428 -37.640953 -21.217387 -17.834499 21.100038 -70.694181 -268.342448 -8.049915 
-4.526871 55.024626 -7.985237 3.132486 9.206947 -35.897326 -22.230837 -18.899723 25.136599 -11.953036 6.699249 -85.689690 
-4.475860 55.207659 -8.679365 3.507292 8.509365 -33.994472 -23.196779 -19.706601 29.086186 -4.045654 5.061966 -87.766426 
-4.418127 55.391289 -9.350489 2.250745 6.964027 -32.813994 -24.148988 -20.397338 32.960948 -7.514472 -0.455976 -83.082771 
-4.373603 55.531742 -9.976535 3.257146 6.885476 -30.982312 -25.018947 -20.835675 36.686287 62.000533 25.497304 -91.269724 
-4.330304 55.682954 -10.584172 2.691620 5.543682 -29.955697 -25.842359 -21.078380 40.232143 -35.872283 -170.390361 -57.596511 
-4.275405 55.830344 -11.161431 2.326386 7.068049 -28.493746 -26.523103 -21.296172 43.745586 7.177769 17.736834 -4.236381 
-4.203877 56.001182 -11.705495 -1.099287 8.354946 -26.968681 -27.292583 -21.270732 47.092647 18.246273 6.041675 -54.765580 
-4.245674 56.130253 -12.224616 -2.594184 5.208781 -25.641811 -27.896600 -21.165467 50.268379 19.778359 0.981934 -57.844574 
-4.273104 56.192847 -12.713270 -0.910522 3.654085 -24.021562 -28.424685 -21.033107 53.340435 28.645079 82.280561 -73.861797 
-4.293461 56.275622 -13.185398 -0.533576 2.217615 -23.032472 -29.092088 -20.789371 56.320492 -53.760320 -135.483662 55.081129 
-4.275417 56.325069 -13.625059 0.234647 3.465171 -21.871017 -29.607885 -20.339838 59.041288 44.119245 29.671679 -81.776986 
-4.256109 56.367090 -14.038403 2.950228 3.744526 -19.840750 -30.071655 -19.823203 61.814453 -55.131714 -181.471751 43.417332 
-4.244019 56.458675 -14.439908 0.614602 5.236095 -19.843034 -30.581315 -19.225845 64.386229 -50.603538 -244.081316 -17.878409 
-4.266679 56.565280 -14.816333 -2.092672 5.594846 -18.406912 -31.102268 -18.499896 66.879567 -9.257307 -187.865500 -8.616017 
-4.311482 56.671110 -15.175673 -4.880831 4.865818 -17.301916 -31.448312 -17.800162 69.299303 -81.761913 -179.719898 100.526229 
-4.411206 56.688048 -15.514812 -3.090030 0.845651 -16.570952 -31.826596 -16.947126 71.561751 0.794388 -47.439827 -101.666237 
-4.485589 56.732240 -15.831793 -3.868526 0.507123 -14.775744 -32.187966 -16.081285 73.650270 32.157296 -29.473453 -319.760598 
-4.529629 56.710995 -16.129766 0.880794 0.123296 -14.025212 -32.526651 -15.030093 75.703448 39.341438 15.995507 -80.831350 
-4.568697 56.747393 -16.400999 -0.187511 2.067522 -12.903235 -32.781846 -13.969640 77.719239 -63.907614 -154.862534 -87.005182 
-4.596314 56.771717 -16.658281 1.700386 5.332257 -11.736559 -33.005695 -12.867140 79.458339 81.408751 38.763184 -101.527294 
-4.613760 56.900142 -16.898645 -3.217098 6.328077 -11.599270 -33.305649 -11.674131 81.155261 -39.835463 -174.687340 90.187192 
-4.697035 57.042661 -17.126615 -7.632510 4.696477 -10.536515 -33.485601 -10.358483 82.725719 19.106849 -98.274502 -245.562477 
-4.818870 57.100771 -17.345075 -7.926865 1.678935 -10.146026 -33.677009 -9.086642 84.181476 -40.170821 -217.435673 57.230315 
-4.914692 57.121149 -17.548226 -6.629047 0.230842 -9.588811 -33.807263 -7.734913 85.465315 -5.729308 -45.183003 -96.312014 
-5.018365 57.124272 -17.736588 -2.792991 -1.311549 -8.545774 -33.999996 -6.366586 86.844006 32.917890 -8.115442 -20.681056 
-5.042307 57.127907 -17.909890 -0.664352 1.663552 -8.210073 -34.068851 -4.966720 88.009377 -44.816179 -59.323518 -108.858268 
-5.065794 57.178395 -18.080327 -0.966577 5.281701 -8.123226 -34.054091 -3.506707 89.121606 -55.186896 -19.821294 -133.466100 
-5.113121 57.306623 -18.238741 -5.216224 6.821511 -8.143836 -34.085689 -1.943493 90.123908 -8.907335 -123.371202 -137.021087 
-5.996040 59.136900 -18.423768 -84.674825 -25.648878 -7.218465 -34.106439 -0.406553 91.023772 -59.526905 42.601806 -170.356879 
