# MW x(kpc), MW y(kpc), MW z(kpc), MW vx(km/s), MW vy(km/s), MW vz(km/s) LMC x(kpc), LMC y(kpc), LMC z(kpc), LMC vx(km/s), LMC vy(km/s), LMC vz(km/s) 
-5.152194 3.118275 1.491570 -4.859886 1.825361 1.938927 11.574114 247.791078 129.909277 11.878028 11.061862 -77.186512 
-5.196918 3.165586 1.527284 -5.121095 3.438077 1.647118 11.646063 247.842145 128.331736 11.821829 9.847671 -77.816599 
-5.288737 3.223880 1.567581 -5.765532 2.669064 2.079674 12.141085 248.131806 126.902226 11.768058 8.630931 -78.423342 
-5.376617 3.205901 1.607606 -1.019200 1.400107 2.022084 12.257853 248.234375 125.142735 11.652459 7.415634 -79.018523 
-5.470682 3.314154 1.655887 -3.832651 0.743116 2.438392 12.521804 248.469903 123.618180 11.552078 6.181722 -79.600110 
-5.495525 3.377634 1.702005 -4.428841 4.380647 2.236892 12.780537 248.708205 122.010962 11.454169 4.935397 -80.199255 
-5.517880 3.442638 1.754634 -2.448817 7.925810 2.863326 13.018212 248.753947 120.465618 11.372106 3.702370 -80.785313 
-5.619308 3.555020 1.809249 -4.161724 5.701788 2.766721 13.266614 248.758798 118.803639 11.282410 2.457772 -81.401682 
-5.721108 3.596971 1.862150 -1.653569 3.853370 2.320642 13.474282 248.812628 117.195560 11.185027 1.192530 -81.990077 
-5.774232 3.710613 1.911879 -3.518083 5.243778 2.196020 13.608851 248.785374 115.585003 11.097635 -0.084084 -82.611030 
-5.874815 3.776778 1.963120 -1.926713 3.084223 3.143289 13.875456 248.755786 113.918116 10.963520 -1.360194 -83.204062 
-5.887509 3.877351 2.022018 -2.608684 7.478241 3.239967 14.113081 248.694531 112.235636 10.847006 -2.636525 -83.775646 
-6.038742 3.962825 2.091737 -2.177559 2.301104 3.168952 14.333322 248.632604 110.536741 10.750631 -3.955331 -84.391244 
-6.085505 4.045790 2.147596 -0.542046 4.423932 3.366219 14.488736 248.590388 108.841533 10.584350 -5.272906 -84.974359 
-6.135348 4.250325 2.211741 -5.650968 7.731709 2.836517 14.636844 248.442510 107.111566 10.480677 -6.610582 -85.547607 
-6.253450 4.393344 2.271907 -7.313390 5.198489 2.731091 14.880365 248.300328 105.347437 10.366103 -8.024510 -86.132985 
-6.313901 4.469620 2.333393 -3.820494 6.368295 3.090918 15.122889 248.186174 103.629230 10.231243 -9.370753 -86.684665 
-6.371581 4.629902 2.390049 -4.797736 7.218523 3.153679 15.283083 247.905043 101.905973 10.071090 -10.775371 -87.241157 
-6.437606 4.817314 2.456392 -7.147374 7.608079 3.152425 15.579268 247.695725 100.170240 9.977955 -12.137660 -87.789537 
-6.523608 4.834993 2.524833 0.029129 7.146721 3.310013 15.780643 247.413812 98.473635 9.869028 -13.507099 -88.325285 
-6.593943 5.058312 2.595127 -4.646870 7.996197 3.805502 15.937764 247.101208 96.636817 9.746867 -14.897023 -88.839772 
-6.672351 5.218397 2.674441 -5.583981 7.909061 3.924144 16.082329 246.766483 94.880578 9.611648 -16.340917 -89.383466 
-6.808436 5.326344 2.751323 -2.132613 5.158882 3.580207 16.291982 246.446862 93.028732 9.499821 -17.773014 -89.893966 
-6.830774 5.496815 2.822283 -3.133569 7.442379 3.383658 16.468627 246.073656 91.250456 9.395911 -19.219021 -90.418697 
-6.878513 5.712385 2.893313 -4.798812 9.653546 3.685675 16.700128 245.760887 89.462192 9.264741 -20.719360 -90.961943 
-6.924824 5.888952 2.984417 -4.767246 12.094710 3.887501 16.822761 245.360516 87.672438 9.096081 -22.205804 -91.486455 
-7.025928 6.055808 3.062807 -3.872103 9.333764 4.006892 17.008004 244.878440 85.793108 8.993152 -23.723760 -92.016580 
-7.043475 6.230236 3.147775 -3.475143 11.976357 4.090664 17.192183 244.398469 83.938799 8.862613 -25.282315 -92.537263 
-7.140599 6.459782 3.225567 -5.938849 9.778514 3.949527 17.417745 243.863993 82.055083 8.692041 -26.840893 -93.007369 
-7.222685 6.593020 3.318680 -1.408234 11.354416 4.535396 17.635724 243.333068 80.126883 8.534795 -28.423478 -93.478072 
-7.323149 6.803738 3.415760 -2.759112 7.615769 4.759546 17.723895 242.720001 78.310096 8.372949 -30.004705 -93.949418 
-7.374360 7.020716 3.508193 -2.665718 9.059751 5.324197 17.991406 242.115740 76.475924 8.201922 -31.617724 -94.417996 
-7.380052 7.219205 3.613268 -2.378367 12.703786 5.172398 18.064361 241.424868 74.588229 8.011364 -33.223100 -94.853705 
-7.507696 7.452900 3.711098 -3.422523 10.309768 4.936975 18.276265 240.746748 72.770095 7.824278 -34.882115 -95.354314 
-7.589569 7.677451 3.802395 -4.844648 8.735955 4.968393 18.392102 239.988415 70.794725 7.656457 -36.573339 -95.824500 
-7.623623 7.875061 3.906078 -2.212607 11.852975 5.242268 18.547642 239.316969 68.909389 7.463613 -38.277214 -96.308892 
-7.680703 8.126565 4.002765 -3.213971 13.449866 4.986590 18.774503 238.504626 66.911179 7.208263 -39.991706 -96.762100 
-7.743165 8.336711 4.100219 -2.074445 13.286416 5.279466 18.886938 237.703283 64.966834 7.018356 -41.737801 -97.174374 
-7.806150 8.602639 4.205653 -1.937998 12.944367 5.123660 19.075207 236.846190 63.049830 6.827658 -43.499224 -97.608142 
-7.888335 8.903033 4.317604 -4.757379 13.154242 5.327673 19.121571 235.984873 61.091434 6.658444 -45.294560 -97.988601 
-7.974520 9.148919 4.416319 -3.057386 12.301330 5.164938 19.249316 234.972772 59.144942 6.454729 -47.108716 -98.388916 
-8.010800 9.471755 4.527867 -6.555184 13.200104 5.824960 19.273816 234.020861 57.192950 6.222222 -48.884690 -98.794114 
-8.114199 9.696486 4.648660 -3.121667 11.646546 5.511211 19.491764 232.999027 55.134206 6.040070 -50.710990 -99.206310 
-8.161401 9.973710 4.748959 -2.445558 14.301071 5.649953 19.560218 232.008607 53.186183 5.785099 -52.565938 -99.525188 
-8.208693 10.290841 4.860508 -3.399624 15.008643 5.205583 19.768203 230.954520 51.181347 5.518758 -54.446973 -99.894115 
-8.307100 10.582648 4.966914 -0.963520 12.796088 5.156231 19.880610 229.879772 49.131795 5.289322 -56.368662 -100.242090 
-8.319173 10.909217 5.070827 -4.010582 15.702365 5.144812 20.068861 228.790077 47.176466 5.002353 -58.343053 -100.623911 
-8.358335 11.232651 5.181110 -3.717982 17.618517 5.380505 20.108810 227.614674 45.090215 4.754886 -60.337292 -100.917926 
-8.423234 11.587833 5.296821 -4.766146 16.891532 5.431279 20.152534 226.356704 43.100931 4.486993 -62.352076 -101.225100 
-8.503810 11.909403 5.395190 -3.783285 16.181559 5.087143 20.160657 225.096536 41.046771 4.200648 -64.364151 -101.584627 
-8.572336 12.192505 5.504192 -0.638123 16.551497 5.493485 20.287700 223.756586 39.022927 3.913416 -66.442281 -101.923430 
-8.603433 12.564730 5.609542 -2.279198 18.139757 5.129468 20.350023 222.407282 37.016923 3.607457 -68.567769 -102.189249 
-8.704547 12.937030 5.719323 -2.032693 16.678607 5.174399 20.477286 220.999523 35.011723 3.321070 -70.708024 -102.437216 
-8.778745 13.280833 5.824034 -1.515905 16.322372 5.299369 20.576115 219.524019 32.940672 2.962586 -72.872617 -102.657858 
-8.773065 13.666151 5.939648 -2.716993 18.779159 5.394963 20.584884 218.035297 30.920908 2.610786 -75.073260 -102.931285 
-8.844298 14.047487 6.053598 -3.067654 17.954286 5.703980 20.606643 216.554378 28.841707 2.284058 -77.382844 -103.143677 
-8.896818 14.467485 6.159070 -3.691238 18.894235 5.401291 20.591154 214.937185 26.755020 1.932391 -79.698921 -103.310679 
-8.935525 14.800748 6.274897 -0.883432 19.509502 5.423982 20.608718 213.332194 24.680540 1.545349 -82.024079 -103.467647 
-8.992644 15.224178 6.383064 -1.543049 19.180019 5.676682 20.652897 211.689008 22.620159 1.212964 -84.386671 -103.597142 
-8.966055 15.608243 6.501689 -0.382836 22.271433 6.142297 20.747148 209.982116 20.553574 0.789556 -86.846874 -103.731958 
-8.995199 16.056077 6.609918 -1.983982 22.940313 5.824271 20.767156 208.104933 18.443848 0.460770 -89.339223 -103.799145 
-9.021187 16.490157 6.722133 -2.243465 23.297028 5.917429 20.826070 206.387044 16.467008 0.027023 -91.869166 -103.880721 
-9.090315 16.931528 6.842124 -3.321654 21.248956 5.916969 20.796715 204.543823 14.303561 -0.402097 -94.439797 -103.954026 
-9.150249 17.290746 6.955707 0.664606 21.776166 5.892432 20.737955 202.637751 12.253610 -0.863564 -97.093358 -103.944437 
-9.178588 17.768036 7.069653 -1.179929 21.964071 5.807701 20.747502 200.675915 10.243918 -1.296840 -99.799425 -103.872671 
-9.228959 18.228924 7.167685 -0.869366 21.297339 5.474423 20.651479 198.622307 8.203592 -1.775641 -102.541491 -103.823451 
-9.235741 18.682082 7.287910 -0.566313 22.814648 5.608284 20.679960 196.587702 6.098942 -2.238640 -105.362426 -103.750928 
-9.223590 19.159298 7.381136 -1.398226 24.948019 5.050488 20.644904 194.472449 3.970322 -2.739097 -108.241414 -103.636942 
-9.199758 19.689352 7.482709 -3.579662 26.596733 4.926082 20.560740 192.267659 1.873761 -3.244842 -111.203690 -103.475334 
-9.268304 20.148476 7.573153 -1.197679 26.157048 4.706528 20.451056 190.066061 -0.175579 -3.735127 -114.204887 -103.245414 
-9.284939 20.673885 7.670226 -2.037088 27.240064 4.852432 20.364000 187.729324 -2.202317 -4.294239 -117.338075 -103.006225 
-9.308394 21.151606 7.759895 -0.888042 27.447322 4.916251 20.250851 185.356125 -4.267188 -4.877480 -120.498288 -102.668273 
-9.366553 21.701247 7.848060 -0.949767 24.657278 4.757710 20.139241 182.937892 -6.294544 -5.498159 -123.752409 -102.271361 
-9.292985 22.212346 7.940942 -1.763948 30.353361 4.538599 19.998766 180.378613 -8.325829 -6.152838 -127.059721 -101.861927 
-9.353820 22.754255 8.023698 -0.343205 28.992059 4.431890 19.930954 177.793645 -10.421759 -6.794234 -130.481937 -101.352096 
-9.432592 23.311021 8.104736 -0.008480 26.721535 4.579689 19.756223 175.071672 -12.441213 -7.475169 -134.015849 -100.773493 
-9.456523 23.818163 8.186064 3.644697 28.058885 3.874345 19.616261 172.376980 -14.450718 -8.188529 -137.686845 -100.100256 
-9.417089 24.473450 8.261782 -0.735916 29.360779 3.803330 19.483920 169.577934 -16.437825 -8.951003 -141.430331 -99.342230 
-9.402070 25.037236 8.324991 0.383346 31.779481 3.548554 19.285070 166.760869 -18.381335 -9.793728 -145.250524 -98.465001 
-9.394627 25.666914 8.395409 -0.804955 33.599271 3.701836 19.034520 163.839078 -20.286980 -10.645757 -149.187999 -97.558595 
-9.421854 26.328683 8.455722 -1.070379 32.488596 2.864965 18.855931 160.823918 -22.169317 -11.503953 -153.210510 -96.501786 
-9.499070 26.984639 8.503498 -0.865412 29.491769 2.435383 18.573188 157.696452 -24.189365 -12.436211 -157.405482 -95.322844 
-9.490305 27.643433 8.551670 -1.327919 30.607380 2.613125 18.336219 154.552533 -26.066470 -13.380266 -161.699525 -93.965878 
-9.462368 28.267599 8.581987 2.310192 33.364527 1.694481 18.081694 151.269045 -27.951888 -14.416866 -166.100777 -92.516337 
-9.428600 28.956355 8.618814 3.131633 36.130422 1.394006 17.767189 147.846619 -29.850965 -15.542780 -170.671127 -90.916474 
-9.402349 29.724418 8.639760 1.017441 36.444972 1.330570 17.435027 144.356516 -31.644115 -16.677323 -175.412076 -89.124672 
-9.364769 30.444167 8.658237 1.694367 38.905362 0.945146 17.083054 140.775335 -33.345968 -17.891621 -180.288323 -87.151485 
-9.392611 31.264421 8.665828 -1.915594 36.297037 0.618820 16.687112 137.113755 -35.087797 -19.123839 -185.311737 -84.892961 
-9.302216 31.971538 8.675495 1.071277 39.416156 0.348668 16.304975 133.343845 -36.723149 -20.463406 -190.508692 -82.339307 
-9.282599 32.766809 8.662125 -0.703656 38.624313 -0.396082 15.911128 129.529431 -38.278659 -21.856275 -195.872899 -79.496814 
-9.259204 33.528309 8.641978 3.126148 38.721689 -0.703891 15.454747 125.636591 -39.879751 -23.395510 -201.409800 -76.364343 
-9.203059 34.341762 8.612333 3.331082 39.451310 -2.132372 14.936709 121.598417 -41.386455 -25.046713 -207.127081 -72.861517 
-9.156990 35.133576 8.558746 5.516370 39.597966 -2.399704 14.454214 117.358188 -42.877712 -26.787570 -212.981876 -68.928642 
-9.060500 35.993253 8.476450 5.226638 41.915772 -4.246405 13.938771 113.112433 -44.211593 -28.616108 -218.958559 -64.576437 
-8.973512 36.835312 8.384465 6.513862 42.579998 -4.859449 13.366025 108.588654 -45.428537 -30.600085 -225.067837 -59.704463 
-8.874354 37.723148 8.260237 4.753325 45.301696 -6.124683 12.674732 103.960166 -46.571183 -32.698488 -231.318529 -54.266432 
-8.823426 38.636291 8.107001 5.551404 43.878020 -7.125527 11.964831 99.263658 -47.570128 -34.992807 -237.656776 -48.199500 
-8.685754 39.564604 7.936053 4.053498 45.803403 -9.088009 11.270132 94.447466 -48.481999 -37.375355 -244.021866 -41.313268 
-8.627450 40.484329 7.730850 5.104560 45.324575 -9.436982 10.461674 89.554233 -49.176114 -39.906871 -250.408848 -33.597083 
-8.529982 41.408559 7.504353 6.505409 46.049359 -11.263562 9.559552 84.541646 -49.705633 -42.630733 -256.680637 -24.956013 
-8.422399 42.379511 7.235603 6.140457 46.221906 -13.276202 8.849208 79.283002 -50.087326 -45.525025 -262.676659 -15.215818 
-8.300400 43.280615 6.933591 9.222048 45.956765 -14.954195 7.855271 74.044850 -50.269728 -48.597433 -268.260289 -4.293877 
-8.120478 44.208345 6.587777 11.354674 47.796773 -17.373482 6.816626 68.575218 -50.226173 -51.725566 -273.247048 7.840020 
-7.950016 45.212834 6.181104 10.729525 49.461367 -19.731499 5.764366 63.029397 -49.880310 -54.970422 -277.414763 21.313299 
-7.745157 46.223806 5.720887 9.753497 51.023398 -22.192160 4.555022 57.505938 -49.317124 -58.288431 -280.430027 35.987187 
-7.532948 47.243549 5.210450 10.143367 51.994397 -24.712583 3.388381 51.769643 -48.419404 -61.588197 -281.858938 51.942369 
-7.385926 48.273205 4.637405 8.670782 50.074389 -27.169263 2.158064 46.174152 -47.152927 -64.808009 -281.309653 68.918923 
-7.218757 49.278265 3.999212 8.000578 48.427664 -30.221402 0.734464 40.572763 -45.544174 -67.741136 -278.572258 86.616063 
-7.084925 50.191888 3.306027 10.758928 44.899300 -32.215502 -0.583797 35.047125 -43.557680 -70.266737 -273.268283 104.514213 
-6.893418 51.088927 2.549198 12.313449 42.786349 -35.076864 -2.064250 29.669515 -41.185085 -72.321090 -265.335451 122.063067 
-6.662278 51.969158 1.727562 11.838465 43.086090 -36.838162 -3.597107 24.410956 -38.515845 -73.835266 -254.865193 138.526878 
-6.458028 52.785988 0.860191 12.372583 39.832590 -38.532523 -5.052929 19.581462 -35.444590 -74.597732 -242.319583 153.448858 
-6.248936 53.579451 -0.055327 11.090700 37.542769 -39.521270 -6.529602 14.912506 -32.119653 -74.734439 -227.959234 166.211653 
-6.012427 54.289910 -1.014017 10.816928 35.612443 -40.607950 -8.054135 10.590758 -28.578162 -74.235977 -212.566619 176.712256 
-5.833071 54.959890 -1.992240 10.003554 31.228169 -39.587648 -9.420228 6.503524 -24.860622 -73.148810 -196.679885 184.864176 
-5.595766 55.587598 -2.987644 10.034837 30.877363 -38.942139 -10.906504 2.893448 -20.977121 -71.690412 -180.620035 191.125459 
-5.469952 56.117466 -3.990509 10.181868 25.269814 -38.161608 -12.368062 -0.485517 -17.022210 -69.906375 -164.883824 195.494161 
-5.287605 56.626257 -5.017723 9.966501 23.450851 -36.980886 -13.767900 -3.608689 -13.030681 -67.979119 -149.635644 198.187539 
-5.098015 57.099519 -6.044648 8.239511 23.549209 -36.324203 -15.130042 -6.318757 -8.936685 -65.831536 -134.894862 199.527096 
-5.011182 57.558871 -7.071073 5.784431 16.842859 -35.349426 -16.409609 -8.749883 -4.892919 -63.557157 -120.858366 199.715428 
-4.865505 57.895251 -8.102159 5.414570 16.445678 -35.872662 -17.673852 -10.878671 -0.932293 -61.177038 -107.592991 198.877531 
-4.762136 58.201433 -9.132818 6.212707 13.039981 -37.178303 -18.814829 -12.831622 3.041824 -58.703276 -95.183149 197.190681 
-4.660960 58.474628 -10.132481 5.666403 11.894265 -38.351681 -19.907492 -14.493515 6.998437 -56.233707 -83.410840 194.715840 
-4.542992 58.735693 -11.107996 4.933682 11.091097 -40.286789 -21.009612 -16.104020 10.794883 -53.797707 -72.519949 191.629881 
-4.422902 58.946475 -12.031449 6.060871 11.601241 -40.399697 -22.122307 -17.299116 14.551292 -51.378904 -62.153761 188.006636 
-4.307417 59.175970 -12.911866 4.901588 11.501987 -40.696804 -23.046591 -18.480016 18.295517 -49.011196 -52.624592 184.075191 
-4.232341 59.379983 -13.756907 4.205256 10.123978 -40.596482 -24.080449 -19.377318 21.855530 -46.816115 -43.629215 179.747216 
-4.153262 59.533742 -14.558940 5.014363 9.656637 -40.323952 -24.961201 -20.171024 25.370508 -44.603765 -35.279995 175.244837 
-4.122532 59.789993 -15.327775 0.816697 6.849442 -38.987937 -25.826999 -20.710708 28.845198 -42.448288 -27.483408 170.517311 
-4.084121 59.898308 -16.063517 2.060164 5.902272 -38.395858 -26.574102 -21.160271 32.174891 -40.290850 -20.143629 165.678575 
-4.061874 60.020622 -16.750631 1.486306 4.466315 -36.754420 -27.304922 -21.437610 35.411634 -38.225168 -13.281995 160.785446 
-4.030766 60.118724 -17.433509 2.287465 3.814335 -35.642577 -27.970927 -21.742306 38.469115 -36.163886 -6.774100 155.818639 
-3.997484 60.222106 -18.073939 -0.013083 3.793201 -34.188278 -28.668486 -21.827974 41.428898 -34.186551 -0.670573 150.812729 
-3.951845 60.296663 -18.697768 0.757906 4.273577 -32.489112 -29.313794 -21.866793 44.285669 -32.333771 5.082071 145.832073 
-3.936574 60.373419 -19.292474 0.849154 4.399873 -31.279977 -29.920519 -21.738103 47.070737 -30.491812 10.491928 140.855922 
-3.916277 60.458695 -19.874096 -0.735909 3.826685 -29.771370 -30.587962 -21.432782 49.712948 -28.703004 15.621880 135.894733 
-3.931005 60.499415 -20.415648 -0.058768 2.778218 -28.427391 -31.208127 -21.168337 52.349066 -26.994365 20.440273 130.996351 
-3.930907 60.556700 -20.949496 -0.515226 2.796564 -27.091091 -31.728080 -20.750387 54.952900 -25.283600 24.978255 126.156496 
-3.947168 60.603157 -21.459733 -0.736136 1.706246 -25.414033 -32.187576 -20.214555 57.379854 -23.660818 29.308720 121.245400 
-3.964955 60.665876 -21.920644 -1.215304 2.001837 -23.564552 -32.608591 -19.585789 59.698198 -22.048321 33.471717 116.385405 
-3.965046 60.686509 -22.376294 -0.642586 2.660866 -22.455465 -33.012118 -18.900703 61.975460 -20.490583 37.395296 111.571218 
-3.984798 60.736088 -22.797647 -2.687829 2.460744 -21.314413 -33.293269 -18.117555 64.164206 -18.979914 41.149108 106.786636 
-4.022426 60.759129 -23.201779 -1.454277 0.954946 -19.535960 -33.702212 -17.294768 66.100558 -17.476577 44.780843 101.990309 
-4.066682 60.768126 -23.577777 -2.114334 0.653825 -18.779724 -34.038016 -16.413878 67.999735 -16.015496 48.220890 97.315504 
-4.087389 60.783152 -23.940349 -2.197687 0.762388 -17.518584 -34.349165 -15.412025 69.891152 -14.565417 51.521561 92.603373 
-4.156929 60.755030 -24.285553 -1.433787 -0.706218 -16.416301 -34.669887 -14.388141 71.603000 -13.133045 54.708287 87.905982 
-4.179990 60.772319 -24.620893 -2.185293 1.066064 -15.686152 -34.968175 -13.224056 73.235765 -11.726881 57.739217 83.226700 
-4.220252 60.753760 -24.932021 -1.979543 -0.253359 -15.366035 -35.172040 -12.172676 74.887563 -10.406045 60.678116 78.566659 
-4.256073 60.755891 -25.238447 -1.851987 0.421951 -14.661803 -35.292274 -10.896945 76.351197 -9.089471 63.518685 73.958428 
-4.276069 60.781876 -25.523184 -3.238691 2.227631 -14.170776 -35.572249 -9.687261 77.698903 -7.806853 66.203219 69.419851 
-4.408484 60.570995 -25.916187 18.727944 -4.890227 -13.046394 -35.628352 -8.298810 78.981215 -6.513815 68.807146 64.876321 
